000000000000000000000000000000000000000000000000000000000000000000000000000000000000000000000000000000000000000000000000000000000000000000000000000000000000000000000000000000000000000000000000
000000000000000000000000000000000000000000000000000000000000000000000000000000000000000000000000000000000000000000000000000000000000000000000000000000000000000000000000000000000000000000000000
000000000000000000000000000000000000000000000000000000000000000000000000000000000000000000000000000000000000000000000000000000000000000000000000000000000000000000000000000000000000000000000000
000000000000000000000000000000000000000000000000000000000000000000000000000000000000000000000000000000000000000000000000000000000000000000000000000000000000000000000000000000000000000000000000
000000000000000000000000000000000000000000000000000000000000000000000000000000000000000000000000000000000000000000000000000000000000000000000000000000000000000000000000000000000000000000000000
000000000000000000000000000000000000000000000000000000000000000000000000000000000000000000000000000000000000000000000000000000000000000000000000000000000000000000000000000000000000000000000000
000000000000000000000000000000000000000000000000000000000000000000000000000000000000000000000000000000000000000000000000000000000000000000000000000000000000000000000000000000000000000000000000
000000000000000000000000000000000000000000000000000000000000000000000000000000000000000000000000000000000000000000000000000000000000000000000000000000000000000000000000000000000000000000000000
000000000000000000000000000000000000000000000000000000000000000000000000000000000000000000000000000000000000000000000000000000000000000000000000000000000000000000000000000000000000000000000000
000000000000000000000000000000000000000000000000000000000000000000000000000000000000000000000000000000000000000000000000000000000000000000000000000000000000000000000000000000000000000000000000
000000000000000000000000000000000000000000000000000000000000000000000000000000000000000000000000000000000000000000000000000000000000000000000000000000000000000000000000000000000000000000000000
000000000000000000000000000000000000000000000000000000000000000000000000000000000000000000000000000000000000000000000000000000000000000000000000000000000000000000000000000000000000000000000000
000000000000000000000000000000000000000000000000000000000000000000000000000000000000000000000000000000000000000000000000000000000000000000000000000000000000000000000000000000000000000000000000
000000000000000000000000000000000000000000000000000000000000000000000000000000000000000000000000000000000000000000000000000000000000000000000000000000000000000000000000000000000000000000000000
000000000000000000000000000000000000000000000000000000000000000000000000000000000000000000000000000000000000000000000000000000000000000000000000000000000000000000000000000000000000000000000000
000000000000000000000000000000000000000000000000000000000000000000000000000000000000000000000000000000000000000000000000000000000000000000000000000000000000000000000000000000000000000000000000
000000000000000000000000000000000000000000000000000000000000000000000000000000000000000000000000000000000000000000000000000000000000000000000000000000000000000000000000000000000000000000000000
000000000000000000000000000000000000000000000000000000000000000000000000000000000000000000000000000000000000000000000000000000000000000000000000000000000000000000000000000000000000000000000000
000000000000000000000000000000000000000000000000000000000000000000000000000000000000000000000000000000000000000000000000000000000000000000000000000000000000000000000000000000000000000000000000
000000000000000000000000000000000000000000000000000000000000000000000000000000000000000000000000000000000000000000000000000000000000000000000000000000000000000000000000000000000000000000000000
000000000000000000000000000000000000000000000000000000000000000000000000000000000000000000000000000000000000000000000000000000000000000000000000000000000000000000000000000000000000000000000000
000000000000000000000000000000000000000000000000000000000000000000000000000000000000000000000000000000000000000000000000000000000000000000000000000000000000000000000000000000000000000000000000
000000000000000000000000000000000000000000000000000000000000000000000000000000000000000000000000000000000000000000000000000000000000000000000000000000000000000000000000000000000000000000000000
000000000000000000000000000000000000000000000000000000000000000000000000000000000000000000000000000000000000000000000000000000000000000000000000000000000000000000000000000000000000000000000000
000000000000000000000000000000000000000000000000000000000000000000000000000000000000000000000000000000000000000000000000000000000000000000000000000000000000000000000000000000000000000000000000
000000000000000000000000000000000000000000000000000000000000000000000000000000000000000000000000000000000000000000000000000000000000000000000000000000000000000000000000000000000000000000000000
000000000000000000000000000000000000000000000000000000000000000000000000000000000000000000000000000000000000000000000000000000000000000000000000000000000000000000000000000000000000000000000000
000000000000000000000000000000000000000000000000000000000000000000000000000000000000000000000000000000000000000000000000000000000000000000000000000000000000000000000000000000000000000000000000
000000000000000000000000000000000000000000000000000000000000000000000000000000000000000000000000000000000000000000000000000000000000000000000000000000000000000000000000000000000000000000000000
000000000000000000000000000000000000000000000000000000000000000000000000000000000000000000000000000000000000000000000000000000000000000000000000000000000000000000000000000000000000000000000000
000000000000000000000000000000000000000000000000000000000000000000000000000000000000000000000000000000000000000000000000000000000000000000000000000000000000000000000000000000000000000000000000
000000000000000000000000000000000000000000000000000000000000000000000000000000000000000000000000000000000000000000000000000000000000000000000000000000000000000000000000000000000000000000000000
000000000000000000000000000000000000000000000000000000000000000000000000000000000000000000000000000000000000000000000000000000000000000000000000000000000000000000000000000000000000000000000000
000000000000000000000000000000000000000000000000000000000000000000000000000000000000000000000000000000000000000000000000000000000000000000000000000000000000000000000000000000000000000000000000
000000000000000000000000000000000000000000000000000000000000000000000000000000000000000000000000000000000000000000000000000000000000000000000000000000000000000000000000000000000000000000000000
000000000000000000000000000000000000000000000000000000000000000000000000000000000000000000000000000000000000000000000000000000000000000000000000000000000000000000000000000000000000000000000000
000000000000000000000000000000000000000000000000000000000000000000000000000000000000000000000000000000000000000000000000000000000000000000000000000000000000000000000000000000000000000000000000
000000000000000000000000000000000000000000000000000000000000000000000000000000000000000000000000000000000000000000000000000000000000000000000000000000000000000000000000000000000000000000000000
000000000000000000000000000000000000000000000000000000000000000000000000000000000000000000000000000000000000000000000000000000000000000000000000000000000000000000000000000000000000000000000000
000000000000000000000000000000000000000000000000000000000000000000000000000000000000000000000000000000000000000000000000000000000000000000000000000000000000000000000000000000000000000000000000
000000000000000000000000000000000000000000000000000000000000000000000000000000000000000000000000000000000000000000000000000000000000000000000000000000000000000000000000000000000000000000000000
000000000000000000000000000000000000000000000000000000000000000000000000000000000000000000000000000000000000000000000000000000000000000000000000000000000000000000000000000000000000000000000000
000000000000000000000000000000000000000000000000000000000000000000000000000000000000000000000000000000000000000000000000000000000000000000000000000000000000000000000000000000000000000000000000
000000000000000000000000000000000000000000000000000000000000000000000000000000000000000000000000000000000000000000000000000000000000000000000000000000000000000000000000000000000000000000000000
000000000000000000000000000000000000000000000000000000000000000000000000000000000000000000000000000000000000000000000000000000000000000000000000000000000000000000000000000000000000000000000000
000000000000000000000000000000000000000000000000000000000000000000000000000000000000000000000000000000000000000000000000000000000000000000000000000000000000000000000000000000000000000000000000
000000000000000000000000000000000000000000000000000000000000000000000000000000000000000000000000000000000000000000000000000000000000000000000000000000000000000000000000000000000000000000000000
000000000000000000000000000000000000000000000000000000000000000000000000000000000000000000000000000000000000000000000000000000000000000000000000000000000000000000000000000000000000000000000000
000000000000000000000000000000000000000000000000000000000000000000000000000000000000000000000000000000000000000000000000000000000000000000000000000000000000000000000000000000000000000000000000
000000000000000000000000000000000000000000000000000000000000000000000000000000000000000000000000000000000000000000000000000000000000000000000000000000000000000000000000000000000000000000000000
000000000000000000000000000000000000000000000000000000000000000000000000000000000000000000000000000000000000000000000000000000000000000000000000000000000000000000000000000000000000000000000000
000000000000000000000000000000000000000000000000000000000000000000000000000000000000000000000000000000000000000000000000000000000000000000000000000000000000000000000000000000000000000000000000
000000000000000000000000000000000000000000000000000000000000000000000000000000000000000000000000000000000000000000000000000000000000000000000000000000000000000000000000000000000000000000000000
000000000000000000000000000000000000000000000000000000000000000000000000000000000000000000000000000000000000000000000000000000000000000000000000000000000000000000000000000000000000000000000000
000000000000000000000000000000000000000000000000000000000000000000000000000000000000000000000000000000000000000000000000000000000000000000000000000000000000000000000000000000000000000000000000
000000000000000000000000000000000000000000000000000000000000000000000000000000000000000000000000000000000000000000000000000000000000000000000000000000000000000000000000000000000000000000000000
000000000000000000000000000000000000000000000000000000000000000000000000000000000000000000000000000000000000000000000000000000000000000000000000000000000000000000000000000000000000000000000000
000000000000000000000000000000000000000000000000000000000000000000000000000000000000000000000000000000000000000000000000000000000000000000000000000000000000000000000000000000000000000000000000
000000000000000000000000000000000000000000000000000000000000000000000000000000000000000000000000000000000000000000000000000000000000000000000000000000000000000000000000000000000000000000000000
000000000000000000000000000000000000000000000000000000000000000000000000000000000000000000000000000000000000000000000000000000000000000000000000000000000000000000000000000000000000000000000000
000000000000000000000000000000000000000000000000000000000000000000000000000000000000000000000000000000000000000000000000000000000000000000000000000000000000000000000000000000000000000000000000
000000000000000000000000000000000000000000000000000000000000000000000000000000000000000000000000000000000000000000000000000000000000000000000000000000000000000000000000000000000000000000000000
000000000000000000000000000000000000000000000000000000000000000000000000000000000000000000000000000000000000000000000000000000000000000000000000000000000000000000000000000000000000000000000000
000000000000000000000000000000000000000000000000000000000000000000000000000000000000000000000000000000000000000000000000000000000000000000000000000000000000000000000000000000000000000000000000
000000000000000000000000000000000000000000000000000000000000000000000000000000000000000000000000000000000000000000000000000000000000000000000000000000000000000000000000000000000000000000000000
000000000000000000000000000000000000000000000000000000000000000000000000000000000000000000000000000000000000000000000000000000000000000000000000000000000000000000000000000000000000000000000000
000000000000000000000000000000000000000000000000000000000000000000000000000000000000000000000000000000000000000000000000000000000000000000000000000000000000000000000000000000000000000000000000
000000000000000000000000000000000000000000000000000000000000000000000000000000000000000000000000000000000000000000000000000000000000000000000000000000000000000000000000000000000000000000000000
000000000000000000000000000000000000000000000000000000000000000000000000000000000000000000000000000000000000000000000000000000000000000000000000000000000000000000000000000000000000000000000000
000000000000000000000000000000000000000000000000000000000000000000000000000000000000000000000000000000000000000000000000000000000000000000000000000000000000000000000000000000000000000000000000
000000000000000000000000000000000000000000000000000000000000000000000000000000000000000000000000000000000000000000000000000000000000000000000000000000000000000000000000000000000000000000000000
000000000000000000000000000000000000000000000000000000000000000000000000000000000000000000000000000000000000000000000000000000000000000000000000000000000000000000000000000000000000000000000000
000000000000000000000000000000000000000000000000000000000000000000000000000000000000000000000000000000000000000000000000000000000000000000000000000000000000000000000000000000000000000000000000
000000000000000000000000000000000000000000000000000000000000000000000000000000000000000000000000000000000000000000000000000000000000000000000000000000000000000000000000000000000000000000000000
000000000000000000000000000000000000000000000000000000000000000000000000000000000000000000000000000000000000000000000000000000000000000000000000000000000000000000000000000000000000000000000000
000000000000000000000000000000000000000000000000000000000000000000000000000000000000000000000000000000000000000000000000000000000000000000000000000000000000000000000000000000000000000000000000
000000000000000000000000000000000000000000000000000000000000000000000000000000000000000000000000000000000000000000000000000000000000000000000000000000000000000000000000000000000000000000000000
000000000000000000000000000000000000000000000000000000000000000000000000000000000000000000000000000000000000000000000000000000000000000000000000000000000000000000000000000000000000000000000000
000000000000000000000000000000000000000000000000000000000000000000000000000000000000000000000000000000000000000000000000000000000000000000000000000000000000000000000000000000000000000000000000
000000000000000000000000000000000000000000000000000000000000000000000000000000000000000000000000000000000000000000000000000000000000000000000000000000000000000000000000000000000000000000000000
000000000000000000000000000000000000000000000000000000000000000000000000000000000000000000000000000000000000000000000000000000000000000000000000000000000000000000000000000000000000000000000000
000000000000000000000000000000000000000000000000000000000000000000000000000000000000000000000000000000000000000000000000000000000000000000000000000000000000000000000000000000000000000000000000
000000000000000000000000000000000000000000000000000000000000000000000000000000000000000000000000000000000000000000000000000000000000000000000000000000000000000000000000000000000000000000000000
000000000000000000000000000000000000000000000000000000000000000000000000000000000000000000000000000000000000000000000000000000000000000000000000000000000000000000000000000000000000000000000000
000000000000000000000000000000000000000000000000000000000000000000000000000000000000000000000000000000000000000000000000000000000000000000000000000000000000000000000000000000000000000000000000
000000000000000000000000000000000000000000000000000000000000000000000000000000000000000000000000000000000000000000000000000000000000000000000000000000000000000000000000000000000000000000000000
000000000000000000000000000000000000000000000000000000000000000000000000000000000000000000000000000000000000000000000000000000000000000000000000000000000000000000000000000000000000000000000000
000000000000000000000000000000000000000000000000000000000000000000000000000000000000000000000000000000000000000000000000000000000000000000000000000000000000000000000000000000000000000000000000
000000000000000000000000000000000000000000000000000000000000000000000000000000000000000000000000000000000000000000000000000000000000000000000000000000000000000000000000000000000000000000000000
000000000000000000000000000000000000000000000000000000000000000000000000000000000000000000000000000000000000000000000000000000000000000000000000000000000000000000000000000000000000000000000000
000000000000000000000000000000000000000000000000000000000000000000000000000000000000000000000000000000000000000000000000000000000000000000000000000000000000000000000000000000000000000000000000
000000000000000000000000000000000000000000000000000000000000000000000000000000000000000000000000000000000000000000000000000000000000000000000000000000000000000000000000000000000000000000000000
000000000000000000000000000000000000000000000000000000000000000000000000000000000000000000000000000000000000000000000000000000000000000000000000000000000000000000000000000000000000000000000000
000000000000000000000000000000000000000000000000000000000000000000000000000000000000000000000000000000000000000000000000000000000000000000000000000000000000000000000000000000000000000000000000
000000000000000000000000000000000000000000000000000000000000000000000000000000000000000000000000000000000000000000000000000000000000000000000000000000000000000000000000000000000000000000000000
000000000000000000000000000000000000000000000000000000000000000000000000000000000000000000000000000000000000000000000000000000000000000000000000000000000000000000000000000000000000000000000000
000000000000000000000000000000000000000000000000000000000000000000000000000000000000000000000000000000000000000000000000000000000000000000000000000000000000000000000000000000000000000000000000
000000000000000000000000000000000000000000000000000000000000000000000000000000000000000000000000000000000000000000000000000000000000000000000000000000000000000000000000000000000000000000000000
000000000000000000000000000000000000000000000000000000000000000000000000000000000000000000000000000000000000000000000000000000000000000000000000000000000000000000000000000000000000000000000000
000000000000000000000000000000000000000000000000000000000000000000000000000000000000000000000000000000000000000000000000000000000000000000000000000000000000000000000000000000000000000000000000
000000000000000000000000000000000000000000000000000000000000000000000000000000000000000000000000000000000000000000000000000000000000000000000000000000000000000000000000000000000000000000000000
000000000000000000000000000000000000000000000000000000000000000000000000000000000000000000000000000000000000000000000000000000000000000000000000000000000000000000000000000000000000000000000000
000000000000000000000000000000000000000000000000000000000000000000000000000000000000000000000000000000000000000000000000000000000000000000000000000000000000000000000000000000000000000000000000
000000000000000000000000000000000000000000000000000000000000000000000000000000000000000000000000000000000000000000000000000000000000000000000000000000000000000000000000000000000000000000000000
000000000000000000000000000000000000000000000000000000000000000000000000000000000000000000000000000000000000000000000000000000000000000000000000000000000000000000000000000000000000000000000000
000000000000000000000000000000000000000000000000000000000000000000000000000000000000000000000000000000000000000000000000000000000000000000000000000000000000000000000000000000000000000000000000
000000000000000000000000000000000000000000000000000000000000000000000000000000000000000000000000000000000000000000000000000000000000000000000000000000000000000000000000000000000000000000000000
000000000000000000000000000000000000000000000000000000000000000000000000000000000000000000000000000000000000000000000000000000000000000000000000000000000000000000111110000000000000000000000000
000000000000000000000000000000000000000000000000000000000000000000000000000000000000000000000000000000000000000000000000000000000000000000000000000000000000000000000000000000000000000000000000
000000000000000000000000000000000000000000000000000000000000000000000000000000000000000000000000000000000000000000000000000000000000000000000000000000000000000000000010000000000000000000000000
000000000000000000000000000000000000000000000000000000000000000000000000000000000000000000000000000000000000000000000000000000000000000000000000000000000000000000111101000000000000000000000000
000000000000000000000000000000000000000000000000000000000000000000000000000000000000000000000000000000000000000000000000000000000000000000000000000000000000000000111101000000000000000000000000
000000000000000000000000000000000000000000000000000000000000000000000000000000000000000000000000000000000000000000000000000000000000000000000000000000000000000000111110000000000000000000000000
000000000000000000000000000000000000000000000000000000000000000000000000000000000000000000000000000000000000000000000000000000000000000000000000000000000000000000000000000000000000000000000000
000000000000000000000000000000000000000000000000000000000000000000000000000000000000000000000000000000000000000000000000000000000000000000000000000000000000000000000001000000000000000000000000
000000000000000000000000000000000000000000000000000000000000000000000000000000000000000000000000000000000000000000000000000000000000000000000000000000000000000000111111000000000000000000000000
000000000000000000000000000000000000000000000000000000000000000000000000000000000000000000000000000000000000000000000000000000000000000000000000000000000000000000000000000000000000000000000000
000000000000000000000000000000000000000000000000000000000000000000000000000000000000000000000000000000000000000000000000000000000000000000000000000000000000000000000000000000000000000000000000
000000000000000000000000000000000000000000000000000000000000000000000000000000000000000000000000000000000000000000000000000000000000000000000000000000000000000000000000000000000000000000000000
000000000000000000000000000000000000000000000000000000000000000000000000000000000000000000000000000000000000000000000000000000000000000000000000000000000000000000000010000000000000000000000000
000000000000000000000000000000000000000000000000000000000000000000000000000000000000000000000000000000000000000000000000000000000000000000000000000000000000000000000010000000000000000000000000
000000000000000000000000000000000000000000000000000000000000000000000000000000000000000000000000000000000000000000000000000000000000000000000000000000000000000000000010000000000000000000000000
000000000000000000000000000000000000000000000000000000000000000000000000000000000000000000000000000000000000000000000000000000000000000000000000000000000000000000000011000000000000000000000000
000000000000000000000000000000000000000000000000000000000000000000000000000000000000000000000000000000000000000000000000000000000000000000000000000000000000000000111101000000000000000000000000
000000000000000000000000000000000000000000000000000000000000000000000000000000000000000000000000000000000000000000000000000000000000000000000000000000000000000000000000000000000000000000000000
000000000000000000000000000000000000000000000000000000000000000000000000000000000000000000000000000000000000000000000000000000000000000000000000000000000000000000000000000000000000000000000000
000000000000000000000000000000000000000000000000000000000000000000000000000000000000000000000000000000000000000000000000000000000000000000000000000000000000000000000011000000000000000000000000
000000000000000000000000000000000000000000000000000000000000000000000000000000000000000000000000000000000000000000000000000000000000000000000000000000000000000000000000000000000000000000000000
000000000000000000000000000000000000000000000000000000000000000000000000000000000000000000000000000000000000000000000000000000000000000000000000000000000000000000111101000000000000000000000000
000000000000000000000000000000000000000000000000000000000000000000000000000000000000000000000000000000000000000000000000000000000000000000000000000000000000000000000001000000000000000000000000
000000000000000000000000000000000000000000000000000000000000000000000000000000000000000000000000000000000000000000000000000000000000000000000000000000000000000000000000000000000000000000000000
000000000000000000000000000000000000000000000000000000000000000000000000000000000000000000000000000000000000000000000000000000000000000000000000000000000000000000000000000000000000000000000000
000000000000000000000000000000000000000000000000000000000000000000000000000000000000000000000000000000000000000000000000000000000000000000000000000000000000000000111111000000000000000000000000
000000000000000000000000000000000000000000000000000000000000000000000000000000000000000000000000000000000000000000000000000000000000000000000000000000000000000000000000000000000000000000000000
000000000000000000000000000000000000000000000000000000000000000000000000000000000000000000000000000000000000000000000000000000000000000000000000000000000000000000000011000000000000000000000000
000000000000000000000000000000000000000000000000000000000000000000000000000000000000000000000000000000000000000000000000000000000000000000000000000000000000000000000011000000000000000000000000
000000000000000000000000000000000000000000000000000000000000000000000000000000000000000000000000000000000000000000000000000000000000000000000000000000000000000000000000000000000000000000000000
000000000000000000000000000000000000000000000000000000000000000000000000000000000000000000000000000000000000000000000000000000000000000000000000000000000000000000000000000000000000000000000000
000000000000000000000000000000000000000000000000000000000000000000000000000000000000000000000000000000000000000000000000000000000000000000000000000000000000000000000011000000000000000000000000
000000000000000000000000000000000000000000000000000000000000000000000000000000000000000000000000000000000000000000000000000000000000000000000000000000000000000000000011000000000000000000000000
111110000000000000000000000000000000000000000000000000000000000000000000000000000000000000000000000000000000000000000000000000000000000000000000000000000000000000000010000000000000000000000000
000000000000000000000000000000000000000000000000000000000000000000000000000000000000000000000000000000000000000000000000000000000000000000000000000000000000000000000000000000000000000000000000
000010000000000000000000000000000000000000000000000000000000000000000000000000000000000000000000000000000000000000000000000000000000000000000000000000000000000000111101000000000000000000000000
111101000000000000000000000000000000000000000000000000000000000000000000000000000000000000000000000000000000000000000000000000000000000000000000000000000000000000111101000000000000000000000000
111100000000000000000000000000000000000000000000000000000000000000000000000000000000000000000000000000000000000000000000000000000000000000000000000000000000000000000000000000000000000000000000
111110000000000000000000000000000000000000000000000000000000000000000000000000000000000000000000000000000000000000000000000000000000000000000000000000000000000000111111000000000000000000000000
000000000000000000000000000000000000000000000000000000000000000000000000000000000000000000000000000000000000000000000000000000000000000000000000000000000000000000000011000000000000000000000000
000001000000000000000000000000000000000000000000000000000000000000000000000000000000000000000000000000000000000000000000000000000000000000000000000000000000000001000000000000000000000000000000
111111000000000000000000000000000000000000000000000000000000000000000000000000000000000000000000000000000000000000000000000000000000000000000000000000000000000000000000000000000000000000000000
000000000000000000000000000000000000000000000000000000000000000000000000000000000000000000000000000000000000000000000000000000000000000000000000000000000000111110000000000000000000000000000000
000000000000000000000000000000000000000000000000000000000000000000000000000000000000000000000000000000000000000000000010000000000000000000000000000000000000111110000000000000000000000000000000
000000000000000000000000000000000000000000000000000000000000000000000000000000000000000000000000000000000000000000111111000000000000000000000000000000000000111101000000000000000000000000000000
000010000000000000000000000000000000000000000000000000000000000000000000000000000000000000000000000000000000000000111110000000000000000000000000000000000000111110000000000000000000000000000000
111110000000000000000000000000000000000000000000000000000000000000000000000000000000000000000000000000000000000000111101000000000000000000000000000000000000000000000000000000000000000000000000
111110000000000000000000000000000000000000000000000000000000000000000000000000000000000000000000000000000000000000000011000000000000000000000000000000000000111110000000000000000000000000000000
111101000000000000000000000000000000000000000000000000000000000000000000000000000000000000000000000000000000000000000010000000000000000000000000000000000000111101000000000000000000000000000000
111101000000000000000000000000000000000000000000000000000000000000000000000000000000000000000000000000000000000000000000000000000000000000000000000000000000000001000000000000000000000000000000
000000000000000000000000000000000000000000000000000000000000000000000000000000000000000000000000000000000000000000111111000000000000000000000000000000000000000000000000000000000000000000000000
000000000000000000000000000000000000000000000000000000000000000000000000000000000000000000000000000000111110000000000001000000000000000000000000000000000000000000000000000000000000000000000000
111101000000000000000000000000000000000000000000000000000000000000000000000000000000000000000000000000000000000000000000000000000000000000000000000000000000111110000000000000000000000000000000
000000000000000000000000000000000000000000000000000000000000000000000000000000000000000000000000000000000010000000000000000000000000000000000000000000000000111110000000000000000000000000000000
000011000000000000000000000000000000000000000000000000000000000000000000000000000000000000000000000000111101000000000000000000000000000000000000000000000000000000000000000000000000000000000000
111111000000000000000000000000000000000000000000000000000000000000000000000000000000000000000000000000111101000000000010000000000000000000000000000000000000000000000000000000000000000000000000
000000000000000000000000000000000000000000000000000000000000000000000000000000000000000000000000000000000010000000111110000000000000000000000000000000000000111111000000000000000000000000000000
000000000000000000000000000000000000000000000000000000000000000000000000111110000000000000000000000000000000000000000010000000000000000000000000000000000000000000000000000000000000000000000000
111111000000000000000000000000000000000000000000000000000000000000000000000000000000000000000000000000111111000000111101000000000000000000000000000000000000000000000000000000000000000000000000
000000000000000000000000000000000000000000000000000000000000000000000000000010000000000000000000000000000001000000111101000000000000000000000000000000000000000000000000000000000000000000000000
111101000000000000000000000000000000000000000000000000000000000000000000000011000000000000000000000000000000000000000000000000000000000000000000000000000000000001000000000000000000000000000000
111101000000000000000000000000000000000000000000000000000000000000000000000011000000000000000000000000000000000000000000000000000000000000000000000000000000000000000000000000000000000000000000
000000000000000010000000000000000000000000000000000000000000000000000000000010000000000000000000000000000000000000111101000000000000000000000000000000000000111101000000000000000000000000000000
000000000000000000000000000000000000000000000000000000000000000000000000000000000000000000000000000000000010000000000000000000000000000000000000000000000000000000000000000000000000000000000000
000011000000000010000000000000000000000000000000000000000000000000000000000001000000000000000000000000000010000000000011000000000000000000000000000000000000000000000000000000000000000000000000
111101000000111101000000000000000000000000000000000000000000000000000000000011000000000000000000000000000010000000000001000000000000000000000000000000000000111101000000000000000000000000000000
000010000000111101000000000000000000000000000000000000000000000000000000000000000000000000000000000000000011000000000000000000000000000000000000000000000000000000000000000000000000000000000000
000000000000111110000000000000000000000000000000000000000000000000000000000000000000000000000000000000111101000000000000000000000000000000000000000000000000111101000000000000000000000000000000
111101000000000000000000000000000000000000000000000000000000000000000000000000000000000000000000000000000000000000000001000000000000000000000000000000000000111111000000000000000000000000000000
000011000000000001000000000000000000000000000000000000000000000000000000111110000000000000000000000000000000000000000000000000000000000000000000000000000000000011000000000000000000000000000000
000000000000000001000000000000000000000000000000000000000000000000000000000010000000000000000000000000111101000000111101000000000000000000000000000000000000000000000000000000000000000000000000
111111000000000000000000000000000000000000000000000000000000000000000000000010000000000000000000000000000000000000000011000000000000000000000000000000000000000000000000000000000000000000000000
000011000000000000000000000000000000000000000000000000000000000000000000000011000000000000000000000000000011000000000000000000000000000000000000000000000000111111000000000000000000000000000000
111111000000000000000000000000000000000000000000000000000000000000000000000011000000000000000000000000000001000000000000000000000000000000000000000000000000000011000000000000000000000000000000
000000000000111110000000000000000000000000000000000000000000000000000000000000000000000000000000000000000000000000111101000000000000000000000000000000000000000000000000111110000000000000000000
111110000000111110000000000000000000000000000000000000000000000000000000000000000000000000000000000000000000000000000011000000000000000000000000000000000000111110000000000000000000000000000000
111110000000111110000000000000000000000000000000000000000000000000000000111101000000000000000000000000111111000000000010000000000000000000000000000000000000111110000000000010000000000000000000
111101000000000011000000000000000000000000000000000000000000000000000000000000000000000000000000000000000000000000000000000000000000000000000000000000000000000011000000111101000000000000000000
111110000000000011000000000000000000000000000000000000000000000000000000111101000000000000000000000000111101000000111101000000000000000000000000000000000000111110000000000011000000000000000000
000000000000000000000000000000000000000000000000000000000000000000000000111111000000000000000000000000111101000000000011000000000000000000000000000000000000000001000000000010000000000000000000
000010000000000000000000000000000000000000000000000000000000000000000000000000000000000000000000000000000000000000000000000000000000000000000000000000000000000000000000000000000000000000000000
000011000000000011000000000000000000000000000000000000000000000000000000000000000000000000000000000000000000000000111111000000000000000000000000000000000000111110000000000001000000000000000000
000001000000000000000000000000000000000000000000000000000000000000000000111111000000000000000000000000000011000000111101000000000000000000000000000000000000000000000000111111000000000000000000
000000000000111101000000000000000000000000000000000000000000000000000000000000000000000000000000000000111101000000111111000000000000000000000000000000000000111110000000000000000000000000000000
000000000000111111000000000000000000000000000000000000000000000000000000111101000000000000000000000000111110000000000000000000000000000000000000000000000000000000000000000000000000000000000000
111110000000000000000000000000000000000000000000000000000000000000000000000011000000000000000000000000000000000000111110000000000000000000000000000000000000000010000000000000000000000000000000
000010000000000000000000000000000000000000000000000000000000000000000000000000000000000000000000000000000011000000000010000000000000000000000000000000000000000011000000111110000000000000000000
000000000000000001000000000000000000000000000000000000000000000000000000000000000000000000000000000000111101000000111101000000000000000000000000000000000000111111000000000010000000000000000000
000000000000000000000000000000000000000000000000000000000000000000000000111101000000000000000000000000000000000000000011000000000000000000000000000000000000000000000000000010000000000000000000
111111000000000011000000000000000000000000000000000000000000000000000000000011000000000000000000000000111111000000000000000000000000000000111110000000000000111110000000111101000000000000000000
000000000000000011000000000000000000000000000000000000000000000000000000000010000000000000000000000000111101000000111110000000000000000000000000000000000000000000000000111101000000000000000000
000000000000000000000000000000000000000000000000000000000000000000000000000000000000000000000000000000111111000000000011000000000000000000111110000000000000000011000000000000000000000000000000
000000000000000000000000000000000000000000000000000000000000000000000000000011000000000000000000000000000000000000111111000000000000000000000011000000000000000010000000000000000000000000000000
000001000000000011000000000000000000000000000000000000000000000000111110111101000000000000000000000000111110000000000000000000000000000000000011000000000000000000000000000011000000000000000000
000000000000111101000000000000000000000000000000000000000000000000000000000000000000000000000000000000111110000000000000000000000000000000111110000000000000000000000000000000000000000000000000
000011000000111110000000000000000000000000000000000000000000000000000010000001000000000000000000000000111101000000000010000000000000000000000000000000000000000000000000111101000000000000000000
000000000000000000000000000000000000000000000000000000000000000000000011111101000000000000000000000000000010000000000010000000000000000000111111000000000000111110000000111111000000000000000000
000000000000111101000000000000000000000000000000000000000000000000000011000001000000000000000000000000000000000000000000000000000000000000000001000000000000000000000000000000000000000000000000
000011000000000011000000000000000000000000000000000000000000000000000010000000000000000000000000000000000010000000000000000000000000000000000000000000000000000001000000000000000000000000000000
000000000000000000000000000000000000000000000000000000111110000000000000000010000000000000000000000000000011000000000001000000000000000000000000000000000000111111000000111111000000000000000000
000011000000000001000000000000000000000000000000000000000000000000111111000010000000000000000000000000111111000000000001000000000000000000000000000000000000000011000000000000000000000000000000
111111000000000011000000000000000000000000000000000000000010000000000001111101000000000000000000000000000000000000000000000000000000000000111110000000000000000000000000111101000000000000000000
000011000000111111000000000000000000000000000000000000111101000000000000111110000000000000000000000000000000000000000000000000000000000000111110000000000000000010000000111101000000000000000000
000000000000000000000000000000000000000000000000000000000011000000000000000000000000000000000000000000000010111111000000000000000000000000000010000000000000000001000000000000000000000000000000
000000000000000010000000000000000000000000000000000000000010000000000000000010000000000000000000000000000011000000000000000000000000000000000011000000000000000010000000000000000000000000000000
000001000000111110000000000000000000000000000000000000000000000000000010000011000000000000000000000000000000111101000000000000000000000000000011000000000000000011000000000011000000000000000000
000011000000000011000000000000000000000000000000000000111111000000111110000001000000000000000000000000000000000000000000000000000000000000000000000000000000000001000000000011000000000000000000
000000000000000010000000000000000000000000000000000000111111000000111110000000000000000000000000000000000001000000000000000000000000000000000000000000000000111111000000000010000000000000000000
000001000000000000000000000000000000000000000000000000000000000000111101000000000000000000000000000000000000000011000000000000000000000000000011000000000000000001000000000000000000000000000000
111101000000111110000000000000000000000000000000000000000000000000111101111110000000000000000000000000000000000000000000000000000000000000000000000000000000000011000000111101000000000000000000
000011000000000011000000000000000000000000000000000000000000000000000000000010000000000000000000000000000000000011000000000000000000000000000011000000000000111101000000111101000000000000000000
000010000000111111000000000000000000000000000000000000000010000000000000000000000000000000000000000000111111000001000000000000000000000000000001000000000000000001000000000000000000000000000000
000001000000000000000000000000000000000000000010000000000010000000000011000000000000000000000000000000000000000011000000000000000000000000000000000000000000000000000000000001000000000000000000
000000000000000000000000000000000000000000000000000000000010000000000000111111000000000000000000000000111101000000000000000000000000000000000000000000000000111110000000111101000000000000000000
111110000000111110000000000000000000000000111110000000000011000000111101000000000000000000000000000000000000000000000000000000000000000000000001000000000000000010000000111111000000000000000000
000000000000111110000000000000000000000000000011000000111101000000000001000000000000000000000000000000000000111111000000000000000000000000000000000000000000111111000000000000000000000000000000
111110000000111111000000000000000000000000111101000000000000000000000000000000000000000000000000000000111101000011000000000000000000000000111101000000000000111110000000111110000000000000111110
000000000000000000000000000000000000000000111110000000000000000000000000000001000000000000000000000000000000000000000000000000000000000000111101000000000010000011000000000010000000000000000000
111110000000111111000000000000000000000000000000000000000011000000111111000000000000000000000000000000111101111111000000000000000000000000000000000000000000000000000000111101000000000000000011
111101000000000000000000000000000000000000000001000000000000000000000000000011000000000000000000000000111111111110000000000000000000000000000000000000111110000000000000000010000000000000111101
111111000000000000000000000000000000000000111111000000111101000000000011000000000000000000000000000000000011000011000000000000000000000000111101000000000011000000000000000000000000000000111101
000000000000000000000000000000000000000000000000000000000001000000111101000000000000000000000000000000000000111110000000000000000000000000000011000000000011111111000000000010000000000000000010
111110000000000001000000000000000000000000000000000000000000000000000000111101000000000000000000000000000000000001000000000010000000000000111110000000000010000010000000111101000000000000000000
000000000000000000000000000000000000000000000000000000000000000000000000000000000000000000000000000000000001000000000000000000000000000000000000000000000011000011000000111111000000000000000001
111101000000000011000000000000000000000000111110000000000001111101000000000011000000000000000000000000000011111110000000000010000000000000111101000000111111000010000000000000000000000000000001
111110000000000000000000000000000000000000111110000000000000000011000000000001000000000000000000000000000000000000000000111101000000000000000011000000000001111111000000000000000000000000000000
000000000000000000000000000000000000000000111110000000000011111110000000111101000000000000000000000000000001000010000000000011000000000000000000000000000000111111000000000010000000000000000000
000000000000000011000000000000000000000000000011000000000011000000000000000000000000000000000000000000111110000000000000111110000000000000111111000000000000000010000000111110000000000000000000
000000000000000000000000000000000000000000111101000000000000111101000000000000000000000000000000000000000011111110000000000000000000000000111101000000000000111110000000000000000000000000000010
000010000000000011000000000000000000000000000000000000000000111101000000111111000000000000000000000000000010000011000000000001000000000000000001000000111110111101000000000000000000000000111110
000000000000111111000000000000000000000000000000000000000011000000000000111101000000000000000000000000000001000001000000000001000000000000000000000000000010111110000000000001000000000000111110
000001000000000011000000000000000010000000111101000000000011000001000000000000000000000000000000000000000000000000000000000000000000000000111110000000111110000000000000000000000000000000000011
000001000000000000000000000000000000000000000000000000000010000011000000000001000000000000000000000010000000000010000000000000000000000000000010000000111101000010000000000000000000000000111101
111101000000000000000000000000000010000000000011000000000000000001000000111110000000000000000000000000000000000000000000000000000000000000000011000000111101000010000000000000000000000000000000
000000000000111111000000000000111101000000000001000000111101000000000000111101000000000000000000000010000000111101000000111110000000000000000010000000000000000000000000000001000000000000000000
111110000000000011000000000000000011000000000000000000000011000010000000000010000000000000000000000000000000111110000000000010000000000000000000000000000000000010000000000000000000000000111101
000001000000000000000000000000111110000000000000000000000000111110000000000001000000000000000000111110000000000000000000000010000000000000111110000000111101000010000000000011000000000000000000
000010000000111111000000000000000000000000000001000000000001000011000000000000000000000000000000000011000000000000000000000011000000000000000011000000000000000000000000000000000000000000000011
111101000000111110000000000000111111000000000000000000000011000010000000000010000000000000000000000001000000000000000000111101000000000000111111000000111101000010000000000000000000000000000001
000001000000000011000000000000000001000000000011000000111111000000000000000000000000000000000000000000000000111110000000000000000000000000000000000000111111000000000000111101000000000000000000
000001000000111110000000000000000000000000000011000000000010111110000000111110000000000000000000000010000000000000000000000000000000000000000000000000000011000010000000000000000000000000000000
000001000000000001000000000000000000000000000000000000000010000011000000000000000000000000000000000000000000000001000000111101000000000000000010000000000000111110000000111101000000000000000001
111101000000000000000000000000000000000000000000000000000010111111000000000010000000000000000000000011000000000001000000000000000000000000000010000000111111000010000000111111000000000000000000
111101000000111110000000000000111110000000000011000000111101000000000000000011000000000000000000111110000000111101000000111101000000000000000000000000000000000000000000000011000000000000000011
000001000000000000000000000000111110000011000000000000000010000000000000000001000000000000000000000000000000000000000000000001000000000000000000000000111101111111000000000000000000000000000011
000000000000111110000000000000000010000010000000000000111110000010000000000000000000000000000000000000000000000010000000000000000000000000111111000000000011000010000000000000000000000000000000
111110000000000000000000000000111101000000000000000000000010000010000000000010000000000000111110000000000000111111000000000000000000000000000000000000000000111111000000111111000000000000000000
111110000000000010000000000000000011000011000000000000000011000000000000000000000000000000000000000010000000000010000000000001000000000000000000000000000000111101000000111101000000000000111101
111111000000111101000000000000000000000011000000000000000001000000000000111101000000000000000010000000000000000011000000000000000000000000000000000000000011000000000000000000000000000000111101
111110000000111111000000000000000000000000000000000000000000111111000000111110000000000000111101000001000000111111000000111101000000000000000001000000111101000001000000111111000000000000000010
111101000000000000000000000000000011111111000000000000000000000000000000000000000000000000111101111111000000111111000000111101000000000000000000000000000010000000000000111110000000000000000000
000000000000000010000000000000000000000011000000000000000010000000000000000000000000000000000010111101000000111111000000000000000000000000000011000000000000111111000000111101000000000000111101
000000000000000000000000000000000011000010000000000000000010000000000000000000000000000000000000000000000000000011000000111110000000000000000000000000000011000000000000000010000000000000000011
000000000000000011000000000000000001000000000000000000000000111111000000000010000000111110000001111110000000111101000000111101000000000000000011000000000011000001000000000001000000000000000000
000001000000000010000000000000000000000010000000000000000011000000000000000000000000000000000001111101000000111111000000000011000000000000111101000000000000000000000000000000000000000000111111
000000000000000000000000000000000000111110000000000000000001111101000000111111000000000010000000000010000000000000000000111110000000000000000000000000111111111101000000000010000000000000000011
111101000000000000000000000000000001111101000000000000000000000000000000000001000000111101000000000011000000000010000000000000000000000000000011000000000011000011000000000000000000000000111111
000010000000000000000000000000111101111110000000000000000000000000000000111101000000000011000000111111000000111110000000000011000000000000000001000000000001111110000000111110000000000000000000
111111000000111110000000000000111101000000000000000000000000111101000000000000000000000010000010111111000000000001000000000011000000000000000011000000000000111101000000000000000000000000111110
111111000000000000000000000000111101111110000000000000000001000000000000000010000000000000111110000001000000111110000000000000000000000000000000000000111110000001000000111110000000000000111110
000010000000111111000000000000000000111101000000000000000000000011000000111111000000111111111110111101000000000011000000000001000000000000000000000010000000000000000000000011000000000000111101
111110000000000001000000000000000000111111000000000000000011111111000000000010000000000001000011000011000000000000000000000011000000000000000001000011000000111101000000000011000000000000111110
000011000000111101000000000000000011111101000000000000000000111101000000111101000000000000000011000001000000000000000000000001000000000000111101111110000000111111000000000000000000000000000000
000010000000000000000000000000000011000000000000000000000000000000000000000001000000000000000000000000000000000000000000000000000000000000000000000000000000111110000000111110000000000000111110
000000000000000010000000000000111110000010000000000000000011000000000000000001000000000000000000000010000000000001000000000010000000000000111111111110000000111101000000000000000000000000000011
111101000000111111000000000000000000000010000000000000000000000001000000111111000000111110000011000010000000000000000000000010000000000000000010111101000000111110000000000011000000000000000001
000010000000000010000000000000111101000000000000000000111101000011000000111101000000111110000000111111000000000011000000111101000000000000111100111111000000111111000000111110000000000000000000
000010000000111101000000000000000011000000000000000000000010000000000000111101000000000010111101000010000000111110000000111110000000000000111110000000000000111101000000000000000000000000000000
000010000000000001000000000010000000000010000000000000000011111111000000111111000000000011111111000011000000000001000000000000000000000000111111000000000000000000000000000000000000000000111110
000010000000111111000000000000000001000000000000000000000000111110000000000000000000111101000000000000000000000001000000111110000000000000000000111110000000111101000000000000000000000000000010
000000000000111111000000111110000011000000000000000000000000111101000000111110000000000000000000000000000000000010000000000011000000000000000010000010000000111110000000000011000000000000000000
111110000000111101000000000011000001000000000000000000000001000010000000111110000000000000111111000000000000000010000000000001000000000000000000000000000000000001000000000000000000000000000000
000000000000000011000000111101000000111111000000000000000011000001000000000001000000111101000000000001000000111101000000000000000000000000111110000000000000000010000000000001000000000000111111
000010000000000001000000000010000010000000000000000000000011000000000000111110000000000000111101000000000000000010000000000000000000000000000000000001000000000000000000111111000000000000000000
000010000000000000000000000000111110111101000000000000111111000010000000000011000000000011000011000011000000000000000000111110000000000000111110000000000000111110000000000011000000000000000000
000010000000000010000000000001000011000000000000000000111110000000000000000000000000111111000000000010000000000010000000000010000000000000111101000000000000000011000000000000000000000000000000
000000000000111110000000000001111110000000000000000000111101000010000000000000000000000000000000000001000000111110000000000000000000000000111111000000000000111101000000111110000000000000111111
111111000000111111000000000000000000000011000000000000000010000000000000000000000000000000111101000001000000000000000000000000000010000000000000000001000000000100000000000001000000000000000000
111110000000111100000000000000000010000000000000000000111111000010000000111111000000000001111101111110000000111110000000000001000000000000111110000000000000111101000000000010000000000000000011
111111000000111101000000000000000100111101000000000000000000111101000000000000000000000000111110000010000000111110000000000000000010000000000000000011000000000001000000111101000000000000000000
000011000000000000000000000010000001000001000000000000111110000001000000000011000000111101000000111101000000000000000000000000111101000000111101000000000000000000000000111111000000000000000000
000000000000000000000000111110000000111101000000000000000000000000000000111110000000111101000011111110000000000010000000000000111101000000000010000000000000000000000000000001000000000000111101
111111000000000000000000111110000000000000000000000000000010111110000000111111000000000000000011000000000000000000000000000011111110000000000000111101000010000000000000111111000000000000000000
000000000000111111000000000011000010000000000000000000000000000000000000111111000000000000000000111110000000000010000000000000000000000000000000000000000000111111000000111101000000111110111101
111111000000000000000000000011000010111111000000000000000010111101000000000010000000111101111111000010000000000010000000000011111110000000000000111101111110111101000000000011000000000000000001
000000000000000011000000000000000000000011000000000000111101111110000000000010000000111101111101000000000000111110000000000000000001000000111110000001111101000010000000111111000000000010111101
111111000000111110000000000010000000000000000000000000000001000000000000000011000000111110000001000010000000000000000000000000000000000000000000111101111101000011000000000000000000111101000000
000000000000111111000000000011000001111111000010000000000000000000000000000011000000000000000000111110000000111111000000000011000000000000111111000000000010000001000000000010000000000011000000
000011000000000001000000000000000000111110000000000000111110000000000000000000000000000011000010000000000000000010000000000000000000000000000001000000000000000001000000111110000000000010111111
000011000000000010000000000011000000000011111110000000000000111110000000111110000000000011000010111110000000000001000000111101000010000000000011000001111111111101000000000001000000000000000011
000010000000111110000000000001000000111110000011111101000000000010000000000011000000000000000011000000000000111101000000111111000010000000000000111101000001000001000000000010000000000001000000
000011000000000011000000000000000001111101111101000010000000000001000000000000000000111111111110111110000000000000000000111101000010000000111110000000000000000011000000000011000000000001000001
000001000000000010000000000000000000000000000010000000000000000001000000000010000000000011000000000010000000000001000000000000111101000000111111111111000000000000000000000000000000000000000010
000000000000000000000000000001111101111110000000000000000000000011000000000010000000111111111110111110000000000000000000000000111101000000111110000010000000111111000000000000000000000000000011
111101000000000010000000000000000000000000111111000000000000000000000000000000000000000000000011000000000000111111000000000001000000000000000011111101000010000000000000000000000000000000000010
000001000000111110000000000011000000111110000001111110000000111110000000111110000000111110111111111111000000000000000000000011000000000000111111000010000010000001000000000001000000000010000001
000010000000000000000000111101000011000000000000000000000000111111000000000000000000111110000000111110000000111111000000000000000011000000111111111111000010111111000000000000000000111110000000
111101000000111110000000000000000000000010000000000001000000000010000000000010000000000011000000000001000000000000000000000001000001000000000001000000111101000001000000000011000000000010000010
000010000000111110000000000000000011000011000000111111000000111101000000000010000000000010000010000011000000000011000000111110000011000000111101000011111101000000000000111110000000111101000000
000001000000000000000000000011111111000001000010111101000000111111000000111110000000000000000010000000000000111101000000111101000001000000111101000000000000000000000000000001000000000011000010
000011000000111110000000000011111101000000111110000000111110000001000000000000000000111110000000111111000000111110000000111110000000000000111111111110000000111101000000000001000000000011000000
000000000000000000000000000010000000111110000010000010000000000001000000000001000000111101000000000000000000000011000000000001000000000000000000000000000011000011000000000010000000000000000010
000011000000000010000000000000000000000000000011111111000010000011000000111110000000000001000001111111000000000001000000000000000001000000000010111101000000000011000000111110000000111101000100
000010000000000010000000000011000001111101000011000010111101111101000000000001000000000000000000000000000000000000000000000010000000000000000010000011000011111110000000111101000000000000000001
111111000000111110000000000011111100111110000000111101000011111111000000111101000000000000000000000001000000111101000000000000111101000000111111000001111111111111000000000010000000111101000000
000010000000000000000000000000000000000000000000111111111110000000000000000000000000111110000000000000000000000001000000000010111101000000111110000000000000000011000000000000000000111111111110
000000000000111111000000000001000001000000000011111111000000000010111110111111000000111110111111111100000000000010000000000000000000000000000011111110000000000000000000111110000000000000000000
000010000000000010000000111110000011000000000000000001000001111110000000000000000000000000000000000011000000111101000000111110000000000000111011000000000011000010000000111110000000000000111101
111101000000111111000000000011111111000010111101111101111111111111000010111111000000000000000011111110000000111110000000000011111101000000000000000011000000111111000000000000000000000001000010
111101000000000011000000111110000000000000000001111101000000111110000011000000000000111111000000000011000000111111000000111111111101000000000000000010111101111101000000000010000000000000000000
000100000000000000000000000001000010111111000000000001000000111101111101111111000000000000000000000001000000111101000000000000000010111110000001000000000011000000000000000010000000000011000000
111101000000000001000000000000000010111111000000000000000000000000000010000000000000111101000000000000000000000000000000000010000000000000000000000000000000000000000000000000000000111101000000
111111000000000000000000000010111101111101000001111110000010000000000000111101000000000000000000111101000000000011000000000000000011000010111101000000000000000001000000111110000000000010000000
000000000000111111000000000000111110000000000000000010111110000000000001111101000000000011000001111111000000111110000000000011111101000010000011000010111101000000000000000000000000000000000000
000000000000000000000000111110000000000010111101000001111110000001111111000010000000000001000000111110000000000001000000111110000000111111000011000000000011000001000000111110000000000001111101
000000000000000001000000000000000010000001111101111110111101000000000000000011000000111101000011111101000000111110000000000000000001000001111110111111111110111110000000111110000000000001111101
111111000000000000000000000010111101000010000000111101000011000011000000111111000000000000000000111110000000000000000000000000000011000010000000000001000000000000000000111110000000000011111110
000011000000000011000000000011000001111101000000000000000000111110000000000000000000000000000000000001000000111110000000000000111111000010111111000011111101111111000000000000000000000000000000
000010000000111101000000111111000000000001000011000000000000000001111110000011000000000001000011000011000000000011000000111110000000000011000001000000000011000001000000000001000000000010111101
111101000000111110000000000000000000111111111101000000000011000001111110000001000000000011000000000000000000000011000000000000111110000010000000111110000000000000000000111110000000000001000011
000001000000111101000000000010111110000001111110000001000000111110111110111110000000000000111101111101000000000100000000000001111110000000000000000001000001111110000000111111000000000010000000
111111000000000001000000000000111110111101000000000000000011000010000011111101000000000001000001000010000000111101000000111111000011000010000000000010000011111101000000111101000000000011111111
111101000000000000000000111101000000111101000011111101000001000011000011000010000000111110000011000001000000111111000000000011111110111110111110111101000001000000000000000000000000111111000011
111111000000111101000000000010000000111111111101111110000000000010000000111111000000111101000000000010000000000000000000000000000000000000111110000001000000000010000000111111000000111111111111
111101000000000001000000000010000001000000000000000010000000000000000000111101000000000010000000000000000000000000000000000010111110111110111110111111000010111111000000000000000001111111000000
000000000000000010000000000000000000111110111111000001000001000010000011000000000000000001000001111110000000000011000000111111111101111110111101111111000010111110000000111111000010000011111110
000001000000000011000000000010000000111110111101111110000000111110000000111101000000000000000011000011000000000001000000000010111111000000000011111101000011000000000000000000000000111101000010
000000000000111110000000000010000000111111111111111110000011000000000011000010000000111110000000111101000000111101000000111101000000000010000000000011111110000010000000000001000010000001000011
000001000000111111000000000000111111000010000000111101111101000010111111111111000000000000111111111100000000000010000000000001000000000000000000111111000000000000000000000000000011000000111110
111111000000111101000000111111000000111101111110000010000000111110000000000010000000000010111110111101000000000011000000111111111110111110111101000000111100000000000000111101000011000010000000
111111000000000000000000000001000011000000111110000000000000000000000000000000000000000000111101111111000000000001000000111111111110111110000000000010111101000011000000000011111110111110111110
000000000000000011000000000011000000000000111101111110111101000010111111000010000000000010111110000000000000111111000000000011000000111110000011111110000001000000000000111110000000111111000011
000000000000111110000000000000000000000000000010111110111101000000000000000011000000111101111111000000000000111101000000000011000000000000111111000001000000111110000000111101000001000010000001
000011000000111111000000000010000011111111000000000000111110000010000011000011000000000001000000000000000000111111000000000001000001111111000000000010000000111101000000000001111111000011000000
000011000000111110000000111111000000000000111110111110000000111110111101111100000000000000111110000001000000111101000000000000000000111110000000111101000010000000000000000000000000000000000000
111101000000000000000000111110111101111101000011111110111101000010000000000011000000111110000000000011000000000000000000111110000000000001111111000000111110111110000000111101000000000000111110
000010000000000010000000111101000001000010000001000000111101000000000000111111000000000000000010111110000000000001000000111110000000111101000000000000000000000010000000111111000000000000111110
111111000000000011000010111111000011111111000000000010000000111111111101000000000000111101000000111101000000000000000000111111000001000000000011000000000000000010000000111110000010000001000000
111101000000000011000000111111000000000001000000000000000001111110000011000000000000111110000010111111000000000001000000000010000000111111111101111111000001000000000000000011000010000000000000
000000000000000100111110000001000000111110111110000010111101000001111110000000000000000000000011111111000000000001000000111101111101000000000000000000000000000001000000000010000010111101000001
111110000000111101000011111101000001111110000010000010000001111101000000000001000000000000000001000011000000111111000000000000000000000001000000111101000000111110000000000001000011111110000000
111111000000111111000011111101000011111101000000111110000000000000000011111101000000000000000000000001000000000000000000000000000000000000000011111110000000000011000000111101111101111111000000
000011000000000000111110111111000000000010000000000000000010111111000011111110111110000010000010111101000000000000000000000000111101000001000011000001000001111110000000000000000000111111000000
000000000000000000000000000000000001000000111111111111000010000000000000111101000000000000000000000000000000111101000000000001000000000000000010000001000000000000000000111101000000000010111111
000000000000000000111111000010111110000010000000000010111101000001111111111111000010000001000011000001000000000011000000000000000011111101000000111110000011000011000000000010111101000010000000
111111000000000001000001111110000011111110000000111111111110000000000011111111000011000001000010000000000000111101000000000100111111000011000011000010000000000000000000111111000000111101111101
000000000000000011000000000001000010000000000000000011000000000001111111111101000011111101000000111111000000000010000000111110111101111110111101000011000000000000000000000010111101000010000000
111111000000000010000001000010111111000010111111000000111110000000000000000001111110000000000000000001000000000001000000111111000000111101000000111110000011000010000000000000000001000000000000
000010000000000011000000000011000000111110000000111111111101000011000010111101000000111110000000111111111110000011000000111111000000000001111111000000000000000010000000111110000000000010000011
000000000000000001000010000000000010000000111101000000000001111101111110000000111111111111111110000000000000000000000000111110000001000000111101111110111101111101000000111101000000111110000000
000001000000000001000010000000000000111110000000000001000000000010000011000001111111111110000000000000111110111110000000000010000011000011111111111110111111111101000000000011000001000000000011
000001000000111101111110000000000010000000000000000000000000000011000010000000000000000011111111111101111101111111000000111101000000000001000000000000111101000000000000111100000000000010111111
000000000000000001111101000001000000111110111101111111111110111111000000111111000000000001111111000011111101000011000000000010000001111110000010111110000000000001000000111101111101000010000011
111110000000111101111101000000111110000010000000000000000010000000000010000001000000000001111101000011111110000000000000000000000010000011000010000010000000000000000000111111111101000000000000
000001000000000000000000111101000011000010111101111101000000000011000011000001111101111111000000000010000000000000000000111110000011111110111101000000000001000011000000000000000000111110000000
000000000000111111000000111110000001000000111111000011000000111111111111000000111110000011111101000001000001111111000000000010111110111111111110111110000011111110000000000000000000000000111111
111110000000000000000011111111000000000001000011111110000001111101000000000000000010000011111111111101111111000000000010000000000001111101000000000000000000111111000000000000000011111110111101
000001000000111111000000000001111110111110000000000011000000111101000000000011111101111111111110000000000000111111000000000010000000000000000010000010000001111101000000111111000011000010000000
000010000000000001000011000010000000111111000000111111000000111110111110111101111101000000111101111110000000111110111110000010000010111101000011000010000010000000000000111101111110111110000001
000000000000111111111111000010000011111101000001000000000000111111000010111101000000000010000001000001000000000000000011000000000000000010000001000010111101000000000000111110000000000000111110
000010000000000000000000111101111110000000111101000011000001000011000000000010000000111110000001111101000010111111000011111110000010000001000000000000000010000000000000111101111101000001111101
000000000000000000000000111110000000111111000000111111000000000000000000000001111101111111111111000000111110111111111101000000000000000010000000000001000001111101000000111111000011000010000010
000000000000000011111111000000000000000000000001000010111101000011111111111101000000111110111101000000111110000000000000000010000010000011000010000010000000000001000000000001000000111111000001
111101000000111101000000000010000000000001111110000011000000111110000000000000000011111101111101000001000011111110000001111110000011000010111110000001111110000000000000111101111111000011000000
000000000000111101111101111110000010000000111101111110000000111111000000000010000001000000000001000000000011111111111111000010111111000011000000111101000000000011000000111111000011000000111110
111110000000111110000011000000000000000001000010111111111101111110000000111111000000000000000000000001000000000000000000000000000000111101000000000000111110111101000000111101000001111111000000
000011000010111111000000000010111111000001111111111101000000000000111111111101000000000000111110111110000000111101000000111111000010111100111111000001000000000011000000000000000000000000000010
000000000000111101000000000010111110111101000000000000111101111110000000000000111111000001000010000000111101111111000000000010000000000011000000000000111110111111000000000001000010111111000000
111110111110000000000011000000111101111101111110000011000001000011000011000000000000000000000001111111000000111110111110000001111101111111000000111111000011000000000000000000111110000000000010
000010000011000010111101111110000000000010000000000010111101111101000010111111111101111101111110111111111101000000111110000011111110000000000000000000000001000000000000000011111101000001111101
111110000011000001000010000000000010111101111110000001000000111100000000000000111101111110111101000000111111111110111110000000000000000000000001111111000000111110000000000001000010000000000001
000000111110111101000000000010000001111111000000000010000000111101111101000001000000000001000000111110000000000000000011000001000000000000000000000000111110000000000000000001000000000011000000
000001000000000000111101000011111110000000111110000000111111000010000000111110000000111111000000111111000000000000000011000000000000111111000011000011000000111101000000000000111110000011111110
111110111111000000111101000010000011111101111101000010000011000000000011000000111101111110000000000000000001111101000000000001111110111101000000111101111101000000000000111101111101000010000000
000000000001000000111111000000111111111111111111000011000000000000111111111111111101111110111111111110000000000000000000000000000000000010000000000010111110000001000000111101111111111101111101
111110000000111111000000111111111111111110000000000011000001000000000011111111000010111101000000000001000011111101000011111111111111000011000011111101000000111111000000000011000000000001111110
000000000000000011000001111110111111000011111110000100111110000001000000000000000000111110111101000010111101000011000000000000000001000001000000000001000000111111000000111101000000000010000000
000011000000000001111110000001000011111110000000000011000011000011000000000010000011000000000010000000000010000000111101111101000011111111111101000000000000111100000000111110111110000011000000
000000111110000000000000000011000011111111111101000001000011111110111111000001111101111110000001000011000000111110000011000011000000000011000001111101000010000011000000000001111110000001000000
000000111110111110000001000000000001111101000010000000000001000011111101000000000000000010000001000000000011000010000000111110111110111111111101111111000000000000000000111101000000111110000010
000000000010111110000001111111000000000000000000000000000000111111000000111110111111000000111110000000111101111110000000000011000001111101000000000010111111111101000000000000000000111101000000
000010000011000011000000000000111110111101000000000000111110111111111111111111000011111110000010000011111110000000000001111111111101000000000000000011111111000000000000111110000001111110111101
000011111101111110111110111111111110111110000000111111000000000011000010000010111111000010000011000000000000000001000000000000111101111111000001111110111101000000000000000001000000111111111111
111101000000000000000001000000000001111111111110111101111110111111111101000000000000000000111110111110111101111110111101000011111111000000111101111111000000000000000000000011000000000011000011
000000000000000010000000111111000010000010000000000010000000000011000010111110111110111110000000111101000011000000111101111111111111000001000000111101000010000010000000000000000000000000000000
000001000011111101000010000000111101000000111111111101111110000000000001000000000010000000111110000000000000000010000000000010000001111111000001000000000001000000000000000000111111111101000010
000001000000111111111111000011000000111110000001111111111101111111000000000000111101000010000010111110000001000000000000000011000011111111111110000011111110111110000000111111000000000010111111
000011000011000000111110000011000000000011000011111111000001000010111110111101000010111110000000000010000011000011000011111110000011000010000011000010111101000011000000000000111101111111111110
000010000001000000000000000010000000000011000000111101000000111111000000000000000000111110111110000010000001000000000011000010000001000000111110000001111111000001000000111111000000000010111101
111111000000111110000010111101111111111100111110111111111110000001000010000010000010000000111110000000000000000000111110111101111101111101111111111110000001000000000000111110000000000000000011
111101000000000010000000111111000000000011111111000011000000111110000000000011111101111111000000000001111110000000000000000000000010111101000000000000111111111111000000000000000011111110111111
000000111111000000000000000000111101111111111110000000000011000000111110000000000010000010111110000010000010111110111101111101000010000011111110111110111101000010000000111111000000000011111111
000000000000000000000011000011111110111101000011111111000010000000000011111110000000111111000000000000111101000011000011000010111111111110000000111101000011000000000000000001111101111101000011
000000111101000001000000111111000001000000111111000000000000000011111111111110000000111101000010111110111110111101000000111111000010111111000010111101000001000000000000000000000001000100000011
111101111101000000000010000010111111000000000010000001000000111101000000000010000010000000111110000000000000000000111111000010000011000011000000111100000000000010000000111110111101111101000001
000001000000000000000011000011000010000001000001111111000000111101111110000000000010000011111110111101111110000001000011000000000000000000111110111101111110000100000000111111000000000001000000
000000000000000000000000111110111110111101000011000001000010111110000000111111000000000000111101000001111101000000111111111110000000111110000011111111111110000000000000000000000000000000000010
000011111101111111111110000001000011000010111101000000000000000001000011111110000000111111000001000000111111111101000000111101000000111111000001000000000001000001000000000010000001000000111110
000011000011000000111110000011111110111101000001000000000001111101111110000000000001000000111110000000000000111101000010111101111111111101000000000000000010000000000000000001000011000000111111
000011111101111101111110000000000000111110000000111101000001000000000000000010000000000001111111000010000011000001000010111100000000000000000010000000111101000011111110000010000000000001000010
000001000000000000000000000100111110000001111110111101000011000010000000000000000000000000000011111101000010000011000011111101111101000000000000111111000000111110000000000000111111000011000011
000000111101000000111111000010111110111101000010000011000000000001000000111101000000111101000000000011000010000000111110111111000010111111000011111101000000111101111110111110111110111110000000
000000111101111101111110111111000000111111000010111110000010111101000010000000000001111101111111000000000000000000000000000000000001000000111110000010000000000011111101000000000011111101000000
000010000000000000000000111110111110000011111110111111111111000000000000000000111111000011000000000011000000000000000010000000111111111111000000000011111111000000111101000000111110111111000000
000000111111111101000010000000111110000000000011111101111110000000111111000000000011111101111111000000000001000011000011000000000010000010000000111111000000111110000010000011000001111111000001
000011111101000001000011000010000000000001000000000000000011000001000001000010000000111111000000111101000000000001111111000001000010000000000000111111111101000011000000000000000000000011000000
000001000000111101000011111101000010000000000000111110111111000000000011111101000000000000111111000010000000000000000000000011000011000001000010000011000010000000111111000010111110000001111101
000000000001000000000000111101000000111111000000000001000001000001000000111101111101111101000000000001000000000011000000000010000010111111000000111111000001111110111111000011000000111101000011
000010111111000000000000000100000010111111000001000011111111111110111110000000000000000001111101000011000001111101111110000000111101000000111111111101000001111110111110000000000010000000000001
000010000001111111000000000011111110000001000000000000000011000000111111111111111101000010000011000000000000000011111110111110111111000010000001000000111110000001000000000010000011111111111111
000011111100111101000010000001111110000000000011000000111101111111111110000000000001111101111110000000000011000001000000111110111111000001111101000001111110000011000000111110000010000000111101
000010000011000000000011000000000000000000000010111111000001000001111101111101111101000010000011000000000000000000000000000000111101000000000000000000111101000010111110111110111101111111000010
000000000000111111000011000000111111111101111111000000000000000000000001000010000000000001000001000011000000000000111111111100000001111110000010111111000010000010000010000000111111111111111101
000010000011111110000000000000000010111101000001000001111110111110111111111111000000000011000000000001000011000010000000111110000011111111111111000001000000000000000011111111000000000001000010
000011000000111101111111111111000001000011000010111110000010111111000001111101000001000000111101000000000000000000000000000000000000111110000010111111111110111110111101111110111110000000000000
000001000000000010000000111101111101000010111110000000000001000000111101000000000011111101111111111101111101111101000000111110111101000000000011000000111110111111000011000000000000000000000010
000000000000111111000011111110000000111111111101111111111110111110111101000000000000000010111110000011111111000000000001000000000000000010000001000000000000000011000000000010000011111101000010
000000000010111110000010111101111111000011111110000001111101000001000001000000000001111111111101000011111101000001000000111110111111000000111111111101000010111111000000000000000010000011000000
000010000000000010111111000001000000000000000000000000000000000010000000111101000010000010111110000001000000111111111101111110111111000000111111111101111110111101000011000011000000000011000010
000010000010000000000011111111111111000010000010000010000000000000111110000001000011000000000001000000000000111111000000000010000001000011111101000011000000111111000000000000000000000010111110
000000000011000010000000000011000000000001111110000001000000111110000010000000111110111110111101000000000001000100000000000000000000000000111101111110111110000010000011000000000000000001000000
000000111111000000000000000001111111111101000000000000111111000000111111000011000001111101000000000010111101000011000011000001000000111110111111111111000000000001111111000000111110111101111110
000001000000111110000000111101000000000000111110111110000000000000000010111101000000111101111101000000000000000000000000111110111101111101000000111101000010000000000000111110000000000000000000
000000000001111101111101000000111101111111111110000001111101000011111101000011111110111100111110111101000001000011111101000001000011111110000010000000111110000000000000111101000001111110111110
000000111110000001111111111111111101111111000000111110111110000000000000000001000000111101111111000000000010111110000001000011111101000010111110111110000010111110111111000011000001111111111110
000001000000000000000000000000000010000000000010000000000001111110000000000000000010111111111110000001111101000000000011111110000010111110000001000001000000111110000000000000000011111101111110
111111000000111110000011111111111101111111000001111110111111000011000000000000000000000000000000111111000010000000000000000001000001111110111110111101000001000011111101111111000000000000000000
000000111111000000000100000001000001000010000010000000111110000000000001111110000010000001000010111111111111000010000000000000000011000000111101000000111110000000000011000000000010000000111111
000011111100111101000011111111000000000000111110000000000010111110000000000000111101000000111101000100000000000000000001000001000000000001000000000000111111000010000000111101111111111111000010
000000000000000010000001000000000011000001111110111101111101111110111101000011000001111111000011000011111110111110111101000000111110111110000000111111111101111111000000000010000010000000111111
000000111111000000000000000000111111111111000000000000000010000010000010000000000000000011111100000000000000111101000000111111111111000000000000000000000000000000111101000001111101111111111101
000011000000000000000000111101000010000000111101111110000000000000111111111111111110000010000011000011000010111111000001000000000011000010000001000001000001000000000011000011000001111110000000
000000111101000000111110111101111101111110111110111101000010111111111111111111000000000011000001000000000000000000000010000011000000000000000000000010000000000000111110000000111111000000111111
000011111110111110000000111101000010111111000001000000111110000010000010111110111101000001000000000000000010000001000011000011000000111101000011000010111111111101000000000000000001111111000000
111111000011000000000011111110000001000000000011000010000000000000111110000100000010000001000000000000000011000010000010000010111111000000111110111111000000000011000011000000000011111111000010
111101000011111111000000111111111101000010000000111110000010111110111101111101000000111101000000111110000001000000111111000011000000000000000001111111000001000010000011000011000011000000000000
000000000000111111111111000011000000000010000001111110000010000000111110000000000001111111000001000000000000000000000000000001111111000000000001000000000000000011111110111111111111111110111111
000000111110000011000001000000000011111110000000000000000001111101000000000011000000000011111101111110000010000001111110000000111110111110111110111110000011000010111111000000000000111111000000
111111000011000000000001111110000010000000111111000011000010000000000010000000000010000000000100111101000000111100000000111101000000111101000010111111111101111110111101111101000010000000000011
111101000000000010111100111111111111111110000000111110000000000000111110000000000000111111000011000001000011000000000010000001111111000011000011000000111110000011000001000011111110000010111101
000000111110111111111101111101000010000000111101000000000010000000000000000000000001000000111111000000000010111111000000000010111111000000000010000010000011000011000000111101111111111111000010
111111000000000010000000000000000000000000000000000010111110111110111110111110111111000001000001111111000000000000000010000011000000000001000000111111111111000000111110111111111110111110111101
000010111111000011111101000000000011000011111101000000000010111101111110000000111101111111000011111110000000111101111101111110111110000000000010000010000000000001000010000000000011000000000001
000011111101000001000000000001111101000000000011111101000000000011000000111110000000000001111111000000000000111110000001111111111111111101111110000000000011111110111101000000000000000010000000
000010000010111111000000000000000011000010111110000000000001000000111110111101000010000000111101000000000010111101000000111101000000000010000000111110111111111111000010000010000000000000000011
111111111110111111000000000001111100111101000011000000111110111111000000000001000001000000000000111111000000111101111110000000111110111111000010000000000010111101000000000000000000000000000001
000000000000111101000010000010111101000000000001000000000001000000000010000000000010111101111111000100000001000000000000111101000001000011111110000000000011111101000010111101111111111101111110
111110000010111101000000000000111111111110000000111110000011111101111110111111111101111101000000000000111111000010111101111110111110000000000000111101111110000000111101000000000000000000000011
000000000001111111111110111111000000000010111101111101000000111110000010111110000001111101111111000001111101000011000010111111000000000000111110000000000001000001111111111111111101000010000010
111110111101000000000011000001000000000010111111000011111111111111000000000000000001111110000001000000000000000000000000111110111110000000000000111110111101111101000000111111000010111101111111
000000000001111110111111000000000000000000111110000000000000111101111111000000000010000001111111000101111110000010000000000000000000111101000010111101000000111110000000111111000001000000111101
111110000011000010000000111110000011000001000011111111000001000000111110111111000011111101000000000010000001000000000000111110000000000001000010000000000011111101111110000100000001111110000000
000011000001111111000001000001111101111110111110000000000000000000000001111100111101000000000000000011111110000001111110000011111101000000111110111110111110000000111110111101000010111110000011
111111111110111110000010000000000010000000000001111101000001000000111101000000000001000010111101111101111101111101000000111101000000111101000000000010000001000000000000000010000000000010000010
000000000011111101000000111110000011111101000011111110000000111101000000000001000000000001111101000000000001000010000001111100111110111101000001111110000011111101000000000011000011000000000001
000010000000000000000000111111000001000000000000000001111101111111111111000000111110111101111101111110000001000010000001000011000011111101111110000000000000111101000001111110000000111111111110
000000000000000000111111000010000011111101111101111101111101000000000000111110111101000000000010111101111111000000111101000001000000000001111111111111111110000010000000000000000000111110000000
000011000010000000111100000000111101000000111110000000111110000011111111111111000010000000000001000000000011000010000000000000111110000000111101000010000011000010000000000010000000000000111110
111110000010111111000000000010111111000000000001000000000011000011000000111110000011000001111101000010111101111111111110000000000010000000000000000000111101000010000000111110111110111110000011
000000111101000000111111000000111101000000111110000000000001000011000001111101000011000000000000000000000001000011111111000000111110000010111111000010000100000000111111000000000000000000111101
000000000000111101000000000000000000000010000000111101000000000001000000000000000000111111000010111111000000111111111110000001000000000000000000000000000011111110000000111110000010000011000100
000000111110111110111101000011000001111101111110111111111101000000000011000000111110111110111111000011111110000011111101111101111111000011000001111101111111000001111101000010111101000000000011
111110000001111111111110111110000000000011111101000000111111000000111101000001111101000000111101000010111101111111000001000010000010000000000000000000000000111110000000000000111111000000000001
000000000000000001000011111110000001000000111101111101111110000010000010111111000000000001000000000010000001000010000001111101000000111111111111000000000000111110000000111110000000000000000000
111111000000111110000011000011111111111111000100000011000011000000111101000000000010111111000000000000000010000001111111111111000010000001000000000000000000000010111101000000111111111110000000
111111000000000010000000000000000001000000111101111101111110000011000001111101000000000000000001111110111101000000000011000001000000111111111101111110000001111110000000000010000010000011000000
111101000011111101111110111110000000111101111111111111000001000000000000000010000001000010000000111111000000000000000011000011111101111100000011000011000011111101111101111110000000111101000001
000000111101111110111101000011000000000010000000000000111101111111111101111111111101000001000001000011000000111110000001000001000000000011111110111101111110000001111111000010000000000000000011
000010000010000000000000000010000011111111000000000000000000000001000001000001111110000000111110111111000000000010000000000011000000000000111101000000111101000000111101000000000001000001000010
111111111101000010111110000000000011111101000000000010000011000001111110000010111110000010000000111101111111000011000010000000000000111101111111111111111111111111111110000001000100000000000011
000010111110000010000000000001111101000000111111000000000010111100000011000010000000000001000001000001000000000000111110000001000010000000000000000000000001111101000000000010000000111101000001
111101000010000000000001111110111110000000000011000011111111111101000010000011111110000010111111000010111101000010111111000000111101000010000011000011000011000000111111000001111111111110000001
000001000011111110111101000000000010000000000010000000111110000000111111111110111111000000000000111111000010000001000010111111000011000000111111000010111111000000111101000011000000111111111101
111111000011111110000010111110000011111101111101000001000000111101000011000000111101111110111110000000000001000000111101000001000000000010111110000001111101000001000000000000111101000011111111
111111000000000000111110000000000000111111111111000001111110000000000000111110111111000000111111000000000010000000000000111111000001000000000011000011000000111101000001000001111110000000000011
000011000001000100000000000011111110000000000001000001111101000000111101000010111101000000000000111110111110000000111101000000000000111110000010000000000001000000111110000000000011000000000000
111101000010000000111110000000000001000011111101111100000011111101000010000000111111000011000010111110111110000011000000000000111101111101111111000000000000000010111101000001111101000000111111
111111000011000010111111000000111101000011111111000011000100111110111111111110111110000000111111000011111101111101000001000011111110111111000011000000000001000001000010000000000000111101000000
000000111101000010111101000000000000111101000011000000111101000000000010111110000001111110000010000000000010111110000000111101111111000000000000000011111111111111000001000001000010111111111111
111110111101000010000001000010000000000001000000000011111111111110000000000000000000111101000000111110000000111101000011000011000011111111000011000001000001000000000000000000111101000000111111
111110000000000000111101111101000001000000111111000000000000111101000010000010000000000000111110000001111110000010000010000010000000000010111110000000000000000010111110000011000000000011111111
000001111111000001111111111101000000000000000000000000000000000001111101000000111110000010000000000000111110111110000001111111000000000000000001000011000000000010000000111101000010000011000000
111110111101111110111110000000000001111110000001000000000000000000111101000010000010000010000000000000000000111101000001111101000000000000000010111101000011000000111110000010000000111101000000
000011000010111111111111111111111110000000000001111110000001111111000100111110111101111110111101000000111110000011000010000000111101111111000000111101000011000000000000000011111111000001000011
000000111101000011000000000000000000111101000001000011000011111110111101111110000000000000000000000011111110000000000010111110000001111100111110000001000011111111111110000001111101000000000011
000000000000000000000000111101000001000000000000111110000010000000000001000000000010000001000010000011000000111111000011000010000000000000000011000000111110111101111101000000111110000000111101
000000000000000001111110111110000001111111000000000011000011000000000000000001111111000010000011000010111110111110111110000011111101000001000011000000111111111101111111111101000010111110111110
000001111101000000000010111111000000111111000011000001000001111111000000000010000000000000000000111101000000111111000000000000111101000000111100000010111101000001000000111111000000000000111111
000000111101111111111101000011111110111111000011000000111111000100000000000011000000000010111110111110000010000011111110000000000011000011111101000000000000000001000010000010000010000011111101
111101111110000000000000000000111111000100111101111111000011000000000001000011000000000000000010111110111110000011111110111111000001111110111111000011000010000000000000111101000001000000000000
111110000010000001111110000000000000111101000010000010111111111111000011000000111101000011111110000011000010000000000000000000000000000011000000000000111111000000111101000010000011111111111110
111111000010000000111111000000111110000000111111000000000011000000111110000001111101000000000000111101000000111111111110111101000000000011000000111111000011000001000010000001000011111111111111
000001000000111101000000111101111111111101111101000000000000000011000011000000000010000000000001000000000001000011111110000010111110000000000000111111000000000000000000111101000011111111111101
111110111110111101000000000001111110000000000000111111000001000010000001000001111101000000111110111111000010111110000000000000000000111110111111111111000000000000000000000010111111111100000000
000010000001111110000000000000000000000000000010111100000000000011000001000000111110000010000000111110000001111101111110111111000011111101111101111100111110000001000000000011111110111101000000
111101111110000011000011000011000010000000000001000000000001111101111101111111000010111101000010000001111101000000000000111111000000000000000010000011000010000000000010000010000001000000111111
111110000010111111111101111101000000000010111101111111000001000000111111000000000011111101000000111101000000000000111110000000111111000010111101000000111111000001000000000001000000000011000000
000000000010000000111110111101000000000000000000000000000001000010000011000011111101000000111101111101111111000011000010000010000001000000111111111101111110000001000001111110000000000000000001
000010000010111101000011000001000011111110000000000011000000000011111101000011000000111111000000000000000000111101111110000001000001111111111111000000000000000000000001000000111110000000111110
000010111101000001111110000000000000111101000001111110000000000000000001111110111111000000000000000001000001000010000000000000000100111101000011000000000001111110000011111110000010000000000000
000000000001000010111110000000000010000001000000111101000011000010000000000011111110111101000000111101000000111110111111000010111101000010111111000000000001000001000000111101000011000010000001
000010000000111101111101111110000011000000000001111101000011000000111111000001000001111110000010000010000001000010111110111111000000000010111101000010000000111111111110000011000000000000111111
000010000001000010111101000000000000111111000010000000000011111111111111000000000011000001000011111101000000000000111111000010111101000000000000000000000010000000000001000100111110111110000000
000000000011000001000000000011111110111110000000000010000010000011000001000011111101111101000011111101000011000010000011000000000000000010000001111110000001000010111110111101111111000011111110
