000000000000000000000000000000000000000000000000000000000000000000000000000000000000000000000000000000000000000000000000000000000000000000000000000000000000000000000000000000000000000000000000
000000000000000000000000000000000000000000000000000000000000000000000000000000000000000000000000000000000000000000000000000000000000000000000000000000000000000000000000000000000000000000000000
000000000000000000000000000000000000000000000000000000000000000000000000000000000000000000000000000000000000000000000000000000000000000000000000000000000000000000000000000000000000000000000000
000000000000000000000000000000000000000000000000000000000000000000000000000000000000000000000000000000000000000000000000000000000000000000000000000000000000000000000000000000000000000000000000
000000000000000000000000000000000000000000000000000000000000000000000000000000000000000000000000000000000000000000000000000000000000000000000000000000000000000000000000000000000000000000000000
000000000000000000000000000000000000000000000000000000000000000000000000000000000000000000000000000000000000000000000000000000000000000000000000000000000000000000000000000000000000000000000000
000000000000000000000000000000000000000000000000000000000000000000000000000000000000000000000000000000000000000000000000000000000000000000000000000000000000000000000000000000000000000000000000
000000000000000000000000000000000000000000000000000000000000000000000000000000000000000000000000000000000000000000000000000000000000000000000000000000000000000000000000000000000000000000000000
000000000000000000000000000000000000000000000000000000000000000000000000000000000000000000000000000000000000000000000000000000000000000000000000000000000000000000000000000000000000000000000000
000000000000000000000000000000000000000000000000000000000000000000000000000000000000000000000000000000000000000000000000000000000000000000000000000000000000000000000000000000000000000000000000
000000000000000000000000000000000000000000000000000000000000000000000000000000000000000000000000000000000000000000000000000000000000000000000000000000000000000000000000000000000000000000000000
000000000000000000000000000000000000000000000000000000000000000000000000000000000000000000000000000000000000000000000000000000000000000000000000000000000000000000000000000000000000000000000000
000000000000000000000000000000000000000000000000000000000000000000000000000000000000000000000000000000000000000000000000000000000000000000000000000000000000000000000000000000000000000000000000
000000000000000000000000000000000000000000000000000000000000000000000000000000000000000000000000000000000000000000000000000000000000000000000000000000000000000000000000000000000000000000000000
000000000000000000000000000000000000000000000000000000000000000000000000000000000000000000000000000000000000000000000000000000000000000000000000000000000000000000000000000000000000000000000000
000000000000000000000000000000000000000000000000000000000000000000000000000000000000000000000000000000000000000000000000000000000000000000000000000000000000000000000000000000000000000000000000
000000000000000000000000000000000000000000000000000000000000000000000000000000000000000000000000000000000000000000000000000000000000000000000000000000000000000000000000000000000000000000000000
000000000000000000000000000000000000000000000000000000000000000000000000000000000000000000000000000000000000000000000000000000000000000000000000000000000000000000000000000000000000000000000000
000000000000000000000000000000000000000000000000000000000000000000000000000000000000000000000000000000000000000000000000000000000000000000000000000000000000000000000000000000000000000000000000
000000000000000000000000000000000000000000000000000000000000000000000000000000000000000000000000000000000000000000000000000000000000000000000000000000000000000000000000000000000000000000000000
000000000000000000000000000000000000000000000000000000000000000000000000000000000000000000000000000000000000000000000000000000000000000000000000000000000000000000000000000000000000000000000000
000000000000000000000000000000000000000000000000000000000000000000000000000000000000000000000000000000000000000000000000000000000000000000000000000000000000000000000000000000000000000000000000
000000000000000000000000000000000000000000000000000000000000000000000000000000000000000000000000000000000000000000000000000000000000000000000000000000000000000000000000000000000000000000000000
000000000000000000000000000000000000000000000000000000000000000000000000000000000000000000000000000000000000000000000000000000000000000000000000000000000000000000000000000000000000000000000000
000000000000000000000000000000000000000000000000000000000000000000000000000000000000000000000000000000000000000000000000000000000000000000000000000000000000000000000000000000000000000000000000
000000000000000000000000000000000000000000000000000000000000000000000000000000000000000000000000000000000000000000000000000000000000000000000000000000000000000000000000000000000000000000000000
000000000000000000000000000000000000000000000000000000000000000000000000000000000000000000000000000000000000000000000000000000000000000000000000000000000000000000000000000000000000000000000000
000000000000000000000000000000000000000000000000000000000000000000000000000000000000000000000000000000000000000000000000000000000000000000000000000000000000000000000000000000000000000000000000
000000000000000000000000000000000000000000000000000000000000000000000000000000000000000000000000000000000000000000000000000000000000000000000000000000000000000000000000000000000000000000000000
000000000000000000000000000000000000000000000000000000000000000000000000000000000000000000000000000000000000000000000000000000000000000000000000000000000000000000000000000000000000000000000000
000000000000000000000000000000000000000000000000000000000000000000000000000000000000000000000000000000000000000000000000000000000000000000000000000000000000000000000000000000000000000000000000
000000000000000000000000000000000000000000000000000000000000000000000000000000000000000000000000000000000000000000000000000000000000000000000000000000000000000000000000000000000000000000000000
000000000000000000000000000000000000000000000000000000000000000000000000000000000000000000000000000000000000000000000000000000000000000000000000000000000000000000000000000000000000000000000000
000000000000000000000000000000000000000000000000000000000000000000000000000000000000000000000000000000000000000000000000000000000000000000000000000000000000000000000000000000000000000000000000
000000000000000000000000000000000000000000000000000000000000000000000000000000000000000000000000000000000000000000000000000000000000000000000000000000000000000000000000000000000000000000000000
000000000000000000000000000000000000000000000000000000000000000000000000000000000000000000000000000000000000000000000000000000000000000000000000000000000000000000000000000000000000000000000000
000000000000000000000000000000000000000000000000000000000000000000000000000000000000000000000000000000000000000000000000000000000000000000000000000000000000000000000000000000000000000000000000
000000000000000000000000000000000000000000000000000000000000000000000000000000000000000000000000000000000000000000000000000000000000000000000000000000000000000000000000000000000000000000000000
000000000000000000000000000000000000000000000000000000000000000000000000000000000000000000000000000000000000000000000000000000000000000000000000000000000000000000000000000000000000000000000000
000000000000000000000000000000000000000000000000000000000000000000000000000000000000000000000000000000000000000000000000000000000000000000000000000000000000000000000000000000000000000000000000
000000000000000000000000000000000000000000000000000000000000000000000000000000000000000000000000000000000000000000000000000000000000000000000000000000000000000000000000000000000000000000000000
000000000000000000000000000000000000000000000000000000000000000000000000000000000000000000000000000000000000000000000000000000000000000000000000000000000000000000000000000000000000000000000000
000000000000000000000000000000000000000000000000000000000000000000000000000000000000000000000000000000000000000000000000000000000000000000000000000000000000000000000000000000000000000000000000
000000000000000000000000000000000000000000000000000000000000000000000000000000000000000000000000000000000000000000000000000000000000000000000000000000000000000000000000000000000000000000000000
000000000000000000000000000000000000000000000000000000000000000000000000000000000000000000000000000000000000000000000000000000000000000000000000000000000000000000000000000000000000000000000000
000000000000000000000000000000000000000000000000000000000000000000000000000000000000000000000000000000000000000000000000000000000000000000000000000000000000000000000000000000000000000000000000
000000000000000000000000000000000000000000000000000000000000000000000000000000000000000000000000000000000000000000000000000000000000000000000000000000000000000000000000000000000000000000000000
000000000000000000000000000000000000000000000000000000000000000000000000000000000000000000000000000000000000000000000000000000000000000000000000000000000000000000000000000000000000000000000000
000000000000000000000000000000000000000000000000000000000000000000000000000000000000000000000000000000000000000000000000000000000000000000000000000000000000000000000000000000000000000000000000
000000000000000000000000000000000000000000000000000000000000000000000000000000000000000000000000000000000000000000000000000000000000000000000000000000000000000000000000000000000000000000000000
000000000000000000000000000000000000000000000000000000000000000000000000000000000000000000000000000000000000000000000000000000000000000000000000000000000000000000000000000000000000000000000000
000000000000000000000000000000000000000000000000000000000000000000000000000000000000000000000000000000000000000000000000000000000000000000000000000000000000000000000000000000000000000000000000
000000000000000000000000000000000000000000000000000000000000000000000000000000000000000000000000000000000000000000000000000000000000000000000000000000000000000000000000000000000000000000000000
000000000000000000000000000000000000000000000000000000000000000000000000000000000000000000000000000000000000000000000000000000000000000000000000000000000000000000000000000000000000000000000000
000000000000000000000000000000000000000000000000000000000000000000000000000000000000000000000000000000000000000000000000000000000000000000000000000000000000000000000000000000000000000000000000
000000000000000000000000000000000000000000000000000000000000000000000000000000000000000000000000000000000000000000000000000000000000000000000000000000000000000000000000000000000000000000000000
000000000000000000000000000000000000000000000000000000000000000000000000000000000000000000000000000000000000000000000000000000000000000000000000000000000000000000000000000000000000000000000000
000000000000000000000000000000000000000000000000000000000000000000000000000000000000000000000000000000000000000000000000000000000000000000000000000000000000000000000000000000000000000000000000
000000000000000000000000000000000000000000000000000000000000000000000000000000000000000000000000000000000000000000000000000000000000000000000000000000000000000000000000000000000000000000000000
000000000000000000000000000000000000000000000000000000000000000000000000000000000000000000000000000000000000000000000000000000000000000000000000000000000000000000000000000000000000000000000000
000000000000000000000000000000000000000000000000000000000000000000000000000000000000000000000000000000000000000000000000000000000000000000000000000000000000000000000000000000000000000000000000
000000000000000000000000000000000000000000000000000000000000000000000000000000000000000000000000000000000000000000000000000000000000000000000000000000000000000000000000000000000000000000000000
000000000000000000000000000000000000000000000000000000000000000000000000000000000000000000000000000000000000000000000000000000000000000000000000000000000000000000000000000000000000000000000000
000000000000000000000000000000000000000000000000000000000000000000000000000000000000000000000000000000000000000000000000000000000000000000000000000000000000000000000000000000000000000000000000
000000000000000000000000000000000000000000000000000000000000000000000000000000000000000000000000000000000000000000000000000000000000000000000000000000000000000000000000000000000000000000000000
000000000000000000000000000000000000000000000000000000000000000000000000000000000000000000000000000000000000000000000000000000000000000000000000000000000000000000000000000000000000000000000000
000000000000000000000000000000000000000000000000000000000000000000000000000000000000000000000000000000000000000000000000000000000000000000000000000000000000000000000000000000000000000000000000
000000000000000000000000000000000000000000000000000000000000000000000000000000000000000000000000000000000000000000000000000000000000000000000000000000000000000000000000000000000000000000000000
000000000000000000000000000000000000000000000000000000000000000000000000000000000000000000000000000000000000000000000000000000000000000000000000000000000000000000000000000000000000000000000000
000000000000000000000000000000000000000000000000000000000000000000000000000000000000000000000000000000000000000000000000000000000000000000000000000000000000000000000000000000000000000000000000
000000000000000000000000000000000000000000000000000000000000000000000000000000000000000000000000000000000000000000000000000000000000000000000000000000000000000000000000000000000000000000000000
000000000000000000000000000000000000000000000000000000000000000000000000000000000000000000000000000000000000000000000000000000000000000000000000000000000000000000000000000000000000000000000000
000000000000000000000000000000000000000000000000000000000000000000000000000000000000000000000000000000000000000000000000000000000000000000000000000000000000000000000000000000000000000000000000
000000000000000000000000000000000000000000000000000000000000000000000000000000000000000000000000000000000000000000000000000000000000000000000000000000000000000000000000000000000000000000000000
000000000000000000000000000000000000000000000000000000000000000000000000000000000000000000000000000000000000000000000000000000000000000000000000000000000000000000000000000000000000000000000000
000000000000000000000000000000000000000000000000000000000000000000000000000000000000000000000000000000000000000000000000000000000000000000000000000000000000000000000000000000000000000000000000
000000000000000000000000000000000000000000000000000000000000000000000000000000000000000000000000000000000000000000000000000000000000000000000000000000000000000000000000000000000000000000000000
000000000000000000000000000000000000000000000000000000000000000000000000000000000000000000000000000000000000000000000000000000000000000000000000000000000000000000000000000000000000000000000000
000000000000000000000000000000000000000000000000000000000000000000000000000000000000000000000000000000000000000000000000000000000000000000000000000000000000000000000000000000000000000000000000
000000000000000000000000000000000000000000000000000000000000000000000000000000000000000000000000000000000000000000000000000000000000000000000000000000000000000000000000000000000000000000000000
000000000000000000000000000000000000000000000000000000000000000000000000000000000000000000000000000000000000000000000000000000000000000000000000000000000000000000000000000000000000000000000000
000000000000000000000000000000000000000000000000000000000000000000000000000000000000000000000000000000000000000000000000000000000000000000000000000000000000000000000000000000000000000000000000
000000000000000000000000000000000000000000000000000000000000000000000000000000000000000000000000000000000000000000000000000000000000000000000000000000000000000000000000000000000000000000000000
000000000000000000000000000000000000000000000000000000000000000000000000000000000000000000000000000000000000000000000000000000000000000000000000000000000000000000000000000000000000000000000000
000000000000000000000000000000000000000000000000000000000000000000000000000000000000000000000000000000000000000000000000000000000000000000000000000000000000000000000000000000000000000000000000
000000000000000000000000000000000000000000000000000000000000000000000000000000000000000000000000000000000000000000000000000000000000000000000000000000000000000000000000000000000000000000000000
000000000000000000000000000000000000000000000000000000000000000000000000000000000000000000000000000000000000000000000000000000000000000000000000000000000000000000000000000000000000000000000000
000000000000000000000000000000000000000000000000000000000000000000000000000000000000000000000000000000000000000000000000000000000000000000000000000000000000000000000000000000000000000000000000
000000000000000000000000000000000000000000000000000000000000000000000000000000000000000000000000000000000000000000000000000000000000000000000000000000000000000000000000000000000000000000000000
000000000000000000000000000000000000000000000000000000000000000000000000000000000000000000000000000000000000000000000000000000000000000000000000000000000000000000000000000000000000000000000000
000000000000000000000000000000000000000000000000000000000000000000000000000000000000000000000000000000000000000000000000000000000000000000000000000000000000000000000000000000000000000000000000
000000000000000000000000000000000000000000000000000000000000000000000000000000000000000000000000000000000000000000000000000000000000000000000000000000000000000000000000000000000000000000000000
000000000000000000000000000000000000000000000000000000000000000000000000000000000000000000000000000000000000000000000000000000000000000000000000000000000000000000000000000000000000000000000000
000000000000000000000000000000000000000000000000000000000000000000000000000000000000000000000000000000000000000000000000000000000000000000000000000000000000000000000000000000000000000000000000
000000000000000000000000000000000000000000000000000000000000000000000000000000000000000000000000000000000000000000000000000000000000000000000000000000000000000000000000000000000000000000000000
000000000000000000000000000000000000000000000000000000000000000000000000000000000000000000000000000000000000000000000000000000000000000000000000000000000000000000000000000000000000000000000000
000000000000000000000000000000000000000000000000000000000000000000000000000000000000000000000000000000000000000000000000000000000000000000000000000000000000000000000000000000000000000000000000
000000000000000000000000000000000000000000000000000000000000000000000000000000000000000000000000000000000000000000000000000000000000000000000000000000000000000000000000000000000000000000000000
000000000000000000000000000000000000000000000000000000000000000000000000000000000000000000000000000000000000000000000000000000000000000000000000000000000000000000000000000000000000000000000000
000000000000000000000000000000000000000000000000000000000000000000000000000000000000000000000000000000000000000000000000000000000000000000000000000000000000000000000000000000000000000000000000
000000000000000000000000000000000000000000000000000000000000000000000000000000000000000000000000000000000000000000000000000000000000000000000000000000000000000000000000000000000000000000000000
000000000000000000000000000000000000000000000000000000000000000000000000000000000000000000000000000000000000000000000000000000000000000000000000000000000000000000000000000000000000000000000000
000000000000000000000000000000000000000000000000000000000000000000000000000000000000000000000000000000000000000000000000000000000000000000000000000000000000000000000000000000000000000000000000
000000000000000000000000000000000000000000000000000000000000000000000000000000000000000000000000000000000000000000000000000000000000000000000000000000000000000000000000000000000000000000000000
000000000000000000000000000000000000000000000000000000000000000000000000000000000000000000000000000000000000000000000000000000000000000000000000000000000000000000000000000000000000000000000000
000000000000000000000000000000000000000000000000000000000000000000000000000000000000000000000000000000000000000000000000000000000000000000000000000000000000000000000000000000000000000000000000
000000000000000000000000000000000000000000000000000000000000000000000000000000000000000000000000000000000000000000000000000000000000000000000000000000000000000000101001000000000000000000000000
000000000000000000000000000000000000000000000000000000000000000000000000000000000000000000000000000000000000000000000000000000000000000000000000000000000000000000010111000000000000000000000000
000000000000000000000000000000000000000000000000000000000000000000000000000000000000000000000000000000000000000000000000000000000000000000000000000000000000000000010111000000000000000000000000
000000000000000000000000000000000000000000000000000000000000000000000000000000000000000000000000000000000000000000000000000000000000000000000000000000000000000000101001000000000000000000000000
000000000000000000000000000000000000000000000000000000000000000000000000000000000000000000000000000000000000000000000000000000000000000000000000000000000000000000010111000000000000000000000000
000000000000000000000000000000000000000000000000000000000000000000000000000000000000000000000000000000000000000000000000000000000000000000000000000000000000000000010111000000000000000000000000
000000000000000000000000000000000000000000000000000000000000000000000000000000000000000000000000000000000000000000000000000000000000000000000000000000000000000000010111000000000000000000000000
000000000000000000000000000000000000000000000000000000000000000000000000000000000000000000000000000000000000000000000000000000000000000000000000000000000000000000101001000000000000000000000000
000000000000000000000000000000000000000000000000000000000000000000000000000000000000000000000000000000000000000000000000000000000000000000000000000000000000000000101001000000000000000000000000
000000000000000000000000000000000000000000000000000000000000000000000000000000000000000000000000000000000000000000000000000000000000000000000000000000000000000000010111000000000000000000000000
000000000000000000000000000000000000000000000000000000000000000000000000000000000000000000000000000000000000000000000000000000000000000000000000000000000000000000010111000000000000000000000000
000000000000000000000000000000000000000000000000000000000000000000000000000000000000000000000000000000000000000000000000000000000000000000000000000000000000000000010111000000000000000000000000
000000000000000000000000000000000000000000000000000000000000000000000000000000000000000000000000000000000000000000000000000000000000000000000000000000000000000000101001000000000000000000000000
000000000000000000000000000000000000000000000000000000000000000000000000000000000000000000000000000000000000000000000000000000000000000000000000000000000000000000010111000000000000000000000000
000000000000000000000000000000000000000000000000000000000000000000000000000000000000000000000000000000000000000000000000000000000000000000000000000000000000000000101001000000000000000000000000
000000000000000000000000000000000000000000000000000000000000000000000000000000000000000000000000000000000000000000000000000000000000000000000000000000000000000000101001000000000000000000000000
000000000000000000000000000000000000000000000000000000000000000000000000000000000000000000000000000000000000000000000000000000000000000000000000000000000000000000101001000000000000000000000000
000000000000000000000000000000000000000000000000000000000000000000000000000000000000000000000000000000000000000000000000000000000000000000000000000000000000000000010111000000000000000000000000
000000000000000000000000000000000000000000000000000000000000000000000000000000000000000000000000000000000000000000000000000000000000000000000000000000000000000000101001000000000000000000000000
000000000000000000000000000000000000000000000000000000000000000000000000000000000000000000000000000000000000000000000000000000000000000000000000000000000000000000101001000000000000000000000000
000000000000000000000000000000000000000000000000000000000000000000000000000000000000000000000000000000000000000000000000000000000000000000000000000000000000000000101001000000000000000000000000
000000000000000000000000000000000000000000000000000000000000000000000000000000000000000000000000000000000000000000000000000000000000000000000000000000000000000000010111000000000000000000000000
000000000000000000000000000000000000000000000000000000000000000000000000000000000000000000000000000000000000000000000000000000000000000000000000000000000000000000010111000000000000000000000000
000000000000000000000000000000000000000000000000000000000000000000000000000000000000000000000000000000000000000000000000000000000000000000000000000000000000000000101001000000000000000000000000
000000000000000000000000000000000000000000000000000000000000000000000000000000000000000000000000000000000000000000000000000000000000000000000000000000000000000000101001000000000000000000000000
000000000000000000000000000000000000000000000000000000000000000000000000000000000000000000000000000000000000000000000000000000000000000000000000000000000000000000101001000000000000000000000000
000000000000000000000000000000000000000000000000000000000000000000000000000000000000000000000000000000000000000000000000000000000000000000000000000000000000000000010111000000000000000000000000
000000000000000000000000000000000000000000000000000000000000000000000000000000000000000000000000000000000000000000000000000000000000000000000000000000000000000000010111000000000000000000000000
000000000000000000000000000000000000000000000000000000000000000000000000000000000000000000000000000000000000000000000000000000000000000000000000000000000000000000101001000000000000000000000000
000000000000000000000000000000000000000000000000000000000000000000000000000000000000000000000000000000000000000000000000000000000000000000000000000000000000000000101001000000000000000000000000
000000000000000000000000000000000000000000000000000000000000000000000000000000000000000000000000000000000000000000000000000000000000000000000000000000000000000000101001000000000000000000000000
000000000000000000000000000000000000000000000000000000000000000000000000000000000000000000000000000000000000000000000000000000000000000000000000000000000000000000010111000000000000000000000000
000000000000000000000000000000000000000000000000000000000000000000000000000000000000000000000000000000000000000000000000000000000000000000000000000000000000000000101001000000000000000000000000
101001000000000000000000000000000000000000000000000000000000000000000000000000000000000000000000000000000000000000000000000000000000000000000000000000000000000000101001000000000000000000000000
010111000000000000000000000000000000000000000000000000000000000000000000000000000000000000000000000000000000000000000000000000000000000000000000000000000000000000101001000000000000000000000000
101001000000000000000000000000000000000000000000000000000000000000000000000000000000000000000000000000000000000000000000000000000000000000000000000000000000000000101001000000000000000000000000
101001000000000000000000000000000000000000000000000000000000000000000000000000000000000000000000000000000000000000000000000000000000000000000000000000000000000000010111000000000000000000000000
010111000000000000000000000000000000000000000000000000000000000000000000000000000000000000000000000000000000000000000000000000000000000000000000000000000000000000010111000000000000000000000000
010111000000000000000000000000000000000000000000000000000000000000000000000000000000000000000000000000000000000000000000000000000000000000000000000000000000000000010111000000000000000000000000
010111000000000000000000000000000000000000000000000000000000000000000000000000000000000000000000000000000000000000000000000000000000000000000000000000000000000000010111000000000000000000000000
010111000000000000000000000000000000000000000000000000000000000000000000000000000000000000000000000000000000000000000000000000000000000000000000000000000000000000101001000000000000000000000000
101001000000000000000000000000000000000000000000000000000000000000000000000000000000000000000000000000000000000000000000000000000000000000000000000000000000101001000000000000000000000000000000
010111000000000000000000000000000000000000000000000000000000000000000000000000000000000000000000000000000000000000000000000000000000000000000000000000000000101001000000000000000000000000000000
101001000000000000000000000000000000000000000000000000000000000000000000000000000000000000000000000000000000000000101001000000000000000000000000000000000000010111000000000000000000000000000000
101001000000000000000000000000000000000000000000000000000000000000000000000000000000000000000000000000000000000000101001000000000000000000000000000000000000010111000000000000000000000000000000
010111000000000000000000000000000000000000000000000000000000000000000000000000000000000000000000000000000000000000010111000000000000000000000000000000000000010111000000000000000000000000000000
010111000000000000000000000000000000000000000000000000000000000000000000000000000000000000000000000000000000000000010111000000000000000000000000000000000000010111000000000000000000000000000000
010111000000000000000000000000000000000000000000000000000000000000000000000000000000000000000000000000000000000000010111000000000000000000000000000000000000101001000000000000000000000000000000
010111000000000000000000000000000000000000000000000000000000000000000000000000000000000000000000000000000000000000101001000000000000000000000000000000000000010111000000000000000000000000000000
010111000000000000000000000000000000000000000000000000000000000000000000000000000000000000000000000000000000000000101001000000000000000000000000000000000000010111000000000000000000000000000000
010111000000000000000000000000000000000000000000000000000000000000000000000000000000000000000000000000000000000000101001000000000000000000000000000000000000101001000000000000000000000000000000
101001000000000000000000000000000000000000000000000000000000000000000000000000000000000000000000000000010111000000010111000000000000000000000000000000000000101001000000000000000000000000000000
010111000000000000000000000000000000000000000000000000000000000000000000000000000000000000000000000000010111000000101001000000000000000000000000000000000000010111000000000000000000000000000000
010111000000000000000000000000000000000000000000000000000000000000000000000000000000000000000000000000010111000000101001000000000000000000000000000000000000010111000000000000000000000000000000
010111000000000000000000000000000000000000000000000000000000000000000000000000000000000000000000000000101001000000101001000000000000000000000000000000000000010111000000000000000000000000000000
101001000000000000000000000000000000000000000000000000000000000000000000000000000000000000000000000000010111000000010111000000000000000000000000000000000000101001000000000000000000000000000000
010111000000000000000000000000000000000000000000000000000000000000000000000000000000000000000000000000010111000000010111000000000000000000000000000000000000010111000000000000000000000000000000
010111000000000000000000000000000000000000000000000000000000000000000000010111000000000000000000000000101001000000010111000000000000000000000000000000000000010111000000000000000000000000000000
010111000000000000000000000000000000000000000000000000000000000000000000010111000000000000000000000000101001000000101001000000000000000000000000000000000000101001000000000000000000000000000000
010111000000000000000000000000000000000000000000000000000000000000000000101001000000000000000000000000010111000000010111000000000000000000000000000000000000010111000000000000000000000000000000
010111000000000000000000000000000000000000000000000000000000000000000000101001000000000000000000000000101001000000010111000000000000000000000000000000000000010111000000000000000000000000000000
010111000000000000000000000000000000000000000000000000000000000000000000101001000000000000000000000000101001000000010111000000000000000000000000000000000000101001000000000000000000000000000000
010111000000010111000000000000000000000000000000000000000000000000000000101001000000000000000000000000010111000000101001000000000000000000000000000000000000101001000000000000000000000000000000
010111000000101001000000000000000000000000000000000000000000000000000000101001000000000000000000000000101001000000010111000000000000000000000000000000000000010111000000000000000000000000000000
010111000000101001000000000000000000000000000000000000000000000000000000010111000000000000000000000000010111000000101001000000000000000000000000000000000000101001000000000000000000000000000000
101001000000101001000000000000000000000000000000000000000000000000000000101001000000000000000000000000101001000000101001000000000000000000000000000000000000010111000000000000000000000000000000
010111000000010111000000000000000000000000000000000000000000000000000000101001000000000000000000000000101001000000101001000000000000000000000000000000000000010111000000000000000000000000000000
101001000000010111000000000000000000000000000000000000000000000000000000101001000000000000000000000000101001000000101001000000000000000000000000000000000000101001000000000000000000000000000000
101001000000010111000000000000000000000000000000000000000000000000000000010111000000000000000000000000010111000000101001000000000000000000000000000000000000010111000000000000000000000000000000
010111000000101001000000000000000000000000000000000000000000000000000000101001000000000000000000000000010111000000101001000000000000000000000000000000000000010111000000000000000000000000000000
101001000000101001000000000000000000000000000000000000000000000000000000101001000000000000000000000000010111000000010111000000000000000000000000000000000000101001000000000000000000000000000000
101001000000101001000000000000000000000000000000000000000000000000000000101001000000000000000000000000010111000000010111000000000000000000000000000000000000010111000000000000000000000000000000
010111000000010111000000000000000000000000000000000000000000000000000000101001000000000000000000000000101001000000101001000000000000000000000000000000000000010111000000000000000000000000000000
101001000000101001000000000000000000000000000000000000000000000000000000101001000000000000000000000000101001000000010111000000000000000000000000000000000000101001000000000000000000000000000000
010111000000010111000000000000000000000000000000000000000000000000000000101001000000000000000000000000101001000000010111000000000000000000000000000000000000101001000000010111000000000000000000
010111000000101001000000000000000000000000000000000000000000000000000000101001000000000000000000000000010111000000010111000000000000000000000000000000000000101001000000010111000000000000000000
010111000000010111000000000000000000000000000000000000000000000000000000101001000000000000000000000000101001000000101001000000000000000000000000000000000000010111000000010111000000000000000000
010111000000010111000000000000000000000000000000000000000000000000000000010111000000000000000000000000010111000000101001000000000000000000000000000000000000010111000000101001000000000000000000
010111000000101001000000000000000000000000000000000000000000000000000000101001000000000000000000000000101001000000101001000000000000000000000000000000000000101001000000010111000000000000000000
010111000000101001000000000000000000000000000000000000000000000000000000010111000000000000000000000000010111000000010111000000000000000000000000000000000000010111000000101001000000000000000000
010111000000010111000000000000000000000000000000000000000000000000000000010111000000000000000000000000010111000000101001000000000000000000000000000000000000101001000000101001000000000000000000
101001000000101001000000000000000000000000000000000000000000000000000000010111000000000000000000000000010111000000101001000000000000000000000000000000000000101001000000010111000000000000000000
101001000000101001000000000000000000000000000000000000000000000000000000010111000000000000000000000000010111000000010111000000000000000000000000000000000000010111000000101001000000000000000000
101001000000010111000000000000000000000000000000000000000000000000000000010111000000000000000000000000101001000000010111000000000000000000000000000000000000010111000000010111000000000000000000
010111000000010111000000000000000000000000000000000000000000000000000000010111000000000000000000000000010111000000010111000000000000000000000000000000000000010111000000101001000000000000000000
010111000000010111000000000000000000000000000000000000000000000000000000010111000000000000000000000000010111000000010111000000000000000000000000000000000000101001000000101001000000000000000000
010111000000010111000000000000000000000000000000000000000000000000000000101001000000000000000000000000101001000000010111000000000000000000000000000000000000101001000000010111000000000000000000
101001000000010111000000000000000000000000000000000000000000000000000000101001000000000000000000000000101001000000101001000000000000000000000000000000000000101001000000101001000000000000000000
010111000000101001000000000000000000000000000000000000000000000000000000101001000000000000000000000000010111000000010111000000000000000000000000000000000000010111000000101001000000000000000000
101001000000010111000000000000000000000000000000000000000000000000000000010111000000000000000000000000010111000000101001000000000000000000010111000000000000101001000000101001000000000000000000
010111000000101001000000000000000000000000000000000000000000000000000000101001000000000000000000000000010111000000101001000000000000000000010111000000000000010111000000010111000000000000000000
101001000000101001000000000000000000000000000000000000000000000000000000101001000000000000000000000000010111000000010111000000000000000000101001000000000000010111000000010111000000000000000000
010111000000101001000000000000000000000000000000000000000000000000000000101001000000000000000000000000010111000000101001000000000000000000010111000000000000101001000000101001000000000000000000
010111000000101001000000000000000000000000000000000000000000000000010111101001000000000000000000000000010111000000010111000000000000000000101001000000000000101001000000010111000000000000000000
101001000000101001000000000000000000000000000000000000000000000000010111010111000000000000000000000000010111000000101001000000000000000000101001000000000000010111000000101001000000000000000000
010111000000010111000000000000000000000000000000000000000000000000010111101001000000000000000000000000010111000000101001000000000000000000010111000000000000010111000000010111000000000000000000
101001000000010111000000000000000000000000000000000000000000000000101001101001000000000000000000000000010111000000101001000000000000000000101001000000000000101001000000010111000000000000000000
101001000000010111000000000000000000000000000000000000000000000000101001010111000000000000000000000000101001000000101001000000000000000000010111000000000000010111000000010111000000000000000000
010111000000010111000000000000000000000000000000000000000000000000101001101001000000000000000000000000101001000000010111000000000000000000101001000000000000101001000000010111000000000000000000
101001000000101001000000000000000000000000000000000000010111000000101001101001000000000000000000000000101001000000101001000000000000000000010111000000000000101001000000101001000000000000000000
101001000000010111000000000000000000000000000000000000010111000000101001101001000000000000000000000000101001000000101001000000000000000000010111000000000000010111000000010111000000000000000000
101001000000101001000000000000000000000000000000000000101001000000010111101001000000000000000000000000010111000000101001000000000000000000010111000000000000101001000000101001000000000000000000
010111000000101001000000000000000000000000000000000000101001000000101001010111000000000000000000000000101001000000101001000000000000000000101001000000000000101001000000010111000000000000000000
101001000000010111000000000000000000000000000000000000010111000000010111010111000000000000000000000000101001101001000000000000000000000000010111000000000000101001000000010111000000000000000000
010111000000101001000000000000000000000000000000000000101001000000101001010111000000000000000000000000101001010111000000000000000000000000101001000000000000101001000000101001000000000000000000
010111000000101001000000000000000000000000000000000000101001000000101001101001000000000000000000000000101001010111000000000000000000000000101001000000000000101001000000101001000000000000000000
010111000000010111000000000000000000000000000000000000010111000000010111101001000000000000000000000000010111010111000000000000000000000000101001000000000000101001000000101001000000000000000000
101001000000101001000000000000000000000000000000000000010111000000010111101001000000000000000000000000101001010111000000000000000000000000101001000000000000101001000000101001000000000000000000
101001000000101001000000000000000000000000000000000000010111000000010111010111000000000000000000000000101001010111000000000000000000000000101001000000000000010111000000101001000000000000000000
101001000000101001000000000000000000000000000000000000010111000000010111010111000000000000000000000000010111101001000000000000000000000000101001000000000000101001000000101001000000000000000000
010111000000010111000000000000000000000000000000000000101001000000010111010111000000000000000000000000010111010111000000000000000000000000101001000000000000101001000000010111000000000000000000
101001000000101001000000000000000000000000000000000000010111000000010111101001000000000000000000000000010111101001000000000000000000000000101001000000000000010111000000010111000000000000000000
101001000000010111000000000000000000000000101001000000010111000000101001101001000000000000000000000000010111101001000000000000000000000000101001000000000000101001000000010111000000000000000000
101001000000010111000000000000000000000000101001000000101001000000101001101001000000000000000000000000010111101001000000000000000000000000010111000000000000010111000000101001000000000000000000
101001000000010111000000000000000000000000101001000000101001000000010111010111000000000000000000000000010111101001000000000000000000000000101001000000000000010111000000010111000000000000000000
010111000000010111000000000000000000000000010111000000101001000000010111101001000000000000000000000000010111010111000000000000000000000000101001000000000000101001000000010111000000000000000000
010111000000010111000000000000000000000000101001000000010111000000101001010111000000000000000000000000101001101001000000000000000000000000010111000000000000010111000000101001000000000000010111
010111000000010111000000000000000000000000010111000000010111000000010111010111000000000000000000000000010111101001000000000000000000000000010111000000101001010111000000010111000000000000010111
010111000000010111000000000000000000000000010111000000010111000000101001101001000000000000000000000000101001010111000000000000000000000000010111000000101001101001000000101001000000000000101001
010111000000010111000000000000000000000000101001000000101001000000010111010111000000000000000000000000010111010111000000000000000000000000101001000000101001101001000000010111000000000000101001
010111000000101001000000000000000000000000101001000000101001000000010111101001000000000000000000000000010111010111000000000000000000000000010111000000010111101001000000101001000000000000010111
010111000000101001000000000000000000000000010111000000010111000000101001101001000000000000000000000000101001101001000000000000000000000000010111000000101001010111000000010111000000000000010111
101001000000101001000000000000000000000000101001000000101001000000010111101001000000000000000000000000010111010111000000101001000000000000101001000000101001010111000000101001000000000000101001
010111000000101001000000000000000000000000101001000000010111101001000000010111000000000000000000000000101001101001000000101001000000000000010111000000101001101001000000010111000000000000101001
101001000000101001000000000000000000000000101001000000101001101001000000010111000000000000000000000000010111010111000000010111000000000000010111000000101001101001000000010111000000000000101001
010111000000101001000000000000000000000000101001000000101001010111000000101001000000000000000000000000101001010111000000101001000000000000010111000000010111010111000000101001000000000000101001
010111000000010111000000000000000000000000010111000000010111101001000000101001000000000000000000000000010111010111000000010111000000000000101001000000101001010111000000101001000000000000101001
010111000000101001000000000000000000000000010111000000101001010111000000010111000000000000000000000000101001101001000000101001000000000000010111000000101001010111000000101001000000000000010111
101001000000101001000000000000000000000000101001000000101001010111000000010111000000000000000000000000010111101001000000010111000000000000010111000000101001101001000000010111000000000000101001
010111000000010111000000000000000000000000010111000000101001010111000000101001000000000000000000000000101001010111000000010111000000000000010111000000101001010111000000010111000000000000010111
101001000000101001000000000000000000000000010111000000010111010111000000101001000000000000000000000000101001101001000000101001000000000000101001000000101001010111000000010111000000000000010111
101001000000010111000000000000101001000000101001000000101001101001000000010111000000000000000000000000101001101001000000101001000000000000010111000000101001010111000000101001000000000000010111
101001000000101001000000000000101001000000010111000000101001101001000000010111000000000000000000101001000000010111000000101001000000000000010111000000010111101001000000010111000000000000101001
101001000000101001000000000000101001000000101001000000101001101001000000101001000000000000000000101001000000101001000000010111000000000000101001000000010111101001000000101001000000000000010111
010111000000010111000000000000101001000000101001000000101001101001000000010111000000000000000000010111000000101001000000101001000000000000101001000000010111101001000000101001000000000000101001
101001000000101001000000000000010111000000101001000000010111101001000000010111000000000000000000101001000000010111000000101001000000000000101001000000101001010111000000101001000000000000010111
010111000000101001000000000000101001000000010111000000101001101001000000101001000000000000000000010111000000010111000000101001000000000000101001000000101001101001000000010111000000000000010111
101001000000010111000000000000010111000000101001000000101001010111000000101001000000000000000000010111000000101001000000101001000000000000010111000000010111101001000000101001000000000000010111
101001000000010111000000000000101001000000101001000000101001101001000000010111000000000000000000101001000000101001000000101001000000000000101001000000010111010111000000101001000000000000101001
010111000000010111000000000000010111000000010111000000101001101001000000101001000000000000000000101001000000101001000000010111000000000000010111000000010111101001000000101001000000000000101001
101001000000101001000000000000101001000000101001000000010111010111000000101001000000000000000000010111000000010111000000010111000000000000101001000000010111010111000000010111000000000000010111
101001000000010111000000000000101001000000101001000000101001010111000000010111000000000000000000101001000000101001000000010111000000000000010111000000101001101001000000010111000000000000101001
101001000000101001000000000000010111000000010111000000101001101001000000010111000000000000000000101001000000101001000000010111000000000000101001000000101001010111000000010111000000000000101001
010111000000101001000000000000101001000000010111000000101001010111000000101001000000000000000000101001000000101001000000010111000000000000101001000000010111101001000000010111000000000000010111
010111000000010111000000000000101001000000101001000000010111101001000000101001000000000000000000010111000000010111000000010111000000000000010111000000010111010111000000101001000000000000101001
101001000000101001000000000000010111101001000000000000101001010111000000101001000000000000000000010111000000010111000000101001000000000000101001000000010111010111000000101001000000000000101001
010111000000010111000000000000101001101001000000000000010111101001000000101001000000000000101001101001000000101001000000010111000000000000010111000000101001101001000000101001000000000000010111
010111000000101001000000000000010111010111000000000000101001101001000000101001000000000000010111010111000000010111000000010111000000000000010111000000010111010111000000101001000000000000010111
010111000000101001000000000000101001101001000000000000101001101001000000101001000000000000101001101001000000101001000000101001000000000000010111000000101001010111000000010111000000000000010111
010111000000010111000000000000101001101001000000000000101001010111000000010111000000000000101001101001000000101001000000101001000000000000010111000000101001010111000000010111000000000000010111
010111000000010111000000000000101001101001000000000000010111010111000000010111000000000000010111101001000000010111000000010111000000000000101001000000010111101001000000010111000000000000101001
010111000000101001000000000000101001010111000000000000010111101001000000010111000000000000010111010111000000010111000000010111000000000000010111000000101001010111000000010111000000000000010111
101001000000101001000000000000010111101001000000000000101001010111000000010111000000000000101001010111000000010111000000010111000000000000101001000000101001010111000000010111000000000000010111
010111000000010111000000000000101001101001000000000000101001101001000000010111000000101001101001010111000000101001000000010111000000000000101001000000101001010111000000101001000000000000101001
010111000000101001000000000000101001010111000000000000101001010111000000101001000000010111101001010111000000010111000000010111000000000000101001000000101001101001000000101001000000000000010111
101001000000101001000000000000010111101001000000000000101001101001000000010111000000010111101001010111000000010111000000101001000000000000010111000000101001010111000000010111000000000000010111
101001000000010111000000000000010111010111000000000000101001010111000000010111000000101001101001101001000000010111000000010111000000000000101001000000010111010111000000101001000000000000101001
010111000000101001000000000000101001010111000000000000010111010111000000101001000000010111101001101001000000101001000000101001000000000000101001000000101001101001000000101001000000000000010111
010111000000010111000000000000010111010111000000000000010111010111000000010111000000101001101001010111000000010111000000101001000000000000101001000000101001010111000000010111000000000000010111
010111000000010111000000000000010111010111000000000000101001010111000000101001000000101001010111010111000000101001000000101001000000000000101001000000010111010111000000010111000000000000010111
010111000000101001000000000000010111010111000000000000101001101001000000101001000000010111010111101001000000010111000000101001000000000000101001000000010111101001000000010111000000000000010111
101001000000010111000000000000010111010111000000000000101001101001000000010111000000010111010111010111000000101001000000101001000000000000101001101001000000010111000000101001000000000000010111
010111000000101001000000000000101001010111000000000000101001010111000000101001000000101001101001101001000000010111000000101001000000000000010111101001000000010111000000101001000000000000010111
101001000000010111000000000000101001010111000000000000101001010111000000010111000000010111101001101001000000101001000000101001000000000000010111010111000000010111000000010111000000000000101001
101001000000010111000000000000101001101001000000000000010111101001000000101001000000010111101001010111000000101001000000010111000000000000010111010111000000010111000000010111000000000000010111
101001000000101001000000000000010111101001000000000000101001010111000000101001000000010111101001101001000000101001000000101001000000000000010111010111000000010111000000010111000000000000101001
010111000000010111000000000000010111101001000000000000101001010111000000010111000000101001101001101001000000101001000000101001000000000000101001010111000000010111000000101001000000000000101001
101001000000101001000000000000010111101001000000000000010111101001000000010111000000010111101001010111000000101001000000010111000000000000010111010111000000010111000000010111000000000000101001
101001000000010111000000101001101001010111000000000000101001101001000000010111000000101001010111101001000000101001000000010111000000000000010111101001000000010111000000101001000000000000010111
101001000000101001000000101001101001101001000000000000101001010111000000010111000000101001010111101001000000101001000000101001000000000000010111101001000000101001000000101001000000000000010111
101001000000010111000000010111101001010111000000000000010111010111000000101001000000010111010111101001000000101001000000010111000000000000010111010111000000010111000000101001000000000000101001
101001000000010111000000010111101001010111000000000000010111010111000000010111000000101001010111010111000000101001000000101001000000000000101001101001000000101001000000101001000000000000010111
010111000000010111000000101001101001010111000000000000010111101001000000010111000000010111010111101001000000101001000000101001000000000000010111010111000000101001000000010111000000000000101001
101001000000101001000000010111010111010111000000000000101001101001000000101001000000010111010111101001000000010111000000101001000000000000010111010111000000101001000000101001000000000000010111
101001000000101001000000101001101001010111000000000000101001101001000000010111000000101001010111010111000000101001000000010111000000000000101001101001000000010111000000010111000000000000101001
101001000000010111000000101001010111010111000000000000010111101001000000101001000000101001101001101001000000101001000000010111000000000000010111101001000000010111000000101001000000000000101001
101001000000101001000000101001101001010111000000000000010111101001000000101001000000010111010111010111000000101001000000101001000000000000010111101001000000101001000000101001000000000000101001
010111000000010111000000101001010111101001000000000000010111101001000000010111000000101001010111101001000000010111000000010111101001000000010111101001000000010111000000010111000000000000010111
010111000000010111000000010111010111101001000000000000101001010111000000010111000000101001010111101001000000101001000000101001101001000000101001101001000000101001000000101001000000000000101001
010111000000010111000000101001101001010111000000000000010111101001000000010111000000101001010111010111000000010111000000101001101001000000010111010111000000010111000000101001000000000000101001
010111000000010111000000010111101001010111000000000000010111010111000000010111000000101001010111101001000000010111000000010111101001000000101001101001000000101001000000010111000000000000101001
101001000000101001000000010111101001101001000000000000010111101001000000101001000000010111101001010111000000101001000000010111010111000000010111010111000000101001000000010111000000000000101001
010111000000010111000000010111101001010111000000000000101001010111000000101001000000010111101001010111000000101001000000010111010111000000101001101001010111101001000000101001000000000000010111
010111000000010111000000010111010111010111000000000000101001010111000000010111000000101001101001010111000000010111000000101001010111000000010111010111101001101001000000010111000000010111010111
101001000000010111000000101001101001101001000000000000010111101001000000010111000000010111010111010111000000101001000000010111010111000000101001010111010111010111000000010111000000010111010111
010111000000010111000000101001101001101001000000000000101001010111000000101001000000010111010111101001000000101001000000101001010111000000010111010111010111010111000000101001000000101001101001
101001000000101001000000010111010111101001000000000000010111010111000000101001000000010111010111101001000000010111000000101001101001000000010111101001010111101001000000010111000000101001010111
010111000000101001000000101001010111101001010111000000101001010111000000101001000000010111101001101001000000101001000000101001101001000000101001010111010111101001000000010111000000010111010111
010111000000010111000000101001101001010111101001000000101001101001000000101001000000101001101001010111000000010111000000101001010111000000010111010111101001101001000000101001000000101001010111
101001000000101001000000010111101001010111010111000000010111101001000000010111000000101001101001101001000000101001000000010111010111000000101001101001010111101001000000010111000000101001101001
101001000000101001000000101001101001101001010111010111000000010111000000010111000000101001101001010111000000101001000000010111010111000000101001010111010111010111000000101001000000101001101001
101001000000010111000000101001010111010111101001010111000000101001000000101001000000101001101001101001000000010111000000010111101001000000101001010111101001101001000000101001000000101001010111
101001000000101001000000101001101001010111010111101001000000101001000000010111000000010111010111010111000000010111000000010111101001000000010111101001010111101001000000101001000000101001101001
101001000000101001000000101001010111101001101001010111000000101001000000101001000000101001010111101001000000101001000000010111010111000000010111010111010111010111000000101001000000010111101001
101001000000101001000000101001010111010111101001010111000000101001000000101001000000010111010111010111000000101001000000101001010111000000010111101001101001010111000000010111000000010111101001
010111000000101001000000010111010111010111010111010111000000101001000000010111000000010111101001010111000000010111000000010111101001000000101001010111010111101001000000101001000000101001101001
101001000000010111000000101001101001010111101001010111000000010111000000010111000000010111010111010111000000101001000000101001010111000000010111101001101001101001000000101001000000010111101001
101001000000101001000000010111101001010111010111010111000000010111000000010111000000010111010111010111000000010111000000101001101001000000010111010111101001010111000000101001000000010111010111
010111000000010111000000010111101001101001101001101001000000101001000000101001000000101001101001101001000000101001000000101001101001000000101001101001010111101001000000101001000000101001101001
101001000000010111000000101001101001101001010111010111000000010111000000101001000000101001101001101001000000101001000000010111101001000000010111101001010111010111000000101001000000010111010111
101001000000101001000000101001010111101001010111010111010111010111000000010111000000101001101001101001000000010111000000010111101001000000010111010111101001010111000000101001000000101001101001
101001000000010111000000101001010111101001010111010111010111101001000000010111000000010111101001010111000000010111000000010111010111000000010111010111101001010111000000101001000000101001101001
010111000000010111000000101001101001010111101001101001101001101001000000101001000000010111010111101001000000101001000000101001101001000000101001010111101001101001000000101001000000010111101001
101001000000101001000000101001010111010111101001010111101001101001000000010111000000101001101001010111000000101001000000010111101001000000101001010111101001101001000000010111000000010111101001
010111000000101001000000101001010111010111101001101001010111010111000000101001000000101001010111010111000000010111000000101001010111000000101001101001101001010111000000010111000000101001101001
010111000000010111000000101001010111010111101001010111101001010111000000010111000000101001010111101001000000010111000000010111010111000000010111101001010111010111000000101001000000010111010111
101001000000101001000000101001010111101001101001010111010111010111101001010111000000010111101001010111000000101001000000101001010111000000010111101001101001101001000000010111000000010111010111
010111000000010111000000101001101001010111101001010111010111101001010111010111000000010111010111010111000000101001000000010111101001000000101001010111010111010111000000010111000000010111010111
101001000000101001000000010111101001101001010111101001101001010111101001101001000000010111101001101001000000010111000000010111101001000000010111010111101001101001000000010111000000010111010111
010111000000010111000000101001010111101001010111010111010111010111101001010111000000101001101001010111000000010111000000101001010111000000010111101001010111101001000000010111000000101001101001
010111000000101001000000010111010111010111101001010111010111010111101001101001000000010111101001101001000000010111000000010111010111010111101001101001010111010111000000101001000000010111101001
101001000000010111000000101001101001010111101001101001010111010111010111010111000000010111101001101001000000010111000000010111101001010111101001101001101001010111000000101001000000101001101001
010111000000101001000000101001101001010111010111101001010111010111101001101001000000010111101001101001000000101001000000101001101001010111101001101001101001101001000000101001000000010111101001
010111000000101001000000101001010111010111101001010111010111101001101001010111000000101001101001010111000000101001000000010111101001101001010111010111010111010111000000010111000000101001010111
010111000000010111000000101001010111010111010111101001010111101001101001010111000000101001101001010111000000101001000000101001010111010111101001101001010111101001000000101001000000101001101001
101001000000101001000000010111101001101001010111101001010111101001010111101001000000101001010111010111000000101001000000010111101001010111101001101001101001101001000000010111000000101001010111
101001000000101001000000010111101001101001010111010111010111010111010111101001000000010111101001010111000000010111000000010111101001101001010111010111010111010111000000010111000000101001010111
010111000000010111000000101001010111101001101001010111101001101001010111010111000000010111101001010111000000010111000000010111101001101001010111101001101001101001000000010111000000101001010111
101001000000101001000000101001101001010111101001101001010111101001010111101001000000010111010111101001000000010111000000010111010111101001010111101001010111010111000000010111000000101001101001
101001000000010111000000010111010111101001101001101001010111101001101001101001000000010111101001101001000000101001000000010111101001101001101001010111101001101001000000101001000000101001010111
010111000000010111000000010111010111010111010111010111101001101001010111101001000000101001101001101001000000101001000000101001010111101001010111010111101001101001000000010111000000101001101001
101001000000010111000000101001010111101001010111101001101001010111010111010111000000010111010111010111000000101001000000101001010111101001010111101001101001010111000000010111000000101001101001
010111000000101001000000101001010111010111010111010111101001101001101001010111000000101001101001010111000000010111000000010111101001101001101001101001101001010111000000010111000000101001010111
010111000000010111000000010111010111010111101001010111101001101001101001101001000000010111101001101001000000010111000000101001010111010111101001010111101001101001000000101001000000010111101001
010111000000010111000000101001010111010111010111101001010111101001010111010111000000010111101001101001000000010111000000010111101001010111010111101001101001101001000000010111000000010111010111
010111000000101001000000101001101001101001101001101001101001010111101001010111000000101001101001101001000000101001000000101001010111010111010111010111101001010111000000010111101001010111010111
010111000000101001000000101001010111010111010111101001101001101001101001101001000000101001010111010111000000101001000000010111010111010111010111010111101001010111000000010111101001101001010111
101001000000101001000000101001101001010111010111010111010111010111010111010111000000101001101001101001000000101001000000101001010111010111101001010111101001010111000000010111101001010111101001
010111000000010111000000101001101010010111010111010111101001101001101001010111000000010111010111010111000000010111000000010111010111101001010111101001010111101001000000101001101001101001101001
101001000000010111000000010111010111101001101001010111010111101001010111010111000000010111010111010111000000101001000000101001010111010111010111010111010111010111000000101001101001010111010111
010111000000010111000000010111101001010111010111101001101001010111010111101001000000101001010111010111000000101001000000010111010111010111010111101001010111101001000000010111101001101001010111
010111000000101001000000101001101001010111010111101001010111010111101001101001000000010111010111010111000000101001000000010111010111010111010111101001010111101001000000101001010111010111010111
101001000000101001000000101001010111101001010111010111010111101001010111101001000000101001010111101001000000010111000000101001010111010111101001010111101001010111000000010111010111010111101001
101001000000101001000000010111101001010111101001010111010111010111101001101001000000010111010111010111000000010111000000101001010111101001010111101001010111010111000000010111101001101001101001
101001000000010111000000101001101001010111101001101001010111101001101001101001000000101001101001010111000000010111000000101001101001010111010111101001010111010111000000101001010111101001101001
101001000000010111000000010111101001101001010111010111010111010111010111010111000000101001010111101001000000010111000000101001101001010111010111010111101001010111000000101001101001010111101001
010111000000101001000000010111010111010111101001010111010111101001010111101001000000010111101001101001000000101001000000010111101001101001010111010111010111010111000000010111101001101001010111
101001000000101001010111010111101001010111101001101001010111010111101001010111000000010111101001010111000000101001000000010111101001010111101001010111010111101001000000010111010111101001010111
010111000000101001101001010111101001010111101001101001101001010111010111010111000000010111010111010111000000101001000000010111101001010111101001010111101001101001000000010111010111101001101001
010111000000101001101001010111101001101001010111101001101001010111101001101001000000010111101001010111000000101001000000101001101001010111010111010111101001101001000000101001101001010111101001
101001000000101001010111101001101001010111010111101001010111101001010111010111000000010111101001010111000000101001000000010111010111101001101001101001101001101001000000101001101001010111101001
010111000000010111101001010111010111010111101001101001101001010111101001101001000000101001101001101001000000010111000000010111010111101001101001010111010111010111000000101001101001101001101001
101001000000010111101001010111101001010111101001010111101001010111101001010111101001101001010111101001000000101001000000101001010111101001101001101001101001101001000000010111010111010111101001
101001000000010111010111010111010111101001101001101001101001010111101001010111010111101001101001010111000000101001000000101001010111101001101001101001101001010111000000010111101001010111101001
101001000000101001101001010111101001101001010111010111101001010111101001010111101001101001010111101001000000010111000000101001101001101001101001101001101001010111000000010111010111101001010111
010111000000101001010111101001010111101001101001101001010111101001010111010111101001101001101001101001000000101001000000101001101001010111101001010111101001101001000000010111010111101001101001
101001000000101001101001010111101001010111101001010111010111010111101001010111101001101001101001010111000000010111000000101001010111101001101001101001010111101001000000010111010111010111010111
010111000000101001010111101001101001010111101001101001101001101001010111010111101001010111010111010111000000101001000000101001010111010111010111101001010111101001000000101001010111101001101001
010111000000101001101001101001010111101001010111101001010111010111101001101001010111101001101001101001010111101001000000010111101001010111101001010111101001010111000000101001101001010111010111
101001000000101001101001101001101001010111101001010111010111101001101001010111101001010111101001010111010111101001000000010111010111101001010111010111010111101001000000010111010111101001101001
010111000000101001010111101001101001101001010111101001101001010111010111101001010111010111010111010111010111010111000000010111010111010111010111010111010111010111000000010111101001010111010111
101001000000101001101001101001010111010111101001101001101001101001101001101001010111010111101001101001010111010111000000101001101001101001010111010111010111010111000000101001101001010111101001
101001000000010111010111101001101001010111010111101001101001101001101001010111101001101001010111010111010111101001000000010111101001101001101001101001010111010111000000010111101001101001010111
010111000000101001010111101001010111010111010111010111010111010111010111010111010111101001010111101001010111101001000000101001101001010111101001010111010111101001000000010111010111101001101001
010111000000010111010111010111010111101001010111010111101001101001101001101001010111101001010111101001010111101001000000101001101001101001101001101001101001101001000000010111010111101001101001
101001000000101001010111010111101001101001010111010111010111101001101001101001010111010111101001101001010111010111000000010111101001010111010111010111010111101001000000101001010111010111010111
010111000000010111010111101001101001101001010111101001010111010111010111101001010111101001010111101001101001101001101001101001010111010111010111010111101001010111000000010111101001010111101001
010111000000101001101001010111101001101001101001010111101001010111010111010111101001101001010111010111010111010111101001101001101001010111010111101001010111010111000000101001101001010111010111
101001000000010111010111101001010111010111101001101001101001010111010111101001010111010111010111101001101001010111101001101001010111010111101001101001101001010111000000010111101001101001010111
101001000000101001101001101001010111010111010111010111101001010111010111010111010111010111010111010111010111010111010111101001101001010111101001101001101001101001000000010111010111010111101001
010111000000010111010111101001101001010111010111010111010111010111101001010111101001101001101001010111010111010111101001010111010111010111101001101001010111101001000000010111101001010111010111
101001000000010111101001010111010111101001010111101001101001101001101001101001010111010111101001010111010111010111101001010111101001101001010111010111101001010111000000010111010111101001010111
010111000000010111010111010111101001010111010111010111101001010111101001101001010111010111010111010111010111010111010111010111101001101001101001101001101001010111000000010111101001101001101001
010111000000101001010111010111010111010111101001101001010111101001010111010111010111010111010111101001010111010111101001101001101001101001101001101001101001101001000000101001010111010111101001
010111000000010111101001101001101001101001010111101001010111101001101001010111101001010111010111010111101001010111101001010111101001101001010111101001010111010111000000010111010111101001101001
010111000000010111010111010111101001101001010111010111101001010111010111101001101001101001101001101001101001010111010111101001010111101001101001010111010111101001000000010111101001101001010111
010111010111010111101001101001101001101001101001010111010111010111010111101001101001101001101001101001010111010111101001101001010111010111101001010111010111010111000000010111101001010111101001
101001101001010111101001101001010111101001010111010111101001101001010111010111101001010111010111010111010111010111101001010111101001010111010111101001010111101001000000010111010111010111101001
101001101001010111010111101001010111010111101001010111010111010111101001010111010111101001101001010111010111010111101001101001010111101001010111010111010111010111000000101001101001010111101001
010111010111010111101001101001010111010111010111101001101001101001101001010111101001010111101001010111010111010111101001101001010111010111101001010111101001101001000000010111010111010111101001
101001101001101001010111010111010111101001010111010111010111010111101001101001010111010111010111010111010111101001010111101001010111101001101001101001101001101001000000101001010111101001010111
010111101001010111101001010111101001010111010111101001010111010111101001010111010111101001010111101001010111010111010111101001010111101001101001010111101001010111000000101001101001101001101001
010111010111010111101001101001101001010111101001101001101001010111010111101001101001101001101001010111010111010111101001101001010111101001010111010111010111010111000000101001101001101001101001
101001101001010111010111101001010111101001010111010111101001101001010111010111010111010111101001010111101001101001101001101001010111010111101001101001010111010111000000010111010111101001010111
010111010111101001010111101001101001010111010111101001101001010111101001010111010111010111010111101001101001010111101001101001010111010111010111010111010111101001000000010111010111101001010111
010111101001010111101001101001010111010111010111101001010111010111010111010111010111010111010111010111010111010111101001010111101001101001010111101001010111101001000000010111010111010111010111
010111010111010111010111010111010111010111010111101001101001010111101001010111101001010111010111101001101001010111101001010111010111101001101001010111101001010111000000101001101001101001010111
010111101001101001101001010111010111101001010111101001010111101001101001101001010111010111010111101001010111101001010111010111101001101001010111101001010111010111000000010111101001101001010111
101001010111101001010111101001101001010111010111101001101001101001101001101001101001010111010111010111101001010111010111010111101001010111010111010111010111010111000000010111010111101001010111
101001101001010111101001101001101001010111010111101001101001010111101001101001010111010111101001101001010111010111101001101001101001101001101001010111101001101001000000101001010111101001010111
101001010111010111101001010111101001010111101001010111101001101001010111010111010111101001101001010111101001101001101001010111010111010111010111010111101001101001000000010111010111010111101001
101001101001010111101001010111101001010111101001010111101001010111010111010111010111010111010111010111010111010111101001101001101001010111010111101001010111010111000000010111010111010111010111
101001101001101001010111010111010111010111101001101001010111010111010111010111101001010111101001101001010111101001101001010111010111010111010111101001010111101001000000010111101001010111010111
101001010111010111010111010111010111101001101001010111010111101001101001101001010111101001101001101001101001101001010111010111010111010111010111010111010111010111000000010111010111010111010111
010111010111010111101001101001101001010111010111010111010111010111010111010111101001010111010111010111010111010111010111101001010111101001010111010111010111010111000000101001010111101001101001
010111101001101001101001010111101001101001010111101001010111101001101001010111010111010111101001010111101001101001010111010111010111101001010111010111101001101001000000101001101001010111010111
101001101001010111101001010111010111010111010111010111010111101001101001101001101001010111010111101001010111101001101001101001101001010111101001101001101001010111000000101001010111010111101001
101001101001010111010111101001101001010111101001010111010111010111101001010111010111101001101001010111101001101001010111101001101001010111010111101001010111010111000000101001101001010111010111
101001101001101001010111101001010111101001101001010111101001101001010111010111101001010111010111101001101001101001101001010111101001101001101001010111010111101001000000101001010111010111010111
101001101001010111010111101001101001101001010111010111010111010111010111101001101001010111010111101001101001101001101001101001101001101001010111101001010111101001000000010111010111101001010111
010111010111010111101001010111010111010111010111010111010111101001101001101001101001101001010111010111010111010111010111010111010111010111010111010111101001010111000000010111010111101001101001
010111101001101001101001010111010111101001010111101001101001010111101001101001010111010111101001101001010111010111010111010111101001010111101001101001010111010111000000101001101001010111010111
010111010111101001101001101001010111010111010111010111101001101001010111010111101001101001010111101001101001010111010111010111101001101001010111010111010111101001000000010111010111101001010111
101001101001010111101001101001101001010111101001010111101001010111101001010111101001010111010111010111010111101001101001010111010111010111010111010111101001010111000000101001010111010111101001
101001010111101001101001010111101001101001010111010111101001101001010111010111010111010111101001010111010111010111101001010111101001010111101001010111101001101001000000010111101001101001101001
010111010111101001101001101001010111010111101001101001101001010111010111101001101001010111010111010111101001010111010111101001101001101001101001010111010111101001000000010111010111010111101001
101001101001010111101001101001101001101001101001010111010111010111010111010111101001101001010111010111010111101001101001101001101001010111010111010111010111101001000000010111010111101001101001
010111101001010111010111010111010111010111101001101001101001010111101001010111101001010111010111101001010111010111010111010111010111010111101001010111010111010111000000010111010111010111101001
101001010111010111010111101001101001101001010111101001101001101001101001010111101001010111101001101001010111010111010111010111101001101001101001010111101001101001000000101001010111010111010111
101001101001010111010111101001010111010111101001010111101001010111010111101001101001101001010111101001101001010111101001010111010111010111101001101001101001101001101001101001101001010111010111
101001010111010111010111010111101001010111101001010111101001101001101001101001010111101001010111101001101001101001101001010111101001101001101001101001010111101001010111101001010111101001101001
101001101001010111010111101001010111101001010111010111101001101001101001010111010111010111101001010111101001101001101001010111010111101001010111010111101001010111101001010111010111101001101001
101001010111010111010111010111010111010111101001101001010111010111010111010111101001010111010111101001101001101001010111010111010111101001101001010111010111010111010111010111010111010111101001
010111010111010111010111010111101001010111101001010111101001010111101001010111101001010111010111010111010111101001101001101001101001101001010111101001101001101001010111101001101001010111101001
101001101001010111010111010111010111101001010111010111010111101001101001101001010111101001010111101001101001010111101001010111010111010111010111101001010111101001010111010111010111010111010111
101001010111010111101001101001010111010111101001010111010111101001010111101001101001010111010111010111101001101001101001010111101001101001010111010111010111010111101001101001101001010111101001
101001010111101001101001101001010111101001010111010111101001010111101001101001010111010111010111010111101001101001010111101001101001101001101001010111010111101001101001101001010111101001010111
101001101001010111101001010111101001010111101001010111010111101001101001010111101001101001010111101001101001010111010111101001101001101001101001101001010111010111010111101001010111101001010111
101001101001101001010111010111010111010111010111010111101001101001010111010111010111010111010111101001010111101001010111101001101001010111101001010111101001010111010111101001101001010111101001
101001010111010111101001101001101001010111101001101001010111010111010111010111010111101001010111101001101001010111010111010111010111010111010111010111101001010111010111101001101001101001101001
101001101001101001101001101001010111101001010111010111101001010111010111010111010111101001101001101001101001101001010111010111010111101001101001010111010111101001101001101001101001010111010111
101001010111010111101001101001010111101001101001101001010111010111010111010111101001010111010111101001101001101001010111010111010111101001010111101001010111101001101001010111101001101001010111
101001101001010111101001010111101001101001010111101001101001101001010111010111010111101001101001101001010111010111101001010111010111010111101001010111010111101001101001010111010111010111101001
101001101001010111101001101001010111010111010111101001101001101001101001101001010111101001101001101001101001010111010111010111101001010111101001010111101001101001101001010111010111010111010111
101001101001010111101001010111101001010111101001101001010111010111010111010111101001101001010111101001101001101001101001010111101001010111010111101001010111101001101001010111010111101001101001
101001010111010111010111010111101001101001101001010111101001010111101001010111010111010111010111101001010111101001010111010111101001010111101001010111010111010111010111010111010111010111010111
101001010111101001010111010111010111101001010111010111101001010111010111101001101001010111010111010111010111010111101001010111010111101001101001010111010111010111101001101001101001101001101001
101001101001010111101001010111101001010111010111010111010111010111010111010111101001010111010111101001010111010111101001101001101001101001101001101001101001101001101001101001101001010111101001
101001101001010111101001010111010111101001010111101001010111101001101001101001101001010111010111101001010111101001101001010111010111010111010111010111101001010111010111010111101001101001101001
101001101001101001010111101001010111010111010111101001101001101001010111010111101001101001010111101001101001010111010111010111010111010111010111010111010111010111101001101001101001101001101001
101001101001101001101001010111010111101001101001101001101001010111010111101001101001101001101001101001101001010111010111101001101001101001010111101001010111010111101001010111010111101001010111
101001101001101001101001101001101001010111010111101001010111010111101001101001010111010111010111101001010111101001101001101001010111101001010111010111010111101001101001010111010111101001101001
101001010111010111010111101001010111010111101001010111010111101001010111101001101001010111010111101001010111101001101001101001101001010111010111010111101001010111010111010111010111010111010111
101001101001010111101001010111101001101001010111010111010111101001101001010111101001010111010111010111101001010111101001010111010111010111010111010111101001010111010111010111101001010111010111
101001101001010111010111101001010111010111010111101001010111101001010111101001010111010111010111010111101001101001010111101001101001010111101001010111010111010111010111010111101001010111010111
010111010111101001010111010111010111101001101001010111101001010111010111101001010111010111010111101001101001010111101001101001010111101001010111010111101001010111010111101001101001101001010111
101001010111010111010111010111101001010111101001101001101001010111101001101001101001010111010111101001010111010111101001010111101001010111101001010111010111010111010111101001101001010111010111
010111101001010111101001010111010111010111101001010111010111101001101001101001010111101001101001010111101001010111010111101001101001010111010111010111101001101001010111010111101001010111010111
101001010111010111101001101001101001101001101001010111010111101001101001010111101001101001101001010111010111101001101001010111101001010111010111101001010111010111101001010111101001101001010111
101001010111010111101001010111010111101001010111101001101001010111101001010111010111010111010111101001101001101001010111101001010111101001010111010111010111101001010111010111010111101001101001
010111010111101001101001101001101001101001010111010111010111010111010111101001101001010111101001101001010111010111010111101001010111010111101001010111010111010111010111101001101001101001010111
010111010111010111101001010111010111010111101001101001101001101001010111101001010111101001010111101001101001010111010111010111101001101001010111101001101001010111010111101001010111010111010111
101001010111010111101001010111101001010111010111010111010111101001010111010111010111101001101001101001101001010111101001101001101001101001101001101001101001101001101001101001101001010111101001
101001010111010111010111010111010111010111010111010111101001010111010111010111101001101001101001010111010111010111101001101001010111101001010111101001010111010111010111010111010111101001010111
101001010111010111010111010111101001010111101001101001010111101001101001010111010111101001010111010111101001101001101001101001010111010111101001101001010111010111101001101001101001010111010111
010111101001101001101001010111101001010111101001101001101001101001010111101001101001101001010111010111101001101001101001101001101001101001101001010111101001101001101001101001101001010111101001
010111101001010111101001010111010111101001101001010111101001010111010111010111101001010111010111010111101001101001010111101001101001010111101001010111101001101001101001101001101001101001101001
010111010111010111010111101001101001101001101001010111101001010111010111101001101001010111101001010111010111010111101001101001010111101001101001101001010111101001010111010111010111010111010111
010111010111101001101001101001101001010111101001010111101001010111101001101001101001101001010111010111101001101001010111101001010111010111010111010111101001101001010111101001010111010111010111
101001101001101001101001010111010111010111010111101001101001101001101001101001101001010111101001010111101001010111010111010111010111010111101001010111010111010111010111010111101001101001101001
010111101001101001010111101001010111010111101001010111010111101001010111101001101001010111101001101001101001010111101001101001010111101001101001010111010111101001101001101001010111101001010111
010111010111010111010111010111101001101001010111010111101001010111101001010111101001101001010111101001101001010111010111101001010111101001101001101001101001101001101001010111010111010111101001
010111101001101001101001010111101001010111010111101001010111010111010111010111010111101001101001010111101001101001101001101001010111101001010111010111010111010111010111010111010111010111010111
101001010111101001010111010111101001101001010111010111101001010111010111101001010111010111101001010111010111010111010111010111010111101001101001101001101001101001101001010111101001101001101001
101001010111101001101001010111010111010111101001010111010111101001101001010111101001101001010111010111101001010111101001010111010111010111010111010111101001010111010111010111010111101001010111
101001101001010111101001101001101001101001010111010111101001101001010111010111101001010111010111101001101001010111101001010111010111101001010111010111010111010111101001101001010111010111101001
010111010111010111010111101001010111010111101001010111010111010111101001101001101001101001010111010111010111010111010111010111010111010111101001010111101001010111101001010111010111010111101001
010111101001010111101001101001010111010111101001101001101001010111101001010111101001010111010111101001101001101001010111010111101001101001010111101001101001010111101001010111010111010111010111
010111101001010111010111010111010111010111010111010111101001010111010111010111010111010111010111101001010111101001010111101001010111101001010111010111010111010111010111101001010111010111101001
010111101001010111010111010111010111101001010111010111101001010111101001010111101001010111010111101001010111101001101001010111101001010111010111101001101001101001010111010111010111101001101001
010111010111010111101001101001101001101001010111101001010111010111101001010111101001010111101001010111101001101001010111010111010111010111101001010111010111010111101001010111010111010111010111
010111101001010111010111010111010111101001010111101001010111010111010111101001101001101001010111101001010111101001010111010111010111010111101001010111010111010111101001010111101001101001010111
010111101001101001101001010111101001101001101001010111101001101001010111010111101001010111101001101001101001010111101001010111101001101001101001010111101001010111010111101001101001010111101001
101001101001010111101001101001010111010111010111101001101001101001101001010111010111101001101001101001010111101001010111101001010111010111010111010111101001010111010111010111101001010111101001
010111010111010111101001101001101001010111101001010111101001101001010111101001101001101001010111010111010111010111101001010111101001010111101001101001101001010111101001101001101001101001010111
101001101001010111010111010111101001010111101001010111010111010111101001101001101001010111010111010111101001101001101001010111010111010111101001010111101001010111010111101001101001101001101001
101001101001010111010111010111101001101001010111101001010111010111010111101001010111010111010111010111101001101001101001101001101001010111010111101001010111010111101001010111101001010111010111
101001010111010111010111101001101001010111010111010111010111010111101001010111010111101001101001010111010111101001010111101001010111101001010111010111010111101001101001010111010111010111101001
101001101001010111010111101001010111010111101001101001010111101001010111010111101001101001101001101001101001101001101001101001010111101001010111101001101001101001010111101001010111101001010111
010111101001010111101001101001010111101001101001101001101001101001010111010111101001010111010111101001010111010111010111101001101001101001101001101001010111101001101001010111010111010111101001
010111010111101001010111101001010111010111010111101001101001101001101001010111101001101001010111010111101001101001010111010111010111101001010111101001101001010111010111101001010111010111010111
010111101001010111010111101001101001101001010111010111010111101001101001101001101001010111101001010111010111010111010111101001010111101001010111101001101001101001101001010111101001101001101001
101001010111101001010111101001101001010111010111010111010111010111101001010111010111010111101001101001010111101001010111010111010111101001101001010111010111101001010111101001010111101001101001
010111101001010111010111010111101001101001010111010111010111101001010111101001010111101001010111101001010111010111101001101001101001101001101001101001010111010111101001101001010111010111101001
101001101001101001101001010111101001101001010111010111010111101001101001010111010111101001010111101001101001101001101001010111010111010111010111101001010111010111101001010111010111101001010111
010111101001010111101001101001010111010111101001101001101001010111010111101001101001010111101001101001101001010111010111010111101001101001010111101001101001101001010111010111010111010111010111
010111101001101001101001010111101001010111010111010111010111101001101001010111010111010111010111010111010111101001101001101001101001010111010111010111101001010111010111101001101001101001010111
010111101001010111010111010111101001010111010111010111101001010111010111010111101001101001101001010111010111010111101001101001010111010111101001101001101001010111010111010111010111010111101001
010111010111010111010111101001010111101001010111101001010111010111010111010111010111101001101001101001101001010111101001101001101001101001010111010111010111101001010111101001010111010111101001
101001101001010111010111101001101001010111010111101001010111101001101001101001010111101001010111010111101001101001010111101001101001101001010111101001010111010111010111010111101001101001101001
010111010111101001010111010111101001010111101001101001101001101001010111101001010111101001010111010111010111101001101001101001101001010111010111010111010111010111010111101001101001101001101001
101001010111101001101001101001010111010111010111010111010111010111101001101001010111101001101001101001101001101001010111101001101001101001010111101001101001010111101001101001101001010111101001
010111101001101001101001010111010111010111101001101001010111010111101001101001010111101001010111101001010111101001010111101001010111101001101001101001101001101001010111101001010111010111101001
101001101001010111010111101001101001010111101001101001010111010111010111010111010111010111010111101001010111101001101001010111101001101001010111101001010111101001010111101001010111010111010111
010111101001010111101001010111101001010111010111101001101001010111101001010111010111010111010111010111101001010111010111101001101001101001010111101001010111101001010111101001010111101001010111
010111010111010111010111101001101001010111010111101001010111101001010111010111010111010111010111010111101001010111010111010111101001101001101001101001010111010111101001101001010111010111101001
101001101001101001101001101001010111010111101001101001010111010111010111101001010111101001101001010111010111101001010111101001101001010111101001010111101001101001010111010111101001101001010111
010111101001010111010111101001010111101001010111010111101001010111010111010111010111101001101001010111010111101001010111101001010111010111010111101001010111101001010111101001010111101001010111
010111101001101001010111101001010111101001010111101001101001010111010111010111010111010111010111101001010111010111101001101001010111010111101001010111101001101001101001010111010111010111101001
101001010111101001010111101001010111010111101001101001010111101001101001010111010111010111101001101001101001010111010111010111010111010111010111101001010111010111101001101001101001010111010111
010111010111101001101001101001010111101001101001101001010111010111101001101001101001010111010111010111010111010111101001101001101001010111101001101001101001010111010111010111010111101001010111
010111010111010111010111010111010111101001010111101001101001010111101001101001010111010111010111101001010111101001010111101001101001101001101001101001101001101001010111101001010111101001010111
101001010111101001010111010111101001101001010111010111010111101001010111101001010111101001101001010111010111010111101001010111010111101001101001101001101001101001101001010111101001101001101001
010111010111010111010111101001101001010111101001010111101001101001010111101001101001101001101001101001101001010111101001010111101001010111101001010111101001101001010111101001101001010111010111
101001101001010111101001010111010111101001101001010111101001010111101001010111010111010111010111101001010111101001101001101001010111010111101001010111101001101001101001101001010111101001101001
010111010111101001101001101001010111010111101001101001101001010111010111010111010111101001010111101001010111010111101001010111101001010111010111101001101001010111010111101001010111010111101001
101001010111101001101001010111101001101001010111010111101001101001101001101001101001101001101001101001010111010111101001101001010111101001101001101001010111010111010111101001010111101001010111
101001101001101001010111010111101001010111101001101001101001101001010111101001010111101001101001101001010111010111010111101001010111101001101001010111010111010111010111010111101001010111010111
101001010111101001101001010111101001010111101001101001101001010111010111101001101001010111101001010111101001010111101001101001010111010111010111101001010111101001101001010111101001101001010111
101001010111010111010111101001010111010111101001101001010111101001101001101001101001101001010111010111101001101001010111101001101001101001010111010111101001101001101001101001101001101001010111
010111010111101001101001010111010111101001010111010111101001010111101001101001101001010111101001010111010111101001010111101001101001010111010111101001101001101001101001010111101001010111010111
101001101001101001010111010111010111010111101001101001010111010111101001010111010111101001010111101001101001010111010111101001101001101001101001010111101001010111010111101001101001010111010111
010111101001010111010111101001010111010111010111101001101001101001010111101001010111101001101001010111101001010111010111010111101001101001101001010111101001101001101001101001101001010111101001
101001010111010111101001010111010111010111010111010111101001101001101001010111101001101001101001010111101001101001010111101001010111101001010111010111010111101001010111010111101001010111010111
010111101001010111010111101001010111010111101001010111101001101001101001101001010111101001010111010111101001010111010111010111010111010111010111010111101001010111010111101001010111010111101001
101001101001010111101001010111010111010111101001010111010111101001101001101001010111101001010111010111101001010111010111010111101001010111010111010111101001101001010111101001010111010111101001
010111010111101001101001101001101001010111010111101001101001010111010111010111101001010111101001101001010111101001101001010111101001101001101001101001101001101001101001010111010111101001101001
010111101001010111010111010111010111101001010111010111101001010111010111101001101001010111010111010111101001101001010111010111010111101001010111101001010111101001101001101001010111101001101001
010111101001101001010111010111010111101001010111010111101001101001101001101001010111101001010111010111010111101001101001101001101001101001010111010111010111101001101001010111010111010111101001
101001101001010111101001101001101001010111101001101001101001101001010111101001101001010111101001101001101001010111010111101001101001010111010111010111010111010111101001101001010111010111010111
101001010111101001010111010111010111010111010111010111010111101001101001010111010111101001010111101001101001101001101001101001101001010111101001010111101001010111101001010111101001010111101001
101001101001101001010111101001101001101001101001010111101001101001101001101001010111010111010111010111010111010111010111101001010111101001010111010111101001101001010111010111101001101001101001
101001101001010111010111010111101001010111101001010111101001010111010111101001101001010111101001101001101001101001010111010111101001101001010111101001101001010111010111101001101001101001010111
101001101001101001010111101001101001010111101001101001101001010111010111101001101001101001101001010111101001101001010111101001010111101001010111010111101001101001101001101001010111010111010111
101001101001101001010111101001010111010111010111101001101001101001101001101001010111010111101001010111101001010111101001010111101001101001101001010111101001101001010111010111010111101001010111
