000000000000000000000000000000000000000000000000000000000000000000000000000000000000000000000000000000000000000000000000000000000000000000000000000000000000000000000000000000000000000000000000
000000000000000000000000000000000000000000000000000000000000000000000000000000000000000000000000000000000000000000000000000000000000000000000000000000000000000000000000000000000000000000000000
000000000000000000000000000000000000000000000000000000000000000000000000000000000000000000000000000000000000000000000000000000000000000000000000000000000000000000000000000000000000000000000000
000000000000000000000000000000000000000000000000000000000000000000000000000000000000000000000000000000000000000000000000000000000000000000000000000000000000000000000000000000000000000000000000
000000000000000000000000000000000000000000000000000000000000000000000000000000000000000000000000000000000000000000000000000000000000000000000000000000000000000000000000000000000000000000000000
000000000000000000000000000000000000000000000000000000000000000000000000000000000000000000000000000000000000000000000000000000000000000000000000000000000000000000000000000000000000000000000000
000000000000000000000000000000000000000000000000000000000000000000000000000000000000000000000000000000000000000000000000000000000000000000000000000000000000000000000000000000000000000000000000
000000000000000000000000000000000000000000000000000000000000000000000000000000000000000000000000000000000000000000000000000000000000000000000000000000000000000000000000000000000000000000000000
000000000000000000000000000000000000000000000000000000000000000000000000000000000000000000000000000000000000000000000000000000000000000000000000000000000000000000000000000000000000000000000000
000000000000000000000000000000000000000000000000000000000000000000000000000000000000000000000000000000000000000000000000000000000000000000000000000000000000000000000000000000000000000000000000
000000000000000000000000000000000000000000000000000000000000000000000000000000000000000000000000000000000000000000000000000000000000000000000000000000000000000000000000000000000000000000000000
000000000000000000000000000000000000000000000000000000000000000000000000000000000000000000000000000000000000000000000000000000000000000000000000000000000000000000000000000000000000000000000000
000000000000000000000000000000000000000000000000000000000000000000000000000000000000000000000000000000000000000000000000000000000000000000000000000000000000000000000000000000000000000000000000
000000000000000000000000000000000000000000000000000000000000000000000000000000000000000000000000000000000000000000000000000000000000000000000000000000000000000000000000000000000000000000000000
000000000000000000000000000000000000000000000000000000000000000000000000000000000000000000000000000000000000000000000000000000000000000000000000000000000000000000000000000000000000000000000000
000000000000000000000000000000000000000000000000000000000000000000000000000000000000000000000000000000000000000000000000000000000000000000000000000000000000000000000000000000000000000000000000
000000000000000000000000000000000000000000000000000000000000000000000000000000000000000000000000000000000000000000000000000000000000000000000000000000000000000000000000000000000000000000000000
000000000000000000000000000000000000000000000000000000000000000000000000000000000000000000000000000000000000000000000000000000000000000000000000000000000000000000000000000000000000000000000000
000000000000000000000000000000000000000000000000000000000000000000000000000000000000000000000000000000000000000000000000000000000000000000000000000000000000000000000000000000000000000000000000
000000000000000000000000000000000000000000000000000000000000000000000000000000000000000000000000000000000000000000000000000000000000000000000000000000000000000000000000000000000000000000000000
000000000000000000000000000000000000000000000000000000000000000000000000000000000000000000000000000000000000000000000000000000000000000000000000000000000000000000000000000000000000000000000000
000000000000000000000000000000000000000000000000000000000000000000000000000000000000000000000000000000000000000000000000000000000000000000000000000000000000000000000000000000000000000000000000
000000000000000000000000000000000000000000000000000000000000000000000000000000000000000000000000000000000000000000000000000000000000000000000000000000000000000000000000000000000000000000000000
000000000000000000000000000000000000000000000000000000000000000000000000000000000000000000000000000000000000000000000000000000000000000000000000000000000000000000000000000000000000000000000000
000000000000000000000000000000000000000000000000000000000000000000000000000000000000000000000000000000000000000000000000000000000000000000000000000000000000000000000000000000000000000000000000
000000000000000000000000000000000000000000000000000000000000000000000000000000000000000000000000000000000000000000000000000000000000000000000000000000000000000000000000000000000000000000000000
000000000000000000000000000000000000000000000000000000000000000000000000000000000000000000000000000000000000000000000000000000000000000000000000000000000000000000000000000000000000000000000000
000000000000000000000000000000000000000000000000000000000000000000000000000000000000000000000000000000000000000000000000000000000000000000000000000000000000000000000000000000000000000000000000
000000000000000000000000000000000000000000000000000000000000000000000000000000000000000000000000000000000000000000000000000000000000000000000000000000000000000000000000000000000000000000000000
000000000000000000000000000000000000000000000000000000000000000000000000000000000000000000000000000000000000000000000000000000000000000000000000000000000000000000000000000000000000000000000000
000000000000000000000000000000000000000000000000000000000000000000000000000000000000000000000000000000000000000000000000000000000000000000000000000000000000000000000000000000000000000000000000
000000000000000000000000000000000000000000000000000000000000000000000000000000000000000000000000000000000000000000000000000000000000000000000000000000000000000000000000000000000000000000000000
000000000000000000000000000000000000000000000000000000000000000000000000000000000000000000000000000000000000000000000000000000000000000000000000000000000000000000000000000000000000000000000000
000000000000000000000000000000000000000000000000000000000000000000000000000000000000000000000000000000000000000000000000000000000000000000000000000000000000000000000000000000000000000000000000
000000000000000000000000000000000000000000000000000000000000000000000000000000000000000000000000000000000000000000000000000000000000000000000000000000000000000000000000000000000000000000000000
000000000000000000000000000000000000000000000000000000000000000000000000000000000000000000000000000000000000000000000000000000000000000000000000000000000000000000000000000000000000000000000000
000000000000000000000000000000000000000000000000000000000000000000000000000000000000000000000000000000000000000000000000000000000000000000000000000000000000000000000000000000000000000000000000
000000000000000000000000000000000000000000000000000000000000000000000000000000000000000000000000000000000000000000000000000000000000000000000000000000000000000000000000000000000000000000000000
000000000000000000000000000000000000000000000000000000000000000000000000000000000000000000000000000000000000000000000000000000000000000000000000000000000000000000000000000000000000000000000000
000000000000000000000000000000000000000000000000000000000000000000000000000000000000000000000000000000000000000000000000000000000000000000000000000000000000000000000000000000000000000000000000
000000000000000000000000000000000000000000000000000000000000000000000000000000000000000000000000000000000000000000000000000000000000000000000000000000000000000000000000000000000000000000000000
000000000000000000000000000000000000000000000000000000000000000000000000000000000000000000000000000000000000000000000000000000000000000000000000000000000000000000000000000000000000000000000000
000000000000000000000000000000000000000000000000000000000000000000000000000000000000000000000000000000000000000000000000000000000000000000000000000000000000000000000000000000000000000000000000
000000000000000000000000000000000000000000000000000000000000000000000000000000000000000000000000000000000000000000000000000000000000000000000000000000000000000000000000000000000000000000000000
000000000000000000000000000000000000000000000000000000000000000000000000000000000000000000000000000000000000000000000000000000000000000000000000000000000000000000000000000000000000000000000000
000000000000000000000000000000000000000000000000000000000000000000000000000000000000000000000000000000000000000000000000000000000000000000000000000000000000000000000000000000000000000000000000
000000000000000000000000000000000000000000000000000000000000000000000000000000000000000000000000000000000000000000000000000000000000000000000000000000000000000000000000000000000000000000000000
000000000000000000000000000000000000000000000000000000000000000000000000000000000000000000000000000000000000000000000000000000000000000000000000000000000000000000000000000000000000000000000000
000000000000000000000000000000000000000000000000000000000000000000000000000000000000000000000000000000000000000000000000000000000000000000000000000000000000000000000000000000000000000000000000
000000000000000000000000000000000000000000000000000000000000000000000000000000000000000000000000000000000000000000000000000000000000000000000000000000000000000000000000000000000000000000000000
000000000000000000000000000000000000000000000000000000000000000000000000000000000000000000000000000000000000000000000000000000000000000000000000000000000000000000000000000000000000000000000000
000000000000000000000000000000000000000000000000000000000000000000000000000000000000000000000000000000000000000000000000000000000000000000000000000000000000000000000000000000000000000000000000
000000000000000000000000000000000000000000000000000000000000000000000000000000000000000000000000000000000000000000000000000000000000000000000000000000000000000000000000000000000000000000000000
000000000000000000000000000000000000000000000000000000000000000000000000000000000000000000000000000000000000000000000000000000000000000000000000000000000000000000000000000000000000000000000000
000000000000000000000000000000000000000000000000000000000000000000000000000000000000000000000000000000000000000000000000000000000000000000000000000000000000000000000000000000000000000000000000
000000000000000000000000000000000000000000000000000000000000000000000000000000000000000000000000000000000000000000000000000000000000000000000000000000000000000000000000000000000000000000000000
000000000000000000000000000000000000000000000000000000000000000000000000000000000000000000000000000000000000000000000000000000000000000000000000000000000000000000000000000000000000000000000000
000000000000000000000000000000000000000000000000000000000000000000000000000000000000000000000000000000000000000000000000000000000000000000000000000000000000000000000000000000000000000000000000
000000000000000000000000000000000000000000000000000000000000000000000000000000000000000000000000000000000000000000000000000000000000000000000000000000000000000000000000000000000000000000000000
000000000000000000000000000000000000000000000000000000000000000000000000000000000000000000000000000000000000000000000000000000000000000000000000000000000000000000000000000000000000000000000000
000000000000000000000000000000000000000000000000000000000000000000000000000000000000000000000000000000000000000000000000000000000000000000000000000000000000000000000000000000000000000000000000
000000000000000000000000000000000000000000000000000000000000000000000000000000000000000000000000000000000000000000000000000000000000000000000000000000000000000000000000000000000000000000000000
000000000000000000000000000000000000000000000000000000000000000000000000000000000000000000000000000000000000000000000000000000000000000000000000000000000000000000000000000000000000000000000000
000000000000000000000000000000000000000000000000000000000000000000000000000000000000000000000000000000000000000000000000000000000000000000000000000000000000000000000000000000000000000000000000
000000000000000000000000000000000000000000000000000000000000000000000000000000000000000000000000000000000000000000000000000000000000000000000000000000000000000000000000000000000000000000000000
000000000000000000000000000000000000000000000000000000000000000000000000000000000000000000000000000000000000000000000000000000000000000000000000000000000000000000000000000000000000000000000000
000000000000000000000000000000000000000000000000000000000000000000000000000000000000000000000000000000000000000000000000000000000000000000000000000000000000000000000000000000000000000000000000
000000000000000000000000000000000000000000000000000000000000000000000000000000000000000000000000000000000000000000000000000000000000000000000000000000000000000000000000000000000000000000000000
000000000000000000000000000000000000000000000000000000000000000000000000000000000000000000000000000000000000000000000000000000000000000000000000000000000000000000000000000000000000000000000000
000000000000000000000000000000000000000000000000000000000000000000000000000000000000000000000000000000000000000000000000000000000000000000000000000000000000000000000000000000000000000000000000
000000000000000000000000000000000000000000000000000000000000000000000000000000000000000000000000000000000000000000000000000000000000000000000000000000000000000000000000000000000000000000000000
000000000000000000000000000000000000000000000000000000000000000000000000000000000000000000000000000000000000000000000000000000000000000000000000000000000000000000000000000000000000000000000000
000000000000000000000000000000000000000000000000000000000000000000000000000000000000000000000000000000000000000000000000000000000000000000000000000000000000000000000000000000000000000000000000
000000000000000000000000000000000000000000000000000000000000000000000000000000000000000000000000000000000000000000000000000000000000000000000000000000000000000000000000000000000000000000000000
000000000000000000000000000000000000000000000000000000000000000000000000000000000000000000000000000000000000000000000000000000000000000000000000000000000000000000000000000000000000000000000000
000000000000000000000000000000000000000000000000000000000000000000000000000000000000000000000000000000000000000000000000000000000000000000000000000000000000000000000000000000000000000000000000
000000000000000000000000000000000000000000000000000000000000000000000000000000000000000000000000000000000000000000000000000000000000000000000000000000000000000000000000000000000000000000000000
000000000000000000000000000000000000000000000000000000000000000000000000000000000000000000000000000000000000000000000000000000000000000000000000000000000000000000000000000000000000000000000000
000000000000000000000000000000000000000000000000000000000000000000000000000000000000000000000000000000000000000000000000000000000000000000000000000000000000000000000000000000000000000000000000
000000000000000000000000000000000000000000000000000000000000000000000000000000000000000000000000000000000000000000000000000000000000000000000000000000000000000000000000000000000000000000000000
000000000000000000000000000000000000000000000000000000000000000000000000000000000000000000000000000000000000000000000000000000000000000000000000000000000000000000000000000000000000000000000000
000000000000000000000000000000000000000000000000000000000000000000000000000000000000000000000000000000000000000000000000000000000000000000000000000000000000000000000000000000000000000000000000
000000000000000000000000000000000000000000000000000000000000000000000000000000000000000000000000000000000000000000000000000000000000000000000000000000000000000000000000000000000000000000000000
000000000000000000000000000000000000000000000000000000000000000000000000000000000000000000000000000000000000000000000000000000000000000000000000000000000000000000000000000000000000000000000000
000000000000000000000000000000000000000000000000000000000000000000000000000000000000000000000000000000000000000000000000000000000000000000000000000000000000000000000000000000000000000000000000
000000000000000000000000000000000000000000000000000000000000000000000000000000000000000000000000000000000000000000000000000000000000000000000000000000000000000000000000000000000000000000000000
000000000000000000000000000000000000000000000000000000000000000000000000000000000000000000000000000000000000000000000000000000000000000000000000000000000000000000000000000000000000000000000000
000000000000000000000000000000000000000000000000000000000000000000000000000000000000000000000000000000000000000000000000000000000000000000000000000000000000000000000000000000000000000000000000
000000000000000000000000000000000000000000000000000000000000000000000000000000000000000000000000000000000000000000000000000000000000000000000000000000000000000000000000000000000000000000000000
000000000000000000000000000000000000000000000000000000000000000000000000000000000000000000000000000000000000000000000000000000000000000000000000000000000000000000000000000000000000000000000000
000000000000000000000000000000000000000000000000000000000000000000000000000000000000000000000000000000000000000000000000000000000000000000000000000000000000000000000000000000000000000000000000
000000000000000000000000000000000000000000000000000000000000000000000000000000000000000000000000000000000000000000000000000000000000000000000000000000000000000000000000000000000000000000000000
000000000000000000000000000000000000000000000000000000000000000000000000000000000000000000000000000000000000000000000000000000000000000000000000000000000000000000000000000000000000000000000000
000000000000000000000000000000000000000000000000000000000000000000000000000000000000000000000000000000000000000000000000000000000000000000000000000000000000000000000000000000000000000000000000
000000000000000000000000000000000000000000000000000000000000000000000000000000000000000000000000000000000000000000000000000000000000000000000000000000000000000000000000000000000000000000000000
000000000000000000000000000000000000000000000000000000000000000000000000000000000000000000000000000000000000000000000000000000000000000000000000000000000000000000000000000000000000000000000000
000000000000000000000000000000000000000000000000000000000000000000000000000000000000000000000000000000000000000000000000000000000000000000000000000000000000000000000000000000000000000000000000
000000000000000000000000000000000000000000000000000000000000000000000000000000000000000000000000000000000000000000000000000000000000000000000000000000000000000000000000000000000000000000000000
000000000000000000000000000000000000000000000000000000000000000000000000000000000000000000000000000000000000000000000000000000000000000000000000000000000000000000000000000000000000000000000000
000000000000000000000000000000000000000000000000000000000000000000000000000000000000000000000000000000000000000000000000000000000000000000000000000000000000000000000000000000000000000000000000
000000000000000000000000000000000000000000000000000000000000000000000000000000000000000000000000000000000000000000000000000000000000000000000000000000000000000000000000000000000000000000000000
000000000000000000000000000000000000000000000000000000000000000000000000000000000000000000000000000000000000000000000000000000000000000000000000000000000000000000000000000000000000000000000000
000000000000000000000000000000000000000000000000000000000000000000000000000000000000000000000000000000000000000000000000000000000000000000000000000000000000000000000000000000000000000000000000
000000000000000000000000000000000000000000000000000000000000000000000000000000000000000000000000000000000000000000000000000000000000000000000000000000000000000000000000000000000000000000000000
000000000000000000000000000000000000101010000000000000000000000000000000000000000000000000000000000000000000000000000000000000000000000000000000000000000000000000000000000000000000000000000000
000000000000000000000000000000000000010101000000000000000000000000000000000000000000000000000000000000000000000000000000000000000000000000000000000000000000000000000000000000000000000000000000
000000000000000000000000000000000000010100000000000000000000000000000000000000000000000000000000000000000000000000000000000000000000000000000000000000000000000000000000000000000000000000000000
000000000000000000000000000000000000010010000000000000000000000000000000000000000000000000000000000000000000000000000000000000000000000000000000000000000000000000000000000000000000000000000000
000000000000000000000000000000000000010111000000000000000000000000000000000000000000000000000000000000000000000000000000000000000000000000000000000000000000000000000000000000000000000000000000
000000000000000000000000000000000000010111000000000000000000000000000000000000000000000000000000000000000000000000000000000000000000000000000000000000000000000000000000000000000000000000000000
000000000000000000000000000000000000010100000000000000000000000000000000000000000000000000000000000000000000000000000000000000000000000000000000000000000000000000000000000000000000000000000000
000000000000000000000000000000000000010101000000000000000000000000000000000000000000000000000000000000000000000000000000000000000000000000000000000000000000000000000000000000000000000000000000
000000000000000000000000000000000000101100000000000000000000000000000000000000000000000000000000000000000000000000000000000000000000000000000000101010000000000000000000000000000000000000000000
000000000000000000000000000000000000101101000000000000000000000000000000000000000000000000000000000000000000000000000000000000000000000000000000101011000000000000000000000000000000000000000000
000000000000000000000000000000000000010110000000000000000000000000000000000000000000000000000000000000000000000000000000000000000000000000000000010100000000000000000000000000000000000000000000
000000000000000000000000000000000000010101000000000000000000000000000000000000000000000000000000000000000000000000000000000000000000000000000000010010000000000000000000000000000000000000000000
000000000000000000000000000000000000101101000000000000000000000000000000000000000000000000000000000000000000000000000000000000000000000000000000010111000000000000000000000000000000000000000000
000000000000000000000000000000000000010101000000000000000000000000000000000000000000000000000000000000000000000000000000000000000000000000000000010111000000000000000000000000000000000000000000
000000000000000000000000000000000000010010000000000000000000000000000000000000000000000000000000000000000000000000000000000000000000000000000000010100000000000000000000000000000000000000000000
000000000000000000000000000000000000101011000000010110000000000000000000000000000000000000000000000000000000000000000000000000000000000000000000101011000000000000000000000000000000000000000000
000000000000000000000000000000000000101011000000010101000000000000000000000000000000000000000000000000000000000000000000000000000000000000000000101100000000000000000000000000000000000000000000
000000000000000000000000000000000000101100000000101100000000000000000000000000000000000000000000000000000000000000000000000000000000000000000000010011000000000000000000000000000000000000000000
000000000000000000000000000000000000101100000000010010000000000000000000000000000000000000000000000000000000000000000000000000000000000000000000101010000000000000000000000000000000000000000000
000000000000000000000000000000000000010111000000010111000000000000000000000000000000000000000000000000000000000000000000000000000000000000000000010101000000000000000000000000000000000000000000
000000000000000000000000000000000000010100000000010111000000000000000000000000000000000000000000000000000000000000000000000000000000000000000000010011000000000000000000000000000000000000000000
000000000000000000000000000000000000101011000000010100000000000000000000000000000000000000000000000000000000000000000000000000000000000000000000101011000000000000000000000000000000000000000000
000000000000000000000000000000000000010111000000010101000000000000000000000000000000000000000000000000000000000000000000000000000000000000000000101110000000000000000000000000000000000000000000
000000000000000000000000000000000000010101000000101100000000000000000000000000000000000000000000000000000000000000000000000000000000000000000000101011000000000000000000000000000000000000000000
000000000000000000000000000000000000101001000000010011000000000000000000000000000000000000000000000000000000000000000000000000000000000000000000101011000000000000000000000000000000000000000000
000000000000000000000000000000000000010101000000010110000000000000000000000000000000000000000000000000000000000000000000000000000000000000000000101100000000000000000000000000000000000000000000
000000000000000000000000000000000000010101000000010101000000000000000000000000000000000000000000000000000000000000000000000000000000000000000000010100000000000000000000000000000000000000000000
000000000000000000000000000000000000010101000000101101000000000000000000000000000000000000000000000000000000000000000000000000000000000000000000101001000000000000000000000000000000000000000000
000000000000000000000000000000000000010010000000010101000000000000000000000000000000000000000000000000000000000000000000000000000000000000000000010100000000000000000000000000000000000000000000
000000000000000000000000000000000000101010000000101110000000000000000000000000000000000000000000000000000000000000000000000000000000000000000000101011000000000000000000000000000000000000000000
000000000000000000000000000000000000110000000000010101000000000000000000000000000000000000000000000000000000000000000000000000000000000000000000010111000000000000000000000000000000000000000000
000000000000000000000000000000000000101011000000010101000000000000000000000000000000000000000000000000000000000000000000000000000000000000000000010101000000000000000000000000000000000000000000
000000000000000000000000000000000000101111000000010100000000000000000000000000000000000000000000000000000000000000000000000000000000000000000000010111000000000000000000000000000000000000000000
000000000000000000000000000000000000010101000000101100000000000000000000000000000000000000000000000000000000000000000000000000000000000000000000101011000000000000000000000000000000000000000000
000000000000000000000000000000000000010010000000010111000000000000000000000000000000000000000000000000000000000000000000000000000000000000000000010100000000000000000000000000000000000000000000
000000000000000000000000000000000000010100000000010100000000000000000000000000000000000000000000000000000000000000000000000000000000000000000000010101000000000000000000000000000000000000000000
000000000000000000000000000000000000010011000000101011000000000000000000000000000000000000000000000000000000000000000000000000000000000000000000101011000000000000000000000000000000000000000000
000000000000000000000000000000000000101000000000101001000000000000000000000000000000000000000000000000000000000000000000000000000000000000000000010110000000000000000000000000000000000000000000
000000000000000000000000000000000000010011000000010101000000000000000000000000000000000000000000000000000000000000000000000000000000000000000000010000000000000000000000000000000000000000000000
000000000000000000000000000000000000101010000000101001000000000000000000000000000000000000000000000000000000000000000000000000000000000000000000101011000000000000000000000000000000000000000000
000000000000000000000000000000000000101011000000101011000000000000000000000000000000000000000000000000000000000000000000000000000000000000000000010001000000000000000000000000000000000000000000
000000000000000000000000000000000000010110000000010100000000000000000000000000000000000000000000000000000000000000000000000000000000000000000000101010000000000000000000000000000000000000000000
000000000000000000000000000000000000011000000000010101000000000000000000000000000000000000000000000000000000000000000000000000000000000000000000010010000000000000000000000000000000000000000000
000000000000000000000000000000000000010110000000101011000000000000000000000000000000000000000000000000000000000000000000000000000000000000000000101100000000000000000000000000000000000000000000
000000000000000000000000000000000000010111000000101010000000000000000000000000000000000000000000000000000000000000000000000000000000000000000000010011000000000000000000000000000000000000000000
000000000000000000000000000000000000010101000000010000000000000000000000000000000000000000000000000000000000000000000000000000000000000000000000101000000000000000000000000000000000000000000000
000000000000000000000000000000000000101001000000101011000000000000000000000000000000000000000000000000000000000000000000000000000000000000000000101101000000000000000000000000000000000000000000
000000000000000000000000000000000000101011000000010001000000000000000000000000000000000000000000000000000000000000000000000000000000000000000000010110000000000000000000000000000000000000000000
000000000000000000000000000000000000101000000000010101000000000000000000000000000000000000000000000000000000000000000000000000000000000000000000010101000000000000000000000000000000000000000000
000000000000000000000000000000000000010101000000101110000000000000000000000000000000000000000000000000000000000000000000000000000000000000000000010110000000000000000000000000000000000000000000
000000000000000000000000000000000000101100000000101100000000000000000000000000000000000000000000000000000000000000000000000000000000000000000000011000000000000000000000000000000000000000000000
000000000000000000000000000000000000010110000000101101000000000000000000000000000000000000000000000000000000000000000000000000000000000000000000101010000000000000000000000000000000000000000000
000000000000000000000000000000000000101110000000011000000000000000000000000000000000000000000000000000000000000000000000000000000000000000000000101001000000000000000000000000000000000000000000
000000000000000000000000000000000000001100000000010011000000000000000000000000000000000000000000000000000000000000000000000000000000000000000000101011000000000000000000000000000000000000000000
000000000000000000000000000000000000010111000000010111000000000000000000000000000000000000000000000000000000000000000000000000000000000000000000010111000000000000000000000000000000000000000000
000000000000000000000000101010000000010101000000101011000000000000000000000000000000000000000000000000000000000000000000000000000000000000000000010101000000000000000000000000000000000000000000
000000000000000000000000010101000000101001000000101010000000000000000000010110000000000000000000000000000000000000000000000000000000000000000000101000000000000000000000000000000000000000000000
000000000000000000000000101100000000010011000000011000000000000000000000010101000000010110000000000000000000000000000000000000000000000000000000101011000000000000000000000000000000000000000000
000000000000000000000000010010000000010010000000010110000000000000000000010100000000101011000000000000000000000000000000000000000000000000000000101100000000000000000000000000000000000000000000
000000000000000000000000101001000000010111000000101001000000000000000000010010000000010100000000000000000000000000000000000000000000000000000000101010000000000000000000000000000000000000000000
000000000000000000000000101001000000101110000000010101000000000000000000101001000000010010000000000000000000000000000000000000000000000000000000010010000000000000000000000000000000000000000000
000000000000000000000000101100000000010011000000010111000000000000000000010111000000101001000000000000000000000000000000000000000000000000000000110100000000000000000000000000000000000000000000
000000000000000000000000101011000000010101000000101011000000000000000000101100000000101001000000000000000000000000000000000000000000000000000000101001000000000000000000000000000000000000000000
000000000000000000000000010100000000101101000000101000000000000000000000010101000000101100000000000000000000000000000000000000000000000000000000010101000000000000000000000000000000000000000000
000000000000000000000000010011000000010110000000101011000000000000000000101100000000010101000000000000000000000000000000000000000000000000000000101001000000000000000000000000000000000000000000
000000000000000000000000101001000000010110000000101100000000000000000000010011000000010100000000000000000000000000000000000000000000000000000000101101000000000000000000000000000000000000000000
000000000000000000000000101010000000101011000000101010000000000000000000010110000000101101000000000000000000000000000000000000000000000000000000010010000000000000000000000000000000000000000000
000000000000000000000000010011000000010011000000010010000000000000000000010101000000010110000000000000000000000000000000000000000000000000000000010111000000000000000000000000000000000000000000
000000000000000000000000010101000000010100000000110100000000000000000000101101000000101011000000000000000000000000000000000000000000000000000000101110000000000000000000000000000000000000000000
000000000000000000000000101110000000010001000000010111000000000000000000101011000000010011000000000000000000000000000000000000000000000000000000101101000000000000000000000000000000000000000000
000000000000000000000000101011000000101011000000101011000000000000000000101110000000101011000000000000000000000000000000000000000000000000000000010101000000000000000000000000000000000000000000
000000000000000000000000010101000000010111000000010111000000000000000000101011000000101110000000000000000000000000000000000000000000000000000000101101000000000000000000000000000000000000000000
010110000000000000000000101100000000010110000000101101000000000000000000010101000000010101000000000000000000000000000000000000000000000000000000010110000000000000000000000000000000000000000000
101011000000000000000000101100000000010101000000101110000000000000000000010101000000010101000000000000000000000000000000000000000000000000000000010110000000000000000000000000000000000000000000
101100000000000000000000101001000000101001000000010111000000000000000000010100000000010100000000000000000000000000000000000000000000000000000000010101000000000000000000000000000000000000000000
101110000000000000000000101100000000101011000000101110000000000000000000101001000000010100000000000000000000000000000000000000000000000000000000101101000000000000000000000000000000000000000000
101001000000000000000000101011000000101011000000101101000000000000000000010100000000010111000000000000000000000000000000000000000000000000000000010100000000000000000000000000000000000000000000
010111000000000000000000010111000000010110000000101011000000000000000000010101000000101100000000000000000000000000000000000000000000000000000000101111000000000000000000000000000000000000000000
010100000000000000000000010101000000010101000000010011000000000000000000010111000000101011000000000000000000000000000000000000000000000000000000101011000000000000000000000000000000000000000000
010101000000000000000000101001000000101010000000010110000000000000000000101011000000101001000000000000000000000000000000000000000000000000000000010111000000000000000000000000000000000000000000
010100000000000000000000101011000000010110000000010110000000000000000000101001000000101011000000000000000000000000000000000000000000000000000000101010000000000000000000000000000000000000000000
010011000000000000000000010100000000101101000000101011000000000000000000101011000000101001000000000000000000000000000000000000000000000000000000101011000000000000000000000000000000000000000000
010110000000000000000000101011000000010111000000010011000000000000000000101100000000101011000000000000000000000000000000000000000000000000000000010111000000000000000000000000000000000000000000
010101000000000000000000010010000000010110000000101100000000000000000000010101000000010100000000000000000000000000000000000000000000000000000000010110000000000000000000000000000000000000000000
101101000000000000000000010110000000010110000000010001000000000000000000010010000000101011000000000000000000000000000000000000000000000000000000010101000000000000000000000000000000000000000000
010101000000000000000000010000000000101101000000010101000000000000000000101010000000010010000000000000000000000000000000000000000000000000000000010110000000000000000000000000000000000000000000
101110000000000000000000010101000000101001000000101001000000000000000000110000000000010111000000000000000000000000000000000000000000000000000000010101000000000000000000000000000000000000000000
010101000000000000000000010001000000101011000000010110000000000000000000101011000000010000000000000000000000000000000000000000000000000000000000101010000000000000000000000000000000000000000000
010101000000000000000000101011000000101011000000101011000000000000000000101111000000101011000000000000000000000000000000000000000000000000000000010111000000000000000000000000000000000000000000
010100000000000000000000010010000000010010000000101001000000000000000000101011000000101111000000000000000000000000000000000000000000000000000000101101000000000000000000000000000000000000000000
101100000000000000000000010100000000011000000000010101000000000000000000010010000000101011000000000000000000000000000000000000000000000000000000101011000000000000000000000000000000000000000000
010111000000000000000000010011000000010011000000010101000000000000000000101100000000010010000000000000000000000000000000000000000000000000000000101010000000000000000000000000000000000000000000
101100000000000000000000011000000000101100000000010110000000000000000000010011000000101100000000000000000000000000000000000000000000000000000000010110000000000000000000000000000000000000000000
101011000000000000000000101101000000010101000000010101000000000000000000101000000000101101000000000000000000000000000000000000000000000000000000101101000000000000000000000000000000000000000000
101001000000000000000000010110000000010101000000101010000000000000000000101101000000011000000000000000000000000000000000000000000000000000000000101001000000000000000000000000000000000000000000
101011000000000000000000101011000000101010000000010110000000000000000000010110000000010011000000000000000000000000000000000000000000000000000000010101000000000000000000000000000000000000000000
010111000000000000000000101010000000101010000000101101000000000000000000101011000000101010000000000000000000000000000000000000000000000000000000010101000000000000000000000000000000000000000000
101011000000000000000000101000000000101011000000101011000000000000000000101010000000010101000000000000000000000000000000000000000000000000000000010010000000000000000000000000000000000000000000
010100000000000000000000101010000000101001000000010110000000000000000000101000000000010110000000000000000000000000000000000000000000000000000000010101000000000000000000000000000000000000000000
101011000000000000000000101001000000010101000000101010000000000000000000010110000000011000000000000000000000000000000000000000000000000000000000101101000000000000000000000000000000000000000000
101110000000000000000000101011000000010010000000101101000000000000000000100111000000010110000000101010000000000000000000000000000000000000000000010100000000000000000000000000000000000000000000
010110000000000000000000101001000000101010000000101001000000000000000000101011000000101001000000101011000000000000000000000000000000000000000000101011000000000000000000000000000000000000000000
110000000000000000000000010101000000010101000000101010000000000000000000101001000000101011000000010100000000000000000000000000000000000000000000010101000000000000000000000000000000000000000000
101011000000000000000000011000000000010101000000101011000000000000000000101011000000010111000000101110000000000000000000101010000000000000000000010110000000000000000000000000000000000000000000
101110000000000000000000101011000000101011000000101110000000000000000000011000000000101011000000010111000000000000000000101011000000000000000000101010000000000000000000000000000000000000000000
010101000000000000000000010100000000010110000000010101000000000000000000010101000000011000000000010111000000000000000000101100000000000000000000101011000000000000000000000000000000000000000000
010010000000000000000000101010000000010101000000010011000000000000000000101100000000010101000000101100000000000000000000010010000000000000000000101100000000000000000000000000000000000000000000
101100000000000000000000101110000000010101000000101100000000000000000000101010000000101100000000101011000000000000000000010111000000000000000000101011000000000000000000000000000000000000000000
010011000000000000000000110100000000101100000000010101000000000000000000101110000000101010000000010100000000000000000000010111000000000000000000010010000000000000000000000000000000000000000000
011000000000000000000000010111000000010100000000010101000000000000000000110001000000010010000000101101000000000000000000101100000000000000000000101010000000000000000000000000000000000000000000
010011000000000000000000010101000000010111000000101010000000000000000000101001000000001100000000101010000000000000000000010101000000000000000000101011000000000000000000000000000000000000000000
010110000000000000000000010111000000010110000000010110000000000000000000010101000000010111000000101011000000000000000000010100000000000000000000101011000000000000000000000000000000000000000000
010101000000000000000000101101000000010010000000010101000000000000000000101001000000010101000000010011000000000000000000101101000000000000000000010101000000000000000000000000000000000000000000
010110000000000000000000010010000000010110000000010100000000000000000000101101000000010111000000010101000000000000000000101010000000000000000000010110000000000000000000000000000000000000000000
101000000000000000000000101001000000101010000000010101000000000000000000101110000000010011000000101110000000000000000000101011000000000000000000101011000000000000000000000000000000000000000000
010110000000000000000000101110000000010101000000010010000000000000000000010111000000010010000000010101000000000000000000101101000000000000000000010101000000000000000000000000000000000000000000
010111000000000000000000101101000000101100000000101010000000000000000000101110000000101001000000101011000000000000000000101011000000000000000000010010000000000000000000000000000000000000000000
101011000000000000000000101011000000010110000000010101000000000000000000101101000000010010000000101100000000000000000000101110000000000000000000101100000000000000000000000000000000000000000000
101001000000000000000000010011000000010110000000010101000000000000000000101011000000010011000000101100000000000000000000010101000000000000000000010111000000000000000000000000000000000000000000
010110000000000000000000010110000000101100000000010101000000000000000000101101000000101011000000010111000000000000000000010101000000000000000000010110000000000000000000000000000000000000000000
011000000000000000000000101010000000101001000000101010000000000000000000101010000000010011000000010100000000000000000000010100000000000000000000101101000000000000000000000000000000000000000000
010101000000000000000000101011000000010100000000010101000000000000000000101010000000010110000000010101000000000000000000101100000000000000000000010110000000000000000000000000000000010110000000
010100000000000000000000101101000000101001000000101011000000000000000000101011000000010110000000010111000000000000000000010111000000000000000000101010000000000000000000000000000000101011000000
101010000000010110000000101100000000010110000000101110000000000000000000101101000000101011000000010101000000000000000000101100000000000000000000010101000000000000000000000000000000101010000000
010010000000010101000000010001000000010110000000010100000000000000000000010100000000010011000000101001000000000000000000101001000000000000000000101001000000000000000000000000000000010010000000
110100000000101100000000010101000000101011000000010111000000000000000000101101000000010100000000101011000000000000000000010111000000000000000000010110000000000000000000000000000000101000000000
101001000000101110000000101001000000010111000000010110000000000000000000010101000000101111000000010100000000000000000000101011000000000000000000010110000000000000000000000000000000010111000000
101011000000010111000000101010000000101000000000101110000000000000000000010111000000010101000000010101000000000000000000101001000000000000000000010100000000000000000000000000000000010100000000
010111000000101001000000010101000000010100000000010110000000000000000000010110000000101001000000101110000000000000000000101011000000000000000000101001000000000000000000000000000000101011000000
101101000000010100000000010111000000101011000000010110000000000000000000010101000000010110000000010110000000000000000000101100000000000000000000101100000000000000000000000000000000010100000000
101110000000010101000000010101000000010101000000010101000000000000000000010111000000010101000000101111000000000000000000010101000000000000000000010111000000000000000000000000000000010011000000
101001000000010100000000010101000000010111000000010100000000000000000000010101000000010111000000101011000000010110000000010010000000000000000000010110000000000000000000000000000000101010000000
101110000000010011000000101010000000101010000000010110000000000000000000010101000000101011000000010001000000101011000000010110000000000000000000010110000000000000000000000000000000101011000000
101101000000101010000000010101000000010101000000010110000000000000000000101010000000010101000000101011000000010100000000110000000000000000000000101011000000000000000000000000000000101101000000
010110000000010101000000010110000000010110000000101100000000000000000000101011000000010110000000101110000000101110000000010111000000000000000000101001000000000000000000000000000000010101000000
101101000000010011000000101010000000101011000000010111000000000000000000101010000000101011000000010100000000010111000000101111000000000000000000011000000000000000000000000000000000101110000000
101010000000010101000000101101000000010011000000101100000000000000000000010110000000101010000000101101000000101001000000101011000000000000000000101100000000000000000000000000000000101011000000
101010000000010010000000101011000000101000000000101001000000000000000000101101000000010110000000101000000000010101000000010010000000000000000000010101000000000000000000000000000000101011000000
101011000000101011000000010110000000010110000000101010000000000000000000101011000000010011000000101011000000101011000000101100000000000000000000101011000000000000000000000000000000101100000000
010011000000101011000000010110000000010100000000101010000000000000000000101010000000010101000000010110000000101100000000101101000000000000000000010111000000000000000000000000000000010100000000
010100000000010100000000101101000000001111000000010101000000000000000000101010000000101010000000101011000000101101000000101000000000000000000000010110000000000000000000000000000000101001000000
010001000000101100000000101001000000101011000000010111000000000000000000010011000000010110000000101010000000101010000000101101000000000000000000010101000000000000000000000000000000101100000000
010101000000101001000000010101000000101100000000011000000000000000000000101000000000010100000000011000000000101010000000101010000000000000000000010110000000000000000000000000000000010101000000
101001000000010100000000101011000000101001000000101100000000000000000000101011000000101001000000101010000000101101000000101011000000000000000000010101000000000000000000101010000000010111000000
010110000000101011000000101110000000010111000000101010000000000000000000010101000000010101000000010111000000101011000000101010000000010110000000010011000000000000000000101011000000010101000000
010101000000101001000000010101000000010101000000101011000000000000000000101110000000101011000000101011000000101110000000011000000000101011000000011000000000000000000000101100000000010111000000
101001000000101011000000101101000000101010000000101001000000000000000000101011000000101110000000101001000000101011000000010110000000010100000000101010000000000000000000010010000000000000010101
010101000000101001000000101011000000101100000000010110000000000000000000101101000000010101000000010101000000101011000000010111000000010010000000101100000000000000000000010111000000000000010100
101011000000010101000000010101000000010110000000010101000000000000000000101100000000101101000000101000000000010100000000010101000000101001000000001111000000000000000000010111000000000000010101
010110000000101100000000101011000000101011000000101010000000010110000000010101000000101100000000010110000000101100000000101001000000010111000000010101000000000000000000101100000000000000101110
010101000000010101000000010110000000010110000000010101000000010101000000010101000000101011000000010100000000101001000000010101000000010100000000101100000000000000000000010101000000000000010110
101010000000010010000000010110000000101010000000101101000000010100000000010110000000010101000000010110000000101100000000101000000000010101000000101001000000000000101010010100000000000000010000
101010000000101010000000010101000000010110000000011000000000101110000000101010000000010110000000010010000000010101000000010101000000101100000000010111000000010110010101101101000000000000010101
101101000000010000000000101100000000010101000000010110000000101001000000101011000000010110000000110100000000101001000000010100000000101101000000010101000000010101010100010110000000000000101111
101011000000010101000000101011000000101011000000101100000000010111010110101100000000010101000000101001000000010101000000101010000000101010000000101010000000101100010010010101000000000000010101
101001000000101111000000010010000000010100000000001111000000101100101011010101000000101100000000101011000000010111000000010010000000101011000000010100000000101110101001010011000000000000101110
101010000000101011000000010110000000101110000000101011000000010101010100010010000000101011000000010111000000101011000000110100000000101101000000010110000000101001101001010101000000000000010100
010011000000010101000000101011000000010010000000010100000000010111010110010111000000010101000000101011000000101011000000101001000000010110000000010101000000010111101011101110000000000000010100
101001000000101100000000101011000000010110000000010111000000101101010111101011000000010110000000010010000000010101000000010101000000101110000000101010000000101100101011101011000000000000011000
101011000000010011000000101011000000101100000000101001000000010110101001101011000000010101000000101001000000101110000000101001000000010101101010010110000000010101101100101010000000000000101101
010101000000101000000000010110000000101010000000101011000000101011101100101011000000010101000000010010000000101010000000010011000000010101010101010110000000010100010011101001101100000000010110
101110000000010101000000101011000000101100000000010110000000101101010101010110000000010101000000101101000000010000000000010010000000101100101100101011000000010011010110101011101100000000010101
101011000000101010000000010101000000010100000000010100000000010101101100101011000000010110000000010101000000101011000000010111000000010100010010010101000000101010101011010100010111000000101010
101101000000010101000000010010000000010111000000010110000000101100010011010101000000101011000000010011000000010001000000010010000000101001010111010100000000101011010011010010010100000000101000
010100000000101010000000010100000000010111000000101011000000010110010110010101000000101011000000010110000000101011000000010011000000101100010111101110000000101101101011101001101011000000101010
101011000000101000000000010111000000010101000000010110000000101011101011101100000000010010000000010110000000101110000000101011000000010101101100010010000000010101010010010111010111000000101001
010111000000010110000000010110000000010111000000010111000000010100010011010111000000010100000000101001000000010100000000101101000000101001101011010110000000010011010101101100101010000000101011
010110000000101001000000101110000000101010000000101010000000101100101011101010000000101001000000101101000000010011000000010111000000010101101100101100000000010101101011010101010111000000010111
101010000000000000101011010110000000101011000000010101000000010111101110101110000000101010000000101100000000101000000000010110000000010111010011010110000000101011010100101100010101000000010101
010101000000000000010111101010000000010101000000010101000000101100010101101010000000101110000000010001000000101101000000010101000000010101101010010100000000101100010100101101010100000000101000
101100000000000000101011101011000000010100000000010100000000010101101011010111000000101010000000101011000000010110000000010011000000010100010101010100000000010110010111010110010101000000101011
010101000000000000011000010100000000010100000000010010000000010111101100010101000000101010000000010111000000101011000000010100000000010101101101010111000000010111101100010101101110000000101100
010010000000000000010101101010000000101010000000101110000000010101010100101100000000010101000000010110000000010110010110010001000000010010101011010111000000101100101011101101101010000000101010
101010000000000000010100010110000000010101000000010110000000101001010111101010000000010100000000101011000000101000010101101011000000101010010010010101000000010101010111010101110000000000010010
010101000000000000101010010100000000101010000000010100000000010101101010010111000000101010000000010111000000101010010100010111000000110000101011010100000000101001010101101110010101000000110100
010101000000000000010010010111000000010101000000101010000000101100010101010100000000010110000000010101000000010111101110010110000000101011101011101010000000010101010111010101010001000000010111
010101000000000000001100101100000000101011000000101100000000101011101001101001000000010100000000101011000000010101010111101011000000101111101100010101000000101001101011101011101011000000010101
101010000000000000101001010111000000010110000000010100000000010010010101101011000000101001000000010110000000101001101001101001000000101011010100010110000000010101010100101100010010000000101001
101011000000000000101011101010000000010110000000101001000000010110101001010111000000101100000000101011000000101011101100101011000000010010010111101100000000101100101011101100101100000000101101
010101000000000000101001010110000000010110000000010111000000110000010101010110000000010111000000101010000000011000010101010101000000010100010100101100000000101011101110101001101101000000010010
101110000000010110010011010101000000101011000000010101000000101011010100101010000000101010000000101010000000010101010100010110000000101101010101101010000000010010101010101100101000000000010111
101100000000101011010010010111000000101001000000101100000000010001101011010101000000010110000000010011000000101100010011010101000000011000010111101011000000010110010000101011101101000000101110
010111000000010100010111011000000000101010000000010110000000101011101110010111000000101011000000010101000000101010101010010110000000101101010101010110000000010000101010010111101010101010010011
101010000000010010101110010100000000101010000000101011000000101110101010101000000000010111000000010110000000010010101011101010000000101010101001010101000000101011101111101011101011010101101011
010010000000101001101101010101000000010111000000101011000000010100010000101100000000011000000000010110000000001100010011101101000000101011010101101011000000101111101011010111010110010100010011
010110000000101001101010101011000000010111000000101100000000010011101011010101000000010100000000010011000000010111101011101011000000010110101100010110000000010101010010101011011000101110101010
010110000000010100010011101001000000010110000000010100000000011000010001101011000000010101000000101001000000010101010010010110000000011000010101010110000000010010010100010100010110101001101010
010101000000101011010110010110000000101011000000010111000000101101101011101001000000101011000000101011000000101001010101101010000000101010010010010111000000010100101100101011010111101001101011
010100000000101100101010101011000000010101000000010101000000101001010010010110000000011000000000101011000000101101101011010011000000101001010110101011000000101101101000010010010101010100101101
101010000000010011101011010110000000010101000000010110000000010101010100010101000000101010000000010010000000101101101100010111000000101011110000010111000000101000101101101010101001010101010100
010110000000010110101101010101000000101010000000101011000000010110101101101010000000101011000000010101000000101001101100101011000000010111010101101010000000010011010110110000101011010100101111
101100000000010101101100010011000000010110000000010101000000011000011000101011000000010110000000101101000000010010010111010101000000101011101111010110000000101010010101101011011000101101010101
010111000000010011101111011000000000101001000000010110000000010110101101101101000000010101000000101100000000010011101100101110000000011000010101010111000000010101101010101111101011010110010111
010100000000010101010101101010000000010101000000101010000000101001101010101000000000101101000000101011000000010101101011010101000000010101101110010111000000010110101000010101010100010101010110
101001000000010010010111101100000000101000000000101010000000101011010101101010000000101000000000010101000000101101101001101101000000010100101100101010000000101000101010010010010110101101010101
101010000000010101010110110001000000101011000000101011000000010111101010101010000000010110000000101010000000101010010110010100000000010110101101010101000000010110010111101100010010101011010111
101010000000010101101011010101000000010110000000010111000000010101011000001111000000101100000000010110000000101010010111101011000000101110101000101011000000010111101011010011001100010010010101
101011000000010100101001010100000000010010000000101010000000101000010110010101000000001111000000010101000000010101010101101011000000110100010011010101000000101011101001101000010111101011010101
010111000000010100101011101001000000010110000000101010000000101011010111010100000000010101000000010100000000010011010100101010000000010111101010010110000000101001101011101101101011101011101010
101000000000101001101011010111000000101011000000101001000000101100010101010111000000101100000000010101000000010100010101010110000000010101101011010110000000010101101000010110101001010100010101
010100000000010100101010010101000000010110000000101001000000010110101001010111000000101001000000101110000000101111010010010110010101101001101010010111000000011000010101101011010011010100010110
010101000000101011101011101010000000010110000000101010000000010010101011101011000000010111000000010110000000101011101010010101101100101101011000101010000000101011010100101010010010010111101010
101011000000010111101010101011000000010110000000010101000000110100101000010110000000010101000000010101000000101001010000010100101011010010101010011000000000010100010110011000010111010100010011
010111000000101011101010010110000000010101000000101011000000101001010101010100000000101010000000101011010110010110101011010010010010010111010111101011000000101010010010101010101110101011010101
101010000000010111010011010101000000010101000000101011000000010101010100101010000000101100000000101011101011101011010001010111010110101110010101010110000000101110110100010111101101101001101010
101011000000010101101011101010000000010111000000101010000000010111101010010101000000101010000000010110010100101001101011010111101011010011101001101110000000101001110100101011101011101011101010
101010000000010100010110101010000000010111000000101010000000101101010010101010000000101011000000010101101110101011101110010100101011010101010101101010000000101011010111010111010011101001010011
010101000000010101101010101010000000010110000000010111000000101110110100101010000000101010000000010101010111010101101100010101010101101101011000101011000000010111101011010101101010101011010111
101101000000010010010011101011000000101010000000010101000000010111010111010110000000101010000000010010101001010110010011101100010110010110010101101010000000010011101001101000101010010100101011
011000000000101010101001101011000000101010000000011000000000101110010101101011000000010110000000101100101100010101011000010011010101010110101100010110000000010010101101101011101011101011010101
010110000000010000010101101100000000010101000000101011000000101101101001010101000000010101000000101001101001010110101101010110010101101011101010101010000000010111010010010100010011101110101110
101100000000010101101011010010000000101001000000010110000000010101101101101100000000010101000000010110010100101010101010101011010010010011101110101011000000101110010111010110101100101010010101
010010000000101010010101010110000000101011000000101000000000010111101100101010000000101000000000101001010111101000101011101011010111101010010100101001000000010111101001010101010101101011101011
101011000000101011010101101010000000110000000000101010000000010110010111010010000000101110000000101010101010101010010110101011010111101111101001010111000000010101101101001100101011010101010100
101100000000101110010011010100000000010101000000101011000000101010101110010110000000010010000000010110010101101010101000010010010110101011101011101001000000101101010101101001010111010001101011
010111000000010100101100010110000000101011000000010110000000101011101101010100000000010110000000010101010011101010101010101011010010101001010111010110000000101010101101010101010110010101101011
010111000000010011010101101100000000010100000000101010000000010011101011010110000000010100000000101100101011010011010111101011010110010110010101101010000000010110010110101000010101010010010110
101011000000011000010101101100000000101010000000101010000000010100010011101100000000010110000000010110010010101001101011010110101010101011010010010110000000010101010110101101010111101011101010
010110000000101101010110010111000000010101000000010101000000010001010110010100000000101100000000010110010101101011010111101100010101101001101001101011000000010011010101010010101011010011101011
010100000000010110010110101001000000010011000000010101000000101011101010010111000000101100000000101100010101010101010101010111101100101011010010101001000000101100101101101001010101011000010100
101010000000010101010101010101000000010101000000010111000000101001010101101001000000010111000000010111101100101110011000101100010110010101010011101100000000010001101100010010010110010011010101
101011000000010110010100101100000000101100000000101001000000010110101101010101000000101001000000101100101100010101101011101011010110010110101011110000000000010101101111101101101011010110101110
010110000000011000101011010110000000010111000000010110000000010110101100101100000000101011000000101001101001101101101100010111101100101011101101101011000000101001101011101011010110101011101010
101010000000101010010010101011000000010100000000010110000000010111010001101010000000101100000000101010101100101100101010101011010111101010010110010101000000010110101001010011010110101010010101
010110000000010111010110101011000000010101000000101010000000010101010101010101000000010110000000101010010101101011101110101001101100010110010110101100000000010101010110101010010011011000101011
010101000000010101010101101100000000010111000000010101000000010101101001010101000000101011000000010101101001010101001100101011010111010011010101010110000000101001010101101010101011101010010101
010101000000010111101011101100000000010101000000010111000000010110010110010100000000010101000000101001101011010110101001101100101010010101101101101011000000101011101001101011010110010111101010
010100000000010101101011101010000000010100000000010100000000101011010101010100000000101100000000011000101001101010010101101011010110010110010100101101000000010101010101010011101010101011010101
010010000000101000010110101011000000101110000000110000000000101010010111101010000000101100000000010100101011101011010111101110010101101010010001101011000000101010010101010100101101010111101011
101110000000010101101011010110000000101110000000101011000000101010101011101011000000101010000000010101010100101100101101101010101001101101010101101100000000010101010110101111101001101011010010
101010000000010100010101010101000000010101000000010101000000010011101011010110000000101011000000010101101011010101010010010000011000010111010111010111000000010110101011010101010101011000101100
101010010100101010101110101011000000010101000000010100000000010101101010010101000000101010000000101001101110101110101001101011010100010101101010010100000000101010010110101001010101010101101001
101011101010101110101100010110000000101010000000101010000000010110101011101011000000010101000000010110101010010110010010101111010101101011010101101010000000010011010110010110010010010100101010
101100010100110100101001101010000000010101000000101011000000101010101010101010000000010101000000101011010000010101101101101011101011101110010111101001000000010101010011010101010101101010010010
101110010100010111010110010110000000010101000000010011000000101101010110101010000000101010000000101010101011010101101011010010010111010101101011010101000000101010010101010111101101101110010110
101001101001101011010010010101000000010110000000101010000000101001101101101010000000010110000000010101101111010101010011010100101010010011101011101100000000010110010110010101010100001100010110
101001010111101001101010010111000000010001000000010100000000101011010101010101000000101010000000010011010101010110010110010011101011010100010110010010000000010011101010101001010101010111101011
101100010101101101101010101010000000101011000000010111000000010101101010010111000000010101000000011000010010010101010110011000010110101011101011101110000000101001010011010110010101010101101100
101011010100010010101011010110000000010110000000101100000000101110101010101010000000010111000000010110010100010101101011010011101011010101010110010101000000101011101001101001010110010111101010
101100010110011000010100010111000000010100000000010101000000101011010011010110000000101010000000101100010011010010010011101010101101010110101010010101000000101011010101010110101010101101101010
101101101011010010010110101001000000101100000000010111000000010011010111101001000000010110000000001111101000010100010100010101101000010110101101010110000000010010010101010110010101101110101100
101010101011010011010110010110000000010100000000010101000000101100010101101001000000101001000000010101101101010111101111010110101010101011101011010101000000010101101110101101010100010111101001
101011101100010101101100101011000000101100000000010100000000010101010101010110000000010111000000101100010110010110010101011000010100010100101010010101000000101101010101101011101011101110010100
101101101100010011101001010101000000101010000000010010000000010101010010010101000000010110000000010111010101010010101001010110110001101011101010101010000000010100010011101010101110010011010111
101011101010010110101100101011000000010101000000010010000000101010010101010101000000101011000000101001101010010110101010101001101011101110010011101111000000101011101100101010101010101011101010
101110101011101010101001010110000000101101000000010101000000101010101101101011000000010101000000101011101000101010101011010101101100101010101001010101000000101011101011101101010101010011010110
101011010110010101101010010110000000010101000000010101000000010101101100101010000000101011010110010110101010010101010111010111101001010101101011010110000000010110101011101001010101010110010101
101011010101010100101010101001000000101001000000101010000000010100010101010110101010101010101011101100010111010100101011101011010111101011010101010100000000010110101010010110010111101010101001
101100101011010100101011010101010110010101000000010101000000010101010101010111101011010110010101010111101011101010010101101000010101010101010010010100000000010101010110010101010110010101011000
101100101010010001010111101000101001010110000000010101000000010010101010101011010100010111010010010101010111010110010110101011010110101010010101101100000000101100101011010010101010101101010100
010111101010010101011000010101010100010101000000101010000000101010010110011000010010101011010111101010101011010100010101101100101100010101101101010100000000101011101100101011010101010100010101
101011101010010111010100101010010010101011000000101111000000010101101011101011010111011000010111101010011000010111010110010110101010010101101100010110000000101110010101010011010010101111101011
010101010101010110010101101110101001101100000000101011000000010101010100010110101001010101010100010110101011101100101010101110010101101110010101010101000000010110101110010100101100101011010111
101001010111101011010101101010010111101010000000101010000000010101010101010010010100010110010101010101101100010111101101001100101010101100010101101101000000101011010110101011010111101001101010
101011010110010111010111101011101100101101000000010100000000101010101110010110101011101110101100101011010110010110010101101001010110101001010110010101000000010101010101010101010110101010101011
010111101010101011010110010110010101101101000000101100000000010101010110101011010100010110101101010100101110101010101010010101101010101010101010010101000000010101010110101010101110010101010110
010101101001010101010101010110101100101010000000101100000000101011010101010110010011101011010110101110110100010101101010010111010101010010010101010101000000101010010101010110101010010111010101
101100010111101010101010101010010011010011000000010100000000101011101110101010010110101010101011101110101001101001101101101101010101101010010100010110000000101011010110101011010110010101010011
101011101010010101101011010110101010010101000000101010000000010101101100010110010101010110010011010110010101101000010111101110010100010110010101101011000000010101101011010100010101101011011000
101110010101101001101101101011010101101010000000010110000000101010011000101011010011101001101011101001101001010101101011101001101110101011101110010101000000010010010101101011010100010110011000
010110101011010110011000101001101101101010000000101101000000010101010110010101010101010101101110101010101101101011010101101110101110101100010110010100000000101100010010010010101010010101010100
010000101011010011101010101001101011010010000000010101000000010101101110010111010010010101010101010100101110101011010010101101101010010110010101101100000000010111010100010110101010101010110001
010101101010010101101100101010010010101010000000010101000000010010101010101001010101101001010101010100101001101001101011101011101100010110010101010011000000101010010111101011101100101010010101
010001101010101010110001010110101011010110000000010101000000010100010110101010010101101001010100010111101110101010010011101101010110010100101011010011000000101110010110101010101001101101101100
101011101001101010101011101010101011010101000000010110000000101001101011010110010100010110101100010111010011101011010100010110010100101001010110101010000000010110010010101011101100010101101001
010010010101101101101100010101010100010110000000010101000000101010010100101001010100101010010111101011101011010110010101101010101100010100010101010011000000101010010110010111101001010110101001
010100101000010111101001010111010100101011000000010101000000101110010110101011010111101010101100101100101101010101010101010101101001010111101011101011000000101011101010010101101010101010101011
010011101011010101010111010100101001101001000000010100000000101010101010101001101100101011101011101010010110010011101010101011010111010110010010101010000000101100101011010101010110010011101010
101000010110010101010101010000101100110000000000101100000000101010101100010100010101101001010111101011101010101000010110101100101011010110101100010110000000101010101100101110010101010111010100
101101101110101110101010101011101011010101000000101101000000101011101001010000010111010100101011010101010101010110101011101111101100101011101001010010000000101010010110010100010111101011101010
101010101010010101101100101011010111010100000000010011000000010100101100101011101011010000101001101100010011010100010100010101101010101001010110101010000000101100101010101001011000010101101011
010101010101101101010110010100101011010110000000101010000000101010010111010101010111101011010101010100101100110001101011101001010101101000101110101010000000101001101100101010010100010010010110
010110101010101100101011101010010111101101000000101101000000101010010110010100010101010101010100101010010001010101101110101010101011101100010110101011000000010100010111101110010101101011010110
011000010110101011101010101010010101010110000000101011000000010100101010101010101100010100010101010110101011010100101010010101010100101011101010101010000000101001010100010110101011101101010110
010110101010010101010110010101010100101010000000101010000000010111101011010101010101010110010010010110010111011000101011010111101100101011010101101011000000101010101001101010101001010100010101
010111101011101010101010101011010101010100000000010110000000101100101001010011101110010101010110101011010110101001101011101011101010101001010100010111000000010110010110101011101010010101010101
010101101011010110010101101100101110010111000000010010000000010111101000010101101010101101010000101011101011101011010101010101101011010110010110110000000000101011010110101100010101101011101100
010111010111010110010110101001010110010101000000101010000000101010010100101100110000101011101011101010101001101010101010101010101010101011101010010101000000010111101011010110010110101010101110
101011010111101100010100101010110000101001000000010110000000010111010101101001010101101100010001101010010101101100010101101011101011010110010100101100000000011000010111010110101001010110010010
011000101010101011101110101011010101010011000000010101000000101011101011101100010001101001101011101010101011010110010101101010010101010101101001010110000000101100011000010100101101010101010110
101011101010101110101110010111101111010110000000101010000000101001101001101011101011010100101110101011010110101011010010101010010110101101101100010011000000010101010100010111101000010100101100
101100101010101010101010101011101011010011000000101011000000101000010110101001010010101011010100101001101011101000010100101101010110101000101001101011000000010101101011101100101010010101101010
101010101011010101101100010100101110101001000000101001000000010100101010010101010100010111010011101010010110010110010111101011010110010110101010101010000000101001101011101001101100101110101100
101110101001101011101010010010101100101011000000010000000000010101101010101100101101010101011000101010010110101010010110010110010101101100101010010100000000101010101001101001110001010110101100
001100010100101011101010101110010011010110000000101001000000101011101011010010101000010100101101010111010011010101010010101010101001110001101011010111000000101011010110101010010101101011101001
010111110000010110010100101011011000101010000000010100000000010111010110010010010011010010101010101001101011101011101010010011101010101011101001101011000000010110101011010101010100010101010111
010101101011010101010111101011010011101010000000010110000000101010101000101011101010101110010101101010101010101100010110010111010110101100101000010111000000010101101010010111101001010101101011
101001010101010101101001101010101010101010000000101101000000010101101010010101010101101011010110101011010110010010101011010101010111101001101100101011000000101101101011011000010111101010010100
010011010100010010101011101011101011010110000000101011101010101010101100101010010110101011101000101011010011010010010100010101010111010111010101010110000000101000010011010100101011101011010110
101110101010101100010100101011101010010101000000101010101011010101001111010101101000010110101010101011101001101010101010101101101001010101101001101101000000010110011000010101101010010101010101
010111010101010111101010101010101000101011000000010100010100010011010101010101101010010101010111101010101011101100010110101011101011010110101001101001000000010100101010101011010100010010101011
010010010011101010101011101111010110101011000000101001010010011000010100010110010111101011010101010110010101010110010100101101010101010100010110101011000000001111101100101001010110101100010100
010011010101010010010101101011101001101011000000101011101001010110010111010001101011101010101001010111101110010100010111101100010101010110010101101010000000101011110001010110101011010111101010
010101010100101010010100101010101011010101000000010111010111101100101001010101010111101111010101101011010101101100101100010101101001101011010110101010000000010100101011101011101010010110010110
101101010111101010101100010100010111101101000000010011101100110001010101010110101011010101101000101000010011010111101001101011010110101010101011101010000000010111010100101010101010101110010101
010110010100010101010110010100101011101011000000101010101011010101010110101100101000010110101011010101101100010111101010010110101001010110010011101010010110010111010111010101010110101010010110
101010010101101100101011101100101000101100000000010011101100010100101100010100101011010100010100010110101011101011010110101010101011010110011000101010101011101011010111010011101011010110101011
010101101001101010101010101100010101010101000000101001101101101001101010101100101011101100010110101110010101101100010101101011101000010101101010101011010100101010101011011000010101101010101010
101101101011010110010101010110010100101100000000010101101010010111010101101100010110010100101110101010010110010110010111010100101011101011010100010101010010101100101010101010010100010100010110
010100010100101100101011010101101000010101000000101010101011010101101010010110101110010100001100101011010110101011101000101011010110101100001111010110101001010110101100101100010010101010101010
010001010010101001010110101101101110101000000000010110010011101010101010010101001100101010010111101010101011010101101100010010101110010010010101010101010111101011010110001111010010010110101010
101011101110101100010110101011110100010110000000010110101011101100010110101101010111101011010101010110010100010100101011101010101010101110101100010101101100101010101011010101101010010100010101
010111101011010111101010010101010111010111000000101001010010010110101011101011101011101101010111010110010101010100010101010101010101010110010111101101101011010110101010010100010100101001101001
010110010101010111010101101011010101010101101010101010101011010101010111101011010111010101101101010111010010101010101001010101010110101100010111010101010100101010010110101001101010101100101010
101011101010010110101001010110010111010100101011101011101011010110010100010101010011101011101110010101101010101011101010101011010110101010010101010100101101010101101010010111101100010111010110
010111010101101011101010010101010011010100010100010110101100101010101110101010010010101011010111010111010101010110101011101010101010101100101010101011101010101011101011101011101100010110010111
010101010101101001101010010101010010101100010010101011010100101010010010010101010111010110101110010111010101010101010110101011101011010100010100010100010101010100101011101010010111010110010111
101011101010101000010111010100010111101001010111010101101001101011101010010101101110101011010011010110010101010101010101010101010101010111010110010101101101101110101100101100010111101011010110
010110010001010100010111010100101110010101010111101011101100101011101100101100010011101011010101101010010110010110010011101110010111101001101011101000010101010010010010101010010101010111101011
101011101011101011010110010011101101010101010100101011101011101100010110101100010101010100101101101010101011101010101000101100101001101011101010101010010010010110010010010101101100101000010101
010110101010010101010101101101010101010101101011101011101001101110010100010011101101101100101010010101101011101010010110101001101010101100101010101001101011101100101010101010101010101100010101
101010101100101001101011010110010011011000010100101100010101010010101100010011010110101101010110010111010010101011010100101010101010010110101010010101101011010111010100010110101011010101101010
101101010100010110010101101101101010101001010011010101101000101010010111101010010110101101010101010100101100010111001111101110010110010101010101101100101100010101101010101010010101010101010110
101011101100010101010110101011101010010101010110010100101011010100101001101101010101101010101101110000101001101001101011010110101011101011101011101100101100010100101100101011101100101001010111
101010101100101010010110010110101011010011010101010101101100101010010101010101101101010011101100010101101010010110010100010110101000101100010100101100010111101001101100010101010100101010101011
010110101010101011010111101010010011101001101101011000101011010100101100010110101100101011101111101010101110010111101001010101101100101100101110101001010100010111010111101100101010101011011000
101101010101010011101011101110010100010100010101010110010010010100101010010110101111010110010101101100101010010111101001010100010000101010010010010101101011010101101001101110010101010110010101
010111101101101000101000010110010001101001101110010111010110101001101011101110101011010110101001101010010110101010101011010110101011010101101010010101010111010100010101010010010110101011010110
101011101011101010101011101010010101010111101011101011110000010111101011010110010111010010010110010101101011010101101010010110010101010110101100101011101011101010010100010110101011010011010010
010101010101010100010110101011010111010100010101010100101011010101010100101010101010010110101011101101010100010101101100101100010100010101010110011000101001010101010110101100101011101000010110
101110101011001111010010101010010110010101010100010100010001010100101100010101010101010111101001101011101010010101101010010111101010101011101100010111010101010101101011010110010110010110010101
010101101010010101010110010101010101101011101100101100101011101010010110010110010111010101010101101100101010010110010101010100010101101010010100010101010100101100101011010100101010101100101010
010011010101010100010101101001101001010111010111101001101110101011101011010101101011101010010101010111010100101010010110101001101101101010010111010011010101010100010100101100010110110001010110
010100101011010111101010110000010101010101010100101011010100010101101010010111010101010101101010010100101001101001101010101010010101010110010111010111101110010110010100010111010101010101101010
101011010100101000101010101011010101010101101011101011010011101001010101101010010110101001010101010101101100101011010111010110010100010101010110101100101010101011010110010111101001010100101011
101011101100010101010110101100101010010111101001101011011000101100101011101011010101110000010110010111101001101000010101010101010111010111101100010111110000010110101011101001101010010111101011
101010101101101010101011010110010101010111010101011000010011101010101010101100101010010101101010101011010110101011010101010111010100101010010110101001010101010101101010010100010110010111010111
101010101101101100010101101101101010010110010111101001101010101010010110010110010110101100010011101100010110010110101100011000010101010110101011010100010001010101101011101010010111010101010111
101011101010101010101001010101101010011000101011101011010101101010101010010011101101101010010101010010010101101110101110010100010111010111101011101011010101010110101011101011010111010110101010
101100101101101011010111101010101101101100101100101101010110010101101011010101010101101101101010010010101001010110101110101011010101101001101100101011101110010110101010101011101010101100010110
101011010101101010010110010101010101101010101011101001101000010101010111101010010110010101101010101011011000101011010110010101010100101010010100011000101100010110010110101100101010101010101010
010010101010010110010110101001101010101110010010101100101010101010010110010100010110101010101101101011010100101010101100101001010010010101101010101010010011010101101010010100010101010101010101
101010010110010110101010101011101010101111101010010111101001010110010110010111101101010100101001101010101011101010101010101010101110010101101011101011011000010111101011101010010101010110101001
101011010010010101010101010111101101010100110000101001010101010110010111101011010111101001010101101011101011101010010100101011101011010101101010101001010011101010010111101011010110010110101100
010101101010010101010111101101101001010101101011010100010111101011101001010111101011101011101011010101010111010101010100101010101011101010101010010111101010010110101010101010010110101010110000
010101101010101100010100101010010101010101010001010101010101101001101010010011010101010111101110010110101010101011010111101011101010010110101011010110010101101001101010101011101001101011010101
010110101011010010110000010011101011101011101011101011101000101010101011101010101110101101010101101111101011010111010111101101101011010111101010010110101010101001101001101011010101010101101011
010101010110101110101011101001010010101100010010010111101011010110010101101101010101101010010011010101010110101001010101101000101011010101010110010100011000101010010111101010011000101100101100
101011101011101010101011010101101011010110010100101011010100010111101011101001101101010011101100010110101011010110101100010110010110011000010110010110101010010101010110101010101011010010101010
010010101001010100010100010110010011010110101101010101101010010111010110010101101100101001101011101100010011101010010110101100010001101011010101101110101001010101010101101010010110010010101011
101100110000101010101010101010101100010111101000101001010010101010010110010110101011010101101011101100101000010110101010110001010101010110010111101111101011101011010101010101101110101010010011
101001010101101100010101101010101011010101010011010111110100010101010111010110010101010110101010101100101010101011101011010101010110010010101010101100101001010110010101010111010110101100010101
010110010100010111101101101010010101101010010110101010101001010101101011101010101010010110101010010100101100010111010100010100101100010110010110010101101011101010010110101010010101010110010100
010010010110101001010101010110101010010110010101101010010101010101101000010110101010101010101001010110001111010100101100101001101100010101010111010101101000010111101010010110010110101100101001
010110010011101001010100010101101010101010101010010100101001010110101011010110010101010110101100010101010101110000010110010111010100101010010111010101010101101011010111010111101010101100010100
010110010101101011101001101011010101101001011000101010101101010110101010010101101100010110010101010011010100101011101011101011010100101010010110010100010100101000010101010111010110101001010101
010101101010010100010100010101101100101011101010101110101110101001010010101011101011010101010010101011010111101011101010101010101010010110101011101010010110101011011000010110010101101001010111
010100010100101010101011101011010101010101101001010001010111101011010110101011101110010101010110101011101001101100101011101100010101101011010101010110101110101010101011101011101011101011101001
101010010111010101101001010101101110101010101011010100101110101000101011010101101010101011101011010101101011101010101011010110010011101011010101010111110100010010010110101011010111010100101100
010110101011010101010101101101101010101100010111101010101101010110010110010101101011101011101011101010101010010101010110010101101011101001101010101011101001010110101110101011010111010110010010
010100010111010100010100101011101011010100101011101011101011101010101010010011010101010101101011010101010100010011101010101010101011101001010110101010101011101011101010010110010110101011101110
010111010011010100101110101100101011101011101000010101101101101110101010101011010101010011101010101011101010101011101010010110101011101010010111010110010111101010101011101010010110010101101011
101100010110010110010010010101010101101101101001010100010110101010101011101100101010010101101011101100010101101100101000101010101010101010010101010110101101101010010110010111101001010100101011
011000101101010101010101010100101010010101010100010110101010101010101011101011101011101100101011101100101010010111101001101011101011101010101000010111101110101010010110010101010101101100101010
010110101001010110010101010101101011101010101010010110101011010110010111010100010101101010010010101101010110101010010100010101010101010101010101010101101001010101010110011000010111010110101011
010110010101010101010110011000010101010100010010101001101101101010010111010101101110010100010100101101010110010110010101010100101100101001101010101011010010101011101011010101010100101011010101
010101101010101011010101101010010010101001001100101011101100101010010110011000010100101011010111010110010101010111101001010010010100010100010010101010010011101001101011101010110000101010101010
010111101010101010010101101001101100010101101001010110010001101011101010010110101001101000010110010011010101010111010101101110101101010000101010010100010101010111010111010010010101010101010001
011000010110101010101010010101010111101110101011010110101001010101010110010111010110010110010010010101101100010110010100010110010011010101010101010100101101010110101001010110101011010101101011
010100101010101010101111101100010110010110010111101000101001101001101010010110010010010111010110101010010010010101101110101011101010101011101010010101101010101010010111010110010100101001101010
010101101010101011010101010100010010101010101101010111101010010111101001101100010110101011010110010110010010101011010010101010101101101100010110101101101010101010101010101010010110010110101100
010101101011101001101010010100010110010110101110101011010101101010101100010100101010101100101011010010101010010101010101101100101011101010010110010101101011010101101010010110101011010110101100
101001010101010110101100010111101010010100101001010101101001101010010000010100010101010100010100010110101100101010010101101100101010010101101011010110101101101001101011010110101101010101101100
010110101011101010010100101011101011101010101110101010010101010110010101101000010100010100010110010110010110101010010110010111010110010011010101101100101100010100010111010101101011010111010100
101011101011101001101100101011101100101010010011010100101011010101101011010101101010010111010110101011010100101001101011010111010010010101101001101001101111010000010100010101101100101010010110
101010101011010111010100101011010110010110010101101100101001101001101100101011010110010101010100010110010100101011101011010101101010101100101000010101101011010101110000101001010111010110010101
010101101101101010101010101000010110010111101101101011101011010100010110010101101100010101010111010101010111011000010110010100010110101001101010010010010111101011101011101001010100101001010011
101101010101010101010101010111010101010110010110101101010110110000101011101000101001101011101100101001010111101011010001010110010101101100010110010110101010101100010101010110010101010111101011
101000101100101011101101010101101001010110010110101011010110010101010011101001101100101000101001110000010101101010101011101011010110010101010110101010101011010110010100101010010111010110101011
010110101011101011101011101101101100101001101011101010101101101011010101101011101001010111101010010101010100010010010110010101010101101001010101101010101001010101101010010110101011101011101011
101100010100010110010101101001101001010100010011010100101011010100010100010011101010101001010110101100010110010110010100101100010111101011101001010100101011101101010101010101101100010101101010
001111101011101010101011010100101010101011101100101001101010010110101001101001010110101101010101010110010101010101101100101100010000010100010100101010010101010101101101101001101110101011010101
010101101000101001010110101001101010010110101111010101101010010101101100101100101011010111010111010011101011101010101100101010010101101110010000010110101010101100101011101100101110101011010110
010100010110010101010101010111010101010010101011101110101101101101010101101001101001101100101000010101101100010110101100010101101100101110101010101010101011101001010100010000010101101100101010
010111101001011000010101101100101001101101010111010110010111010101101001101001011000010111101100010110101100101010010110010110010110010101010101010111101010010100101001010101010101101100010111
010111010101010101010100010101011000101010101010101010010101010100101011010100010100101001101011010100101010010101101011010101101101010101010100010110101010010101010100010101010110101101101011
010101101100101010010100010101101100101011101011010110101011010111010100010101101011010100101011010111010101010101010011101011101011101010010110010111101101101001101011101100101011101011101000
010110010100010010101101010111010101101001010111101011101110010100101110101011010101010101101001010101101010010111101011010110101010101011101011010111101011010101011000101010101011101010010101
101100101100101010010011101011010101010100101011101010101011101011101110101001101001010101010110010111101011101001101011101010010100101011101101101100010110101100101011101011101010101101101010
101010010111101011101010101011101001010110101011101010101101010111010101010101010110101001010101010011101011101010010101010110101001010110101011101011010110101110101100010011101111101011010010
101011101011010110010011010111101010101101010110010110101100101011101011010111101011010101010111010110101010010110101010101011010110101111010101010110010011010010010010010101101011101010010110
010110010101101010101011101001101011010101010101010111010101010100101010010111010110010101101011101101010110101010101011010111010111010101010111010010101001101011010010010100101010010110010101
010110101011010110010110010111101010010110101010101010101011101110010101101001010101101001010011010111101010101010101011010110010011010110101100010011101011010101010101010111010100010010101010
010110101000101011010110101010010101101010101010101010101010010010010101010110101101010111011000101011101011010111010100101010010110101100010101101010010101101010010101010100101100010110101010
101011010111101011101110010100101101101101101011101001010110101011010110101010011000010110101010010110010111101100101100010111101101010100010111010101010010101011010110101011010100101010010110
010101010101010111010110101010101000010101101011010100101011101011010001101100101010010110101100010110010110110000101011010111101001010100101011010111010101010101010101101001101100010101010101
101100101101010111101010010010010110101010101011010101101100010110010101101010101100101100110001010110010110010101010011101010101011101100101011010100010011010110101011010101010110101010010101
010010101001101010101011010001010101101000101001010111010101101011101010101110110001010110101011010110010111010101101010010101101010010111101110101010101100101111010110010100101011010111101000
101101101001101000010110101010110001101011010110010010010101101011010110010100101010010101010110010110010111101010101011101011010110010101010101101101101001101001010101101011101011101000101001
010110101001010110101011010101101011010111101100101101010110010110101100010100101100101111101001101011010110101010010101010101101010010101010011010101010101010110010101010010101011010000101010
010100101001101011010111010101101100101011010110101010101010010001010100101011101001010100010111101011010101101011101010010110101010010101010101010110010110010100101010010101010101010101101010
101010010100101001110000010101010111101011010101010101101011010101010100010101101001010101010101010101101011010011101001010110010110101010010101010110010110010100010100010101010101101100010110
010100101011010100101011101100101001010010010101011000010101010110101010010101010101010101101010010101010111101011101110010111101011101011010101101011101011101100010100101010101010101010010101
101100010101110000010100010110010101101011101011010100010110010100010101101100010110010101010100010101101010101100101010010101101011101011101010101011010100010100101100010101010101010011101001
101001101001010101010110101010010110010011010111010110010101101011010011010110101100010100101010010011010110101001010110101000101011101010010101010101101010101010101100101011010101101011101100
010111010101010011010101010111010100010110101011101101101001010100101011010110101010010110101011010101010111010100010101101011010101101111101011101100101110101011010110010110010100101010110000
101011010101010101101100010101101010010101101010010101010010101100010101010111101011010110101010010100101011010101101010010110101011101011010100010110010110010011010101010001101100101100101011
101100101001101010010110101010101011010101010110101010010100101010101011010101101010010111101010010101011000101001101011101110010011101010010100101100101011010101101101010101010011010111101011
101010101001101100101011010110101010010110010111010110010111010101010110101010010110010110101011101011101011010101101001010110101011010100101101010110101011010101010101010110010011010101101100
010110010110010111010011101010101010010111010110010101101010010011010101010110101010101011010110101011010110101100110000101011010100010100010011010110101011010101101011010100010111101001010110
101011101010010101010101101001010110010101010100101011101110101011101011010110101011101011101010011000101110101110101011010110010101010100010110010101101010010110010101101100010011010011101001
010101010100010111101100011000011000010100101101010101010110010101101100101000101011101100101010101010010110010010010100101001101100010100101101101011101010101011011000010101010101010110010101
010100101010101101010111101011101011101011010110010100101010101011101100101011101100010010010111010111101011010101010110010110010101010110101011101001010101101011010101010100010110101101101011
010110010010010110101100010110010100101110101011010110010101010110101101101011010010010010010101101011010110010101101010101011101000101011010110010101101110101100101011010110010110101001010100
101011010001010011010101010100010010101010101010101100101100010101010011011000101110010110010101010100101010101010101011010101101010010011101010010110101100101100101100010101101110010110101001
101010101100101001101001010100010010101011010101010110101010010101010110101100101010010100010110101100101010010101101010010111101001010101101110101010010111010011101100101101101010101010010100
101011010101010101010101101011010110010101010100010101010110101100010011101100010100101010010100010100101011010101101100101001101011010101101010101001010110101101010011010101101010010110101011
