000000000000000000000000000000000000000000000000000000000000000000000000000000000000000000000000000000000000000000000000000000000000000000000000000000000000000000000000000000000001000000000000
111110000010000010000010000010000010000010000010111110111110111110111110111110111110111110111110111110111110000010000010000010000010111110111110000010000010111110111110111110000010111110111110
000000000000000000000000000000000000000000000000000000000000000000000000000000000000000000000000000000000000000000111111000000000000000000000000000000000000000000000000000000000000000000000000
000010111110000010111110111110000010111110111110000010000010000010000010000010000010000010000010111110000010111110111110000010000010000010111110111110111110111110000010000010000010000010000011
111101000011111101000011000011111101000011000011111101111101000011000011000011000011111101111101111101111101000011111101111101111101000011000011111101000011111101111101111101000011111101111101
111100000011111101000011111101000011111101111101000011000011111101000011000011000011000011111101111101111101000011000011000011111101000011000011111101000011111101111101000011000011000011111101
111110111110111110111110000010111110000010111110111110000010000010000010000010111110000010000010111110000010111101000010111110111110111110111110000010000010000010111110000010111110000010000010
000000000000000000000000000000000000000000000000000000000000000000000000000000000000000000000000000000000000000000000000000000000000000000000000000000000011000000000000000000000000000000000000
000001111111000001111111000001111111111111000001000001111111000001111111000001111111111111000001000001111111000001111111000001111110111111111111111111111111111111000001000001000001000001000001
111111000001000001000001000001000001000001111111111111111111111111000001000011111111000001000001111111000001111111000001000001000001000001000001000001000001111111111111111111111111000001000001
000000000000000000000000000000000000000000000000000000000000000000000000000000000000000000000000000000000000000000000000000000000000000000000000000000000000111110000000000000000000000000000000
000000000000000000000001000000000000000000000000000000000000000000000000000000000000000000000000000000000000000000000000000000000000000000000000000000000000000000000000000000000000000000000000
000000000000000000000000000000000000000000000000000000000000000000000000000000000000000000000000000000000000000000000000000000000000000000000000000000000000000000000000000000000000000000000000
000010111110111110000010000010111110000010111110000010000010111110000010111110111101111110000010000010000010111110000010111110000010111110111110000010111110111110000010111110000010000010000010
111110111110111110000010111110111110111110111110111110000010111110111110000010111110111110111110111110000010111110111110000010000010111110111110000010000010000010000010000010000010111110111110
111110000010111110111110111110000010000010111110111110000010111110111110000010000010000010111110111110000010111110000010000010000010111110000010000010111110000011000010000010000010000010111110
111101000011000011111101000011111101000011000011111101000011000011111101000011111101000011000011000011000011000011111101000011111101111101000011111101111101111101000011111101000011111101000011
111101111101000011111101000011000011000011111101000011111101000011111101000011111101111101000011000011111101000011111101111101111101000011000011111101111101000011111101111101111101000011111101
000000000000000000000000000000000000000000000000000000000000000000000000000000000000000000000000000000000000000000000000000000000000000000000000000000000000000000000000000000000000000011000000
000000000000000000000000000010000000000000000000000000000000000000000000000000000000000000000000000000000000000000000000000000000000000000000000000000000000000000000000000000000000000000000000
111101000011000011000011000011000011000011111101000011000011000011000011111101111101111101000011111101111101000011111101111101000011111101000011000011111101000011000011000011111101111101111101
000000000000000000000000000000000000000000000000000000000000000000000000000000000000000000000000000000000000000000000000000000000001000000000000000000000000000000000000000000000000000000000000
000011000011111101000011000011000011111101000011000011111101000011111101111101000011000011111101111101000011111101000011111101000011000011000011000011111101000011111101111101111101111101000011
111111000001111111111111000001000001000001000001000001000001111111000001111111000001111111111111111111000001000011000001000001000001111111000001111111111111111111000001111111000001111111000001
000000000000000000000000000000000000000000000000000000000000000000000000000000000000000000000000000000000000000000000000000000000000000000000000000000000011000000000000000000000000000000000000
000000000000000000000000000000000000000000000000000000000000000000000000000000000000000000000000000000000000000000000000000000000000000000000000000000000000000000000000000000000000000000000000
111111111111000001111111000001000001000001000001000001000001111111111111111111111111000001111111000001111111000001000001000001000001111111000001000011111111111111111111111111000001000001000001
000000000000000000000000000000111101000000000000000000000000000000000000000000000000000000000000000000000000000000000000000000000000000000000000000000000000000000000000000000000000000000000000
111101111101000011111101000011111101111101000011000011000011000011000011111101111101111101111101000011111101111101111101111101111101000011111101111101111101111101000011111101111101000011000011
111101111101000011000011111101111101111101000011111101000011111101111101000011111101111101000011111101111101111101000011111101111101111101111101000011000011000011000011111101111101111101000011
000000000000000000000000000000000000000000000000000000000000000000000000000000000000000000000000000010000000000000000000000000000000000000000000000000000000000000000000000000000000000000000000
000000000000000000000000000000000000000000000000000000000000000000000000000000000000000000000000000000000000000000000000111110000000000000000000000000000000000000000000000000000000000000000000
000011111101000011000011000011000011000011000011111101000011111101111101111101111101111101111101000011000011000011111101111101111101000011111101111101000011111101000011000011000011111101111101
111101000011111101111101000011000011000011111101111101000011000011000011000011111101111101111101111101111101000011000011000011111101000011000011000011111101000011000011000011000011111101111101
000010111101111110000010000010111110000010111110111110000010111110111110000010000010111110111110111110111110111110000010111110000010000010111110111110000010111110000010000010111110111110000010
000000000000000000000000000000000000000000000000000000000000000000000000000000000000000000000000000000000000000000000000000000000000000000000000000000000000000000000000000000000000000000000000
111101111101111101111101000011111101000011000011111101111101111101000011000011000011000011000011111101000011111101111101000011000011000011111101111101000011000011111101111101111101111101111101
000011111101000011111101000011000011000011111101111101000011111101000011111101111101000011000011000011111101000011000011000011111101111101000011000011000011000011111101111101000011000011000011
000000000000000000000000000000000000000000000000000000000000000000000000000000000000000000000000000000000000000000000000000000000000000000000000000000000000111110000000000000000000000000000000
111111111111111111000001000001000001111111111111000001000001000001111111000001111111111111111111000001111111111111111111000001000001111111111111000001111111111111111111000001111111111111111111
000011000011000011000011000011000011000011111101111101000011000011000011111101000011000011111101000011111101000011111101000011000011111101111101000011000011111101000011111101000011000011000011
000001111111000001111111111111000001000010111111000001111111000001111111000001111111111111000001000001111111111111111111000001111111111111000001000001000001000001000001111111000001111111111111
000000000000000000000000000000000000000000000000000000000010000000000000000000000000000000000000000000000000000000000000000000000000000000000000000000000000000000000000000000000000000000000000
000010111110111110000010000010000010000010111110000010000010000010000010000010111110111110000010111110111110000010111110000010111110000010111110000010111110111110111110111110000010111110111110
000010111110111110111110000010111110111110111110000010000010111110111110000010000010111110000010000010111110000010000010000010111110000010000010000010000010111110000010000010111110000010111110
000011111101000011000011111101000011111101111101111101111101000011000011111101111101000011000011111101111101000011111101111101000011111101000011000011000011111101111101111101111101000011111101
000010111110111110000010111110111110111110000010111110000010000010000010111110000010000010111110111110000010111110000011111110111110111110000010111110111110111110000010000010000010111110111110
000000000000000000000000000000000000000000000000000000111110000000000000000000000000000000000000000000000000000000000000000000000000000000000000000000000000000000000000000000000000000000000000
000010000010000010111110000010000010111110111110111110000010111110000010000010000010111110111110111110000010000010111110111110111110000010111110111110111100111110000010000010111110111110111110
000011000011111101000011111101000100111101000011111101000011000011000011000011111101111101000011111101000011000011000011000011111101000011000011111101111101111101111101111101111101000011000011
000001000001111111111111000001000001111111000001000001000001111111111111000001000010000001111111111111111111111111111111000001111111000001111111111111000001000001111111111111111111000001000001
000000000000000000000000000000000000111101000000000000000000000000000000000000000000000000000000000000000000000000000000000000000000000000000000000000000000000000000000000000000000000000000000
000000000000000000000000000000000000000000000000000000000000000000000000000000000000000000000000000011000000000000000000000000000000000000000000000000000000000000000000000000000000000000000000
000010111110111110111110111110000010000010111110111110000010000010111110111110000010111110000010000010000010111110000010111110111110000010000010111110000010111110111110000010111110111110111110
000010000010000010111110111110000010000010000010000010000010000010000010000010000010111110000010000010000011111110000010000010111110111110000010000010111110111110111110111110111110111110000010
000000000000000000111111000000000000000000000000000000000000000000000000000000000000000000000000000000000000000000000000000000000000000000000000000000000000000000000000000000000000000000000000
000000000000000000000000000000000000000000000000000000000011000000000000000000000000000000000000000000000000000000000000000000000000000000000000000000000000000000000000000000000000000000000000
000001111111000001111111000001000001000010111111000001000001111111111111111111000001111111000001000001000001111111000001000001000001111111111111000001000001111111000001000001000001000001111111
000000000000000000000000000000000000000000000000000000000000000000000000000000000000000000000000000000000000000000000001000000000000000000000000000000000000000000000000000000000000000000000000
000000000000000000000000000000000000000000000000000000000000000000000000000000000000000000000000000000000000000000000000000000000000000000000000000000000000000000000000000000000000000000000000
000001000000000000000000000000000000000000000000000000000000000000000000000000000000000000000000000000000000000000000000000000000000000000000000000000000000000000000000000000000000000000000000
111111000001111111000001111111000001111111111111000001000001111111111111000001000001000001111111000001111111111111000001000011000001000001000001000001000001000001111111000001111111111111111111
000000000000000000000000000000000000000000000000000000000000000000000000000000111111000000000000000000000000000000000000000000000000000000000000000000000000000000000000000000000000000000000000
000011000011111101000011000011111101111101111101111101000011111101000011000011000011000011000011000011111101111101111101000011111101000011000011000011000011111101111101000011111101111101000011
000000000000000000000000000000000000000000000000000000000000000000000010000000000000000000000000000000000000000000000000000000000000000000000000000000000000000000000000000000000000000000000000
000000000000000000000000000000000000000000000000000000000000000000000000000000000000000000000000000000000000000000000000000000000000000000000011000000000000000000000000000000000000000000000000
000011000011111101000011000011000011000011111101111101000011111101111101111101111101111101000011000011111101000011000011000011111101000011111101111101000011111101111101111101000011000011111101
000000000000000000000000000000000000000000000000000000000000000000000000000000000000000000000000000000000000000000000000000000000000000000000000000000000000000000000000000000000000000000000000
000011000011111101000011111101000011111101111101111101111101000011000011000011111101000011111101111101111101000011111101111101000011111101000011111101111101111101111101111101111101000011111101
111111111111000001111111000001111111000001111111000001000010111111111111000001000001000001000001111111111111000001000001111111111111000001000001000001111111111111111111111111000001111111000001
111101000011111101000011000011111101111101000011111101000011111101000011111101111101111101000011111101000011000011000011111101111101111101000011111101111101000011111101000011111101000011111101
000000000000000000000000000000000000000000000000000000000000000000000000000000000000000000000000000000000000000000000000000000000000000000000000000000000000000000111110000000000000000000000000
000000000000000000000000000000000000000000000000000000000000000000000000000000000000000000000000000000000000000000000000000000000000000000000000000000000000000000000000000000000000000000000000
111111000001111111111111000001000001111111000001111111000001000001111111111111000001000001000001000001000001111111000001000001000001000001000001000001000001111111111111111111000001111111111111
111101000011111101000011000011111100000011111101000011000011000011111101111101000011000011000011111101000011000011111101000011000011111101111101111101000011000011111101111101000011111101000011
000000000000000000000000000000000000000000000000000000000011000000000000000000000000000000000000000000000000000000000000000000000000000000000000000000000000000000000000000000000000000000000000
111111000001111111111111000001000001111111000001000001111111111111111111000001000001000001111111000001000001111111000001000001000001000001111111111111000001111110000001111111111111000001000001
000010111101111110111110111110111110111110111110111110111110111110000010111110000010111110111110000010111110111110000010111110000010111110000010000010000010111110111110111110111110111110000010
000011000011111101000011000011000011000011111101000011111101111101111101111101000011111101111101111101000011000011000011111101000011000011111100111101111101000011111101111101000011111101000011
000010000010000010111110111110000010111110000010000011000010000010000010000010111110000010111110000010000010111110000010111110111110111110111110000010000010111110000010000010111110000010000010
111111000001111111000001000001111111111101111111000001111111000001000001000001000001000001111111111111000001000001111111000001000001111111111111111111000001000001000001000001000001000001000001
000000000000111110000000000000000000000000000000000000000000000000000000000000000000000000000000000000000000000000000000000000000000000000000000000000000000000000000000000000000000000000000000
111110111110000010111110000010000010111110111110111110111110000010111110000010111110111110111110000010111110111110111110000010000010111110000010000011111110111110111110000010111110111110000010
000000000000000000000000000000000000000000000000000000000000000000000000000000000000000000000000000000000000000000000000000000000000000000000000000000000000000000000000000000000000000000000000
111110111110000010111110111110000010111110111110111110000010000010000010111110000010000010000010000010000010000010000010000010000010000010111110111110111110111110111110111110000010000010000010
000000000000000000000000000000000000000000000000000000000000000000000000000000000000000000000000000000000000000000000000000000000000000000000000000000000000000000000000000000000011000000000000
111110111110111110000010000010111110000010111110111110000010000010111110000010000010000010000010111110000010111110000010111110000010111110111110111101111110000010111110111110000010000010000010
000011111101111101111101000011000011000011111101111101111101111101000011000011111101111101000011000011000011000011111101000011000011000011111101000011000011000011111101000011111101111101000100
111111111111000001111111111111000001000001111111000001000001000001111111000001000001000001000001000001000001000001000001111111111111000001111111000001000001111111111111000011111111000001000001
000000000000000000000000000000000000000000000000000000000000000000000000000000000000000000000000000000000000000000000000000000000000000000000000000000000000000000000000000000000000000000000000
000010111110111110000010000010111110111110111110111110111110111110111110000010111110111110000010000010000010000010111110000010000010000010111110111110111110111110000010111110111110111110111110
000000000000000000000000000000000000000000000000000000000000000000000000000000000000000000000000000000000000000000000000000000000000000000000000000000000000000000000000000000000000000000000000
000011111101111101000011111101000011111101111101111101000011111101000011111101111101111101000011000011000011111101111101000011111101000011111101000011111101000011111101000011000011111101111101
111110111110000010000010000010111110111110000010000010000010111110111110111110000010111110000010111110000010111110000010111110111110111110000010000010111110000010000010111110000010111110000010
000000000000000000000000000010000000000000000000000000000000000000000000000000000000000000000000000000000000000000000000000000000000000000000000000000000000000000000000000000000000000000000000
000000000000000000000000000000000000000000000000000000000000000000000000000000000001000000000000000000000000000000000000000000000000000000000000000000000000000000000000000000000000000000000000
000000000000000000000000000010000000000000000000000000000000000000000000000000000000000000000000000000000000000000000000000000000000000000000000000000000000000000000000000000000000000000000000
111110000010111110111110000010000010000010111110111110000010111110000010000010000010000010111110000010000010111110111110111110111110000010111110000010000010111110000010000011111110000010000010
000000000000000000000000000000000000000000000000000000000000000010000000000000000000000000000000000000000000000000000000000000000000000000000000000000000000000000000000000000000000000000000000
111111000001111111111111111111111111111111111111000001000001000001111111111111000001000001111111000001000001000001000001000001111111111111111111111111111111000001000001000001000001000001111101
111111000001111111000001000001111110111111000001111111000001000001000001000001111111000001111111111111111111000001000001111111000001000001000001000001111111111111000001111111000001000001111111
111101111101000011111101000011111101111101000011111101000011000011000011111101111101111101111101111101111101111101111101000011000011111101000011000011111101000011000011000011000011000011000011
000000000000000000000000000000000000000000000000000000000000000000000000000000000000000000000000000000000000000000000000000000000000000000000000000000000000000000000000000000000000000000000000
000010111110000010000010000010000010000010111110000010000010111110111110000010000010111110111101111110111110000010111110000010111110000010111110111110000010000010111110111110000010000010000010
111111000001111111111111111111000001000001111111111111111111111111111111111111000001111111111111111101000001111111111111111111000001111111111111000001000001000001000001000001111111000001111111
000010000010000010000010111110111110000010111110000010111110000010111110000010000010111110111110000010111110000010111110000010111101000010111110000010111110000010111110000010000010000010111110
111101111101000011111101111101000011111101000011111101000011111101111101111101111101000011111101000011111101000011111101111101111101000011000011111101111101000011000011111101111101000011111101
000001000001000001000001111111111111000001111111111111111111111111000001000001000001000001000001111111000001111111000001000001111111000001111111000001111111000001111111111111000001111111000011
111111000001111111111111111111111111111111000010111111000001000001111111000001000001000001000001111111000001111111000001111111111111111111111111111111000001111111111111000001111111111111111111
111111000001111111111111000001111111000001000001000001111111000001000001111111000010111111111111000001111111111111111111111111000001111111000001111111111111000001000001111111000001111111111111
000011111101111101111101111101000011111101000011111101000011000011111101111101000011000011111101111101000011000011000011000011000011111101111101111101111101000011111101111101000011000011000011
111101111101111101000011111101000011111101111101111101111101111101111101111101111101000011111101000011111101111101000011000011000011111101111101000011000011111101111101000011000011111101000011
111111000001111111000001111111000001111111000001000001000001111111000001111111000001111111000001000001000001111111000001000001000001111111111111111111000001000001111111111111111111000001000001
000000000000000000000000000000000000000000000000000000000000000000000000000000000000000000000000000000000000000000000000000000111101000000000000000000000000000000000000000000000000000000000000
111110111110111110000010000010111110111110111110111110111110000010111110111110111110000010111110000010111110000010000010111110000010000010000010000010111110111110000010000010000010000010000010
111110111110000010111110111110111110111110000010000010000010111110000010111110111110111110000010000010111101111110111110111110000010111110000010111110111110000010111110111110111110111110111110
000001111111111111111111000001000001111111000010000001000001111111111111111111000001111111000001111111000001000001111111111111111111000001111111000001000001111111111111000001111111111111111111
111110111110111110111100000010000010000010111110111110111110111110000010111110111110111110111110000010000010111110000010000010000010111110111110000010000010111110111110000010111110000010000010
000011111101111101111101000011111101111101000011111101111101111101111101111101000011111101111101000011111101000011111101111101000011111101000011111101111101000011000011000011000011000011000011
000000000000000000000000000000000000000000000000000000000000000000000000000000000000000000000000000000000000000000000000000000000000000000111011000000000000000000000000000000000000000000000000
000000000000000000000000000000000000000000000000000000000000000000000000000000000000000000000000000000000000000000111101000000000000000000000000000000000000000000000000000000000000000000000000
000000000000000000000000000000000000000000000000000000000000000000000000000001000000000000000000000000000000000000000000000000000000000000000000000000000000000000000000000000000000000000000000
000001000001111111111111000001111111111111000001000001111111000001000001111111111111000001111111000001111111000001000001000001111111000001000001111111111111111111000001000001111111000001000001
000000000000000000000000000000000000000000000000000000000000000000000000000000000000000000000000000000000000000000000000000000000000000000000000000000000000000010000000000000000000000000000000
111101111101111101000011111101111101111101000011111101111101000011111101111101000011111101111101000011111101000011000011000100111101000011111101111101111101000011000011000011111101111101111101
111110000010111110111110111110111110000010000010111110111110111110000010000010111110111110000010000010000010111110000010111110000010000010111110111110000010000010111110111110000010111110000011
111111111111111111111111111111000001111111111111000010000001000001111111111111111111000001000001000001000001000001000001111111000001111111000001000001000001111111000001000001000001111111000001
000001111111000001000001000001111111000001000001000001111111000001111111000001111111111111000001000001000010000001000001111111111111000001000001000001000001111111111111000001000001111111111111
111110000010111110000010000010000010111110000010111110111110111110000010000010000010111110111110111110111110000010000010111110000010000010111110111110111110000010111110000010000010000010111101
000010111110000010111110000010111110111110111110111110000010000010111110000010000010111110000010000010111110000010000010000010000010000010000010000010111110111110000010000010111110000010000010
111101000011111101000011111101000011111101111101111101111101000011111101000011000011111101000011111101111101111101000011111101000011000011000011000011111101111101000011000011111101111101111101
111110000010111110000010111110111110000010111110000010000010000010111110111110000011111110111110111110000010000010111110000010000010000010000010111110000010111110000010111110000010000010000010
000000000000000000000000000000000000000000000000000000000000000000000000000000000000000000000000000000000000000000000000000000000000000000000000000000000000000000000000000000000000000000000000
000010111101000010000010000010111110000010000010111110000010000010000010111110111110111110111110111110111110000010111110111110111110000010000010111110111110000010111110000010111110000010000010
000010000010000010111110111110111110111110111110111110111110111110111110000010000011000010000010000010111110111110111110111110000010111110111110111110111110000010000010111110111110111110000010
000000000010000000000000000000000000000000000000000000000000000000000000000000000000000000000000000000000000000000000000000000000000000000000000000000000000000000000000000000000000000000000000
000010000010111110111110000010111110000010111110111110000010000010111110111110000010111110111110000010111110111110111110111100000010111110000010111110000010000010000010111110000010000010000010
000010000010111110111110000010111110111110111110111110000010111110111110111110000010000010111110111110111110111110111110111110000010111110111110000010111110000010111110000010000010000010111110
000000000000000000000000000000000000000000000000000000000001000000000000000000000000000000000000000000000000000000000000000000000000000000000000000000000000000000000000000000000000000000000000
000010111110000100111110111110000010111110000010000010000010000010111110000010111110111110111110111110111110000010111110111110111110000010111110111110111110000010000010111110111110111110111110
000000000000000000000000000000000000000000000001000000000000000000000000000000000000000000000000000000000000000000000000000000000000000000000000000000000000000000000000000000000000000000000000
000010000010000010000010000010000010111110000010000010000010000010000010000010000010000010000010111110000010000010111110111110000010111110000010000010000010000010000010000010111110111110111110
000010000010000010000010000011111110000010111110000010111110111110111110111110000010111110111110000010111110000010000010111110111110111110000010000010111110111110111110111110111110000010111110
111110000010000010111110000010111110000010111110111110000010000010000010111110111110111110111110111110000010111110111110000010000010111110111110000010000010000010111110000010111110111110111110
000000000000000000000000000000000000000000000000000000000000000000000000000000000000000000111101000000000000000000000000000000000000000000000000000000000000000000000000000000000000000000000000
111111111111000001111111111111111111000001111101111111000001111111111111000001000001111111000001111111000001111111111111000001111111111111000001000001000001111111111111000001000001000001111111
111110111110111110000010111110000010111110111110000010111110111110111110000010111110000010111110111110000010000010111110111110000010111110111110000010111110000010000010000010111110000010000010
000001111111111111111111000001000001111111000001111111000001000001000001000011000001111111111111000001000001000001111111000001000001000001111111000001111111000001111111000001111111111111111111
111101000011000011000011000011111101111101000011000011000011111101111101000011111101111101000011000011111101111101000011000011000011111101111101111101111101000011111101000011111101000011111101
000000000000000000000000000000000000000000000000000000000000000000000000000000000000000000000000000000000000000000000000111110000000000000000000000000000000000000000000000000000000000000000000
000001111111000001000001111111111111111111000001111111111111111111111111000001111111000011111111111111111111000001000001000001000001111111111111000001000001111111000001000001111111111111111111
000000000000000000000000000000000000000000000000000000000000000000000000000000000000000000000000000000000000000000111111000000000000000000000000000000000000000000000000000000000000000000000000
111111111111111111111111111111111111000001111111000001000001000001111111000001111111111111111111111111000001111111111111000001000001000001000001111111111111111111111111000001111111111111000010
000000000000000000000000000000000000000000000000000000000000000000000000000000000000000000000000000000000000000000000000000000000000000000000000000000000000000000000000000000000000000000000000
111111111111000001000001111111111111000001111101111111000001000001000001111111111111000001111111000001000001111111000001111111111111000001111111111111000001111111000001000001000001000001111111
000000000000000000000000000000000000000001000000000000000000000000000000000000000000000000000000000000000000000000000000000000000000000000000000000000000000000000000000000000000000000000000000
111101000011111101000011000011111101111101111101111101111101000011000011000011111101111101111101111100000011000011000011000011111101111101111101000011000011000011111101000011111101000011000011
000011000011111101111101000011111101111101000011000011111101111101111101000011111101111101000011000011111101111101111101000011000011000011000011111101111101000011000011111101000011000011111101
111110000010111110111110000010000010000010111110111110111110000010000010111110000010000011111110111110111110111110000010000010111110111110111110000010111110111110111110000010111110000010000010
111101000011000011111101111101111101111101000011000011000011000011111101000011000011111101000011000011111101000011000011000011000011111101111101111101000011111101111101000011111101111101111101
111111000001111111000001111111000001111111000001111111000001111111000001000001111111111111000001000001000001000001000001000001111111000001111111000001111111111111000001000001000001000001000001
000000000000000000000000000000000000000000000000000000000000000000000000000000000000000000000000000000000000000000000000000000000000000000000000000000000000000000000000000000000000000010000000
111101111101111101111101000011000011111101111101000011111101000011111101000011000011111101111101111101111101111101111101111101000011000011000011111101000011111101111101111101111101000011000011
111111000001000001000001111111111111111111111111111111111111111111000001111111000001000001111111111111000001000001111111000001111111000001111111111111111111111111111111111111111111000001000001
111110000010000010000010000010000010111110111110000010111110111101111110111110111110000010111110111110000010000010000010000010000010111110111110000010000010000010111110000010111110111110111110
111101111101111101000011000011111101000011000011000011000011111101000011000011111101111101111101111101111101111101111101000011000011000011000011000011000011111101111101111101000011111101000011
111110000010000010111110111110000010111110111110111110111110111110000010000010000010000010111110111110000010111110111110111110111110111110000010111110111110111110111110000010000010111110000010
111111000001000001111111000001000001111111000001111111000001111111111111000001111111000001000001000001000001111111111111111111000010111111111111111111000001000001111111000001000001111111111111
111101000011111101111101000011111101111101000011111101111101000011000011000011111101000011111101000011111101111101000011111101111101111101000011111101111101000011111101111101111101000011111101
000000000000000000000000000000000000000000000000000000000000000000000000000000000000000000000000000000000000000000000000000000000000000000000000000000000000000000000000000010000000000000000000
111101000011000011000011000100000011111101111101000011000011000011111101111101111101111101111101111101111101000011000011111101111101111101000011000011000011000011111101000011111101111101000011
111110000010111110111110000010000010111110111110000010000010111110000010111110000010000010111110000010111110111110111110111110000010000010111110000010111110000010111110000010000010000010000010
111111111111111111111111111111111111111111000001000001111111111111111111000011111111111111111111000001000001000001000001111111111111000001000001000001000001111111000001000001111111111111000001
000010000010111110111110111110000010000010111110000010111110111110000010000010000010000010111110000010000010111110000010111110000010000010000010111110000011000010000010111110000010000010111110
000000000000000000000000000000000000000000000000000000000000000000000000000000000000000000000000000000000000000000000000000000000000000011000000000000000000000000000000000000000000000000000000
111110000010000010000010000010000011111110111110000010111110111110000010000010000010111110000010111110111110111110000010111110111110000010111110111110111110111110111110111110111110111110111110
000011111101000011000011111101111101000011111101000011111101000011111101000011000011111101111101000011111101000011111101000011111101000011000011111101000011000011000011111101111101000011000011
000011111101000011000011111101000011000011111101000011000011111101111101000011000011111101000011111101111101000011111101111101111101111101000011111101111101111101111101000011000011111101111101
111100000100111100000100000100111100111100000100000100000100111100000100000100111100111100111100111100000100000100000100111100111100111100111100111100000100111100000100000100111100000100000100
000011111101000011111101000011111101000011111101000011111101111101111101000011000011111101000011111101000011111101111101000011111101000011111101111101000011000011111101111101111101111101000011
111111111111111111111111000001111111111111111111000001111111000010000001000001111111111111000001111111000001111111111111000001111111111111111111111111111111000001000001111111111111000001000001
000000000000000000000000000000000000111101000000000000000000000000000000000000000000000000000000000000000000000000000000000000000000000000000000000000000000000000000000000000000000000000000000
000000000000000000000000000000000000000000000000000000000000000000000000000000000000000001000000000000000000000000000000000000000000000000000000000000000000000000000000000000000000000000000000
000000000000000000000000000000000000000000000000000000000000000000000000000000000000000000000000000000000000000011000000000000000000000000000000000000000000000000000000000000000000000000000000
111111111111000001000001111111000011000001111111111111000001000001000001000001000001111111000001000001000001000001000001000001000001111111111111111111000001000001111111111111111111000001000001
111101000011000011000011111101111101111101000011111101000011000011000011111101111101000011111101000011111101111101111101111101000011111101111101111101000011111101111101000011111101000011000011
111110000010111110000010111110000010000010000010000010000010111110111110111110111110000010000100111110111110000010000010000010000010000010000010000010111110000010000010000010111110111110000010
000011111101000011000011111101000011111101111101111101000011000011000011111101111101000011000011111101111101000011000011111101111101000011111101000011111101000011000011111101111101111101000011
000001000001000001000001000001000001111110111111111111000001111111000001111111111111000001111111111111111111000001111111111111111111000001111111111111111111111111000001000001111111111111000001
000001111111111111000001111111000011000001000001111111111111111111000001111111111111000001000001111111000001111111111111000001111111111111111111111111000001111111000001111111000001111111000001
111101111101111101111101000011111101111101111101111101000011000011111101111101111101111101000011000011111101111101111101000011111101000011000011000011000011111101111101000011111101000011111101
111111111111111111000001000001111111111111111111111111111111111111111111111111000001111111111111000001111111111111111111000001000001111111111111111111111111000001000001000001111111000001111111
111101111101111101111101111101111101000011000011000011000011000011000011000011111101000011111101111101000011111101111101000011000011111101111101111101111101000011000011111101111101111101000011
000000000000000000000000000000000000000000000000000000000000000000111101000000000000000000000000000000000000000000000000000000000000000000000000000000000000000000000000000000000000000000000000
111111000001000001111111111111000001000001111111111111000001111111000001000001000001111111111111000001111111000001111111000001111101111111000001000001000001111111111111000001000001111111111111
000000000000000000000000000000000000000000000000000000000000000010000000000000000000000000000000000000000000000000000000000000000000000000000000000000000000000000000000000000000000000000000000
111111000001000001111111111111000001111111000001000001000001111111111111000001111111000001111111111111111111000001000001111111111111000001111111111111000001111111000001111111000011111111111111
000010111111000001000001000001111111111111000001111111000001000001111111000001000001111111000001000001111111000001111111000001111111111111000001000001111111111111111111111111000001111111111111
111111111111000001111111111111000001000001000001000001000001111110000001000001000001000001111111111111111111111111000001111111000001111111111111111111000001000001000001000001000001000001111111
000000000000000000000000000000000000000000000000000000000000000000000000000000000000000000000000000000000000000000000000000000000000000010000000000000000000000000000000000000000000000000000000
000000000000000000000000000000000000000000000000000000000000000000000000000000000000000000000000000000000000000000000000000000000000000000000000000000000000000000000000000000111101000000000000
111101000011111101000011111101000011111101000011111101000011000011111101000011000011111101111101111101111101111101000011000011111101111101111101111101000011111101111101111101111101111101000011
000011000011111101111101111101000011111101000011111101000011111101000011000011111101111101111101000011111101000011000011111101000011111101000011111101000011000011000011111101000011000011000011
000011111101111101111101111101111101000011111101000011000011111101000011111101111101111101111101000011000011111101000011000011111101000011111101000011000011111101000011111101111101000011111101
111110000010111110111110111110111110000010000010111110000010111110000010000010000010111110000010000010000010000010111110000010000010111110000010111110111110000010111110111110111110000010111110
000001111111000001111111111111000010111111111111111111111111000001000001000001000001000001000001000001000001000001000001111111000001111111111111111111111111000001111111000001000001000001111111
000011111101111101111101000011000011000011111101111101111101111101000011000011111101111101111101111101000011000011000011111101000011000011111101111101111101111101000011111101111101111101111101
000000000000000000000000000000000000000000000000000000000000000000000000000000000000000000000000000000000000000000000010000000000000000000000000000000000000000000000000000000000000000000000000
111110111110000010000010111110111110000010000010111110000010000010000010111110000010000010000010111110000010111110000010111110111110111110000010111110000010000010000010111110111110111110111110
111111111111000001000001111111000001000001000001000001000001000001000001000001111111000001111111000001111111111111111111000010111111111111000001000001111111111111111111000001000001111111111111
111101000011000011111101111101111101111101111101000011000011111101000011111101111101111101111101111101000011111101000011000011000011111101000011111101000011000011111101000011000011111101111101
000000000000000000000000000000000000000000000000000000000000000000000000000000000000000000000000000000000000000000000000000000000000000000000000000000000000000000000000000000000000000000000000
000000000000000000000000000000000000111111000000000000000000000000000000000000000000000000000000000000000000000000000000000000000000000000000000000000000000000000000000000000000000000000000000
111111111111111111111111000001000001111111000001111111000001000001000001111111111111000001000001000001111111000001111111111111111111111111111111111111111110111111000001111111111111111111111111
000000000000000000000000000000000000000000000000000000000000000000000000000000000000000000000000000000000000000000000000000000000000000000000000000000000010000000000000000000000000000000000000
000001111111000001000001000001000001111111000001000001111111000001111111111111000001111111000001000001111111000001111111111101111111111111000001000001111111000001000001000001111111111111000001
111110000010111110111110000010111110000010000010111110000010111110111110111110111110111110111110111110111110111110111110000010111110000010000010000010111110000010111110111110111110111110111110
000000000000000000000000000000000000000000000000000000000000000000000000000000000000000000000000000000000000000000000000000000000000000000000000000010000000000000000000000000000000000000000000
000001000001111111000001111111000001000001000001111111111111111111000001000010111111000001000001111111111111000001111111111111111111000001000001111111000001000001111111111111111111111111000001
000001000001111111000001000001000001111111000001000001000001000001000001000001111111111111111111111111111110000001111111111111111111111111111111111111000001111111000001000001000001111111111111
000000000000000000000000000000000000000000000000000000000000000000000000000000000000000000000000000000000000000000000000000000000000000000111111000000000000000000000000000000000000000000000000
111110111110111110111110111110111110111110111110000010000010111110111110000010000010000010111110111110111110111110111110000010111110000010000010111110000010000010111110111110111110111110111110
111111000001111111000001000001111111111111000001000001111111111111000001111111000001000001111111111111000001000001111111000001111111000001111111111111000001111111111101000001111111111111111111
000000000000111111000000000000000000000000000000000000000000000000000000000000000000000000000000000000000000000000000000000000000000000000000000000000000000000000000000000000000000000000000000
111110111110111110000010111110111110000010111110111110111110111110000010000010111110000010000010111110000010111110111101000010111110111110111110000010000010000010000010000010000010000010000010
111111000001111111111111111111111111000010000001000001000001000001111111111111111111000001111111000001111111111111111111111111000001111111000001111111000001000001111111111111000001111111000001
111110000010000010111110000010111110111110000010111110000010000010111110000010000010000010000010000010111110111110111110000010111110111110111110000010111110000010111110000010000010111110111110
000000000000000011000000000000000000000000000000000000000000000000000000000000000000000000000000000000000000000000000000000000000000000000000000000000000000000000000000000000000000000000000000
000010000010000010000010000010000010111110000010111110000010111110111110000010111110111110111110000011111110111110111110000010111110000010000010111110000010111110000010000010111110000010000010
000000000000000000000000000000000000000000000000000000000000000000000000000000000000000000000000000000000000000000000000000000000000000000000000000000000000000011000000000000000000000000000000
000000000000000000000000000000000000000000000000000000000000000000000000000000000000000000000000000000000000000000000000000000000000000000000000000000000011000000000000000000000000000000000000
111101111101000011000011000011000011000011000011111101000011111101000011000011111101000011111101000011000011111101111101000011111101000011111101111101111101111101000011000011000011111101000011
000000000000000000000000111110000000000000000000000000000000000000000000000000000000000000000000000000000000000000000000000000000000000000000000000000000000000000000000000000000000000000000000
111110111110000010000010111110000010000010111110111110000010111110111110111110000010111110000010111110000010000010111101000010111110111110111110111110000010111110111110000010000010000010111110
000011000011000011000011000011000011111101000011111101000011111101000011111101000011111101000011111101111101000011000011111101000011111101111101111101000011000011111101111101000011111101000011
000000000000000000000000000000000000000000000000000000000000000000000000000000000000000000000000000000000000000000000000000000000000111110000000000000000000000000000000000000000000000000000000
000010111110000010111110111110111110111110111110000010111110111110111110000011111110000010111110111110000010000010111110000010111110000010000010111110000010111110111110111110000010111110111110
000010000010111110111110000011000010000010000010111110000010000010111110111110111110000010000010000010000010000010000010000010000010111110111110000010000010111110000010000010111110111110111110
000010111110000010111110000010000010000010111110111110000010000010000010111110000010111110111110000011000010111110111110000010111110111110111110111110111110000010000010111110111110000010000010
000000000000000000000000000000000000000000000000000000000000000000000000000000000000000000000000000000000000000000000000000000000000000000000000000000000000000000000000000000000000000000000000
111111000001111111111111000001000001000001000001000011000001000001111111111111111111000001000001111111000001000001000001000001111111000001000001111111111111000001000001000001111111111111000001
000010111110000010111110111110111110111110000010111110111110000010000010111110111110000010111110000010000010111110111110000010000010111110000010000010000010111110111110000010111110111110111101
000000000000000000000000000000000000000000000000000000000000000000000000000000000000000000000000000000000000000000000000000000000000000000000000000000000000000000000011000000000000000000000000
000010111110111110000010111110111110111101000010000010000010111110111110000010000010000010000010111110111110000010000010000010000010000010111110000010111110000010111110000010000010111110111110
000000000000000000000011000000000000000000000000000000000000000000000000000000000000000000000000000000000000000000000000000000000000000000000000000000000000000000000000000000000000000000000000
111101000011111101000011000011111101111101111101111101000011000011111101000011111101000011111101000011111101000011000011111101111101111101111101111101111101000011000011000011000011000011000011
000000000000000000000000000000000000000000000000000000000000000000000000000000000000000000000000000000000001000000000000000000000000000000000000000000000000000000000000000000000000000000000000
000000000000000000000000000000000000000000000000000000000000000000000000000000000000000000000000000000000000000000000000000000000000000000000000000000000000000000000000000000000000000000000000
000000000000000000000000000000000000000000000000000000000000000000000000000000000000000000000000000000000000000000000000000000000000000000000000000000000000000000000010000000000000000000000000
111110000010000010000010000010000010000010111110111110000010111110111110000010000010000010000010000010000010000010111110111110000010111110000010111110111110000010000010111110111110111110111110
111101000011111101000011111101000011111101000011111101111101000011111101000011111101111101000011111101111101111101000011111101111101111101111101000011111101111101111101000011111101000011000011
000011111101000011000011111101111101000011000011000011000011111101000011000011111101111101000011111101000011111101111101000011000011000011000011111101111101111101111101000011000011111101000011
000000000000000000000000000000000000000000000000000000111101000000000000000000000000000000000000000000000000000000000000000000000000000000000000000000000000000000000000000000000000000000000000
111111000001000001111111111111111111111111111111111111000001000001111111000001111111111111111111111111000011111111000001111111000001000001111111111111111111111111000001000001111111000001111111
000000000001000000000000000000000000000000000000000000000000000000000000000000000000000000000000000000000000000000000000000000000000000000000000000000000000000000000000000000000000000000000000
111101000011111101000011111101000011000011111101111101000011111101111101111101111101111101000011000011111101000011111101000011111101111101111101000011000011111101000011111101111101111101111101
111110000010111110000010111110000010000010000010111110111110111110111110111110000010111110111110000010000010111110111101111110111110000010000010000010111110000010111110111110000010111110000010
111111111111000001111111111111000001111111111111000001111111000011111111111111111111000001111111111111000001111111000001111111111111111111111111000001000001111111111111111111000001111111111111
000011111101000011000011000011111101000011111101111101000011111101111101111101111101111101000011111101000011111101000011111101000011000011000011000011000011111101111101111101000011000011111101
000000000000000000000000000000000000000000000000000000000000000000000000000000000000000000000000000000000000000000000000000000000000000000000000000000000000000000000000000000000000000000000000
000000000000000000000000000000000000000000000000000000000000000000000000000000000000000000000000000000000000000000000000000000000000000000000011000000000000000000000000000000000000000000000000
000000000000000000000000000000000000000000000000000000000001000000000000000000000000000000000000000000000000000000000000000000000000000000000000000000000000000000000000000000000000000000000000
000011111101111101111101111101111101111101111101111101000011111101111101111101111101000011000011000011000011111101000011111101111101111101000011000011111101111101111101000011000011111101000011
111111000001000001111111000001000001111111111111111111111111111111111111000001000001111111000010000001000001000001000001000001000001000001000001000001000001000001000001000001111111111111111111
000000000000000000000000000000000000000000000000000000000000000000000000000000000000000000000000000000000000000000000000000000000000000000000000000000000000000000000000000000000000000000000000
111101000011111101000011000011111101111101000011111101000100111101000011000011000011000011111101111101111101000011000011000011111101111101000011000011111101111101000011111101111101000011111101
111101000011000011000100111101111101111101000011000011000011000011000011000011111101111101111101000011000011111101111101000011111101111101000011111101111101000011111101111101000011000011111101
000011000011111101000011111101111101111101111101111101000011000011000011111101000011111101111101111101000011000011000011000011000011111101000011000011111101111101000011000011111101111101111101
111111000001000001000001000001000001111111000001111111000001111111000001000001000001000001000001000001000001111111000001000001000001000001111111000001000001111111111111000011111111000001111111
000000000000000000000000000000000000111111000000000000000000000000000000000000000000000000000000000000000000000000000000000000000000000000000000000000000000000000000000000000000000000000000000
000000000000111111000000000000000000000000000000000000000000000000000000000000000000000000000000000000000000000000000000000000000000000000000000000000000000000000000000000000000000000000000000
000010000010000010111110111110111110000010111110000010000010111110000010000010111110111110000010000010000010000011000010000010111110000010111110111110000010111110111110111110000010111110000010
000000000000000000000000000000000000000000000000000000000010000000000000000000000000000000000000000000000000000000000000000000000000000000000000000000000000000000000000000000000000000000000000
000011111101000011000011000011111101000011111101000011111101000011000011111101000011111101000011111101111101000011111101111101000011000011111101111101000011111101111101111101111101000011000011
000001000000000000000000000000000000000000000000000000000000000000000000000000000000000000000000000000000000000000000000000000000000000000000000000000000000000000000000000000000000000000000000
000001000001000001111111000001000001000011111111000001000001111111111111111111111111000001111111000001000001000001000001000001111111111111111111000001111111000001000001000001111111111111111111
000001111111111111000001111111000011111111111111000001111111111111000001000001111111111111111111000001111111000001111111111111000001000001111111111111111111111111111111000001111111111111000001
000001000001111111000001111111000001111111111111000001111111111111000001111111111110000001111111111111111111000001111111000001000001111111000001000001111111000001111111000001111111111111111111
111100111100111100111100000100000100111100000100111100111100000100111100111100000100111100111100000100000100000100000100000100000100111100111100111100111100000100111100111100000100111100000100
000011000011000011111101111101111101111101111101000011000011000011111101000011111101111101111101000011000011111101000011000011111101000011111101111101000011000011000011000011111101111101111101
000000000000000000000000000000000000000000000000000000000011000000000000000000000000000000000000000000000000000000000000000000000000000000000000000000000000000000000000000000000000000000000000
000011000011111101111101000011111101111101111101000011111101000011111101000011000011000011000011000011000011000011000011111101111101111101111101000011111101111101111101000011000011000011000011
000000000000000000000000000000000000000000000000000000000000000000000000000000000000000000000000000000000000000000111110000000000000000000000000000000000000000000000000000000000000000000000000
000000000000000000000000000000000000000000000000000000000000000000000000000000000000000000000000000000000000000000000000000000000000000010000000000000000000000000000000000000000000000000000000
000000000000000000000000000000000000000000000000000000000000000000111101000000000000000000000000000000000000000000000000000000000000000000000000000000000000000000000000000000000000000000000000
111110000010111101000010000010000010111110000010111110111110000010111110111110111110000010111110111110111110111110000010000010000010000010111110111110000010111110000010000010111110000010000010
000000000000000000000000000000000000000000000000000011000000000000000000000000000000000000000000000000000000000000000000000000000000000000000000000000000000000000000000000000000000000000000000
000010000010000010111110111110000011000010111110111110111110000010111110000010111110111110000010111110111110000010111110111110111110111110111110111110111110000010111110111110000010111110000010
111101000011111101000011111101000011111101111101000011000100111101111101000011111101111101000011111101111101000011111101111101111101111101000011000011111101000011000011000011111101000011111101
111111111111111111111111111111111111111111000001000001000001111111000001111111000001000001000001111111000001111111111111000011111111111111111111111111000001000001000001111111111111111111111111
000000000000000000000000000000000000000000000000000000000000000001000000000000000000000000000000000000000000000000000000000000000000000000000000000000000000000000000000000000000000000000000000
111111000001111111000001000001000001000001111111111111000001111111111111000001111111111111111111000001111111000001000001000001111110111111111111111111111111111111111111000001111111000001000001
000010111110000010000010111110111110000010111110000010111110111110111110000010111110111110111110000010111110111110000010000010000010000010111110000010111110000010000010111110000010000010111110
000000000000000000000000000011000000000000000000000000000000000000000000000000000000000000000000000000000000000000000000000000000000000000000000000000000000000000000000000000000000000000000000
000000000000000000000000000000000000000000000000000000000000000000000000000000000000000010000000000000000000000000000000000000000000000000000000000000000000000000000000000000000000000000000000
000001111111000001111111111111000001111111111111111111111111000001111111111111111111000001000001000001111111000001000001111111111111111111000001000001111111000001000010111111000001000001000001
000100111100000100111100000100000100000100111100111100111100111100000100111100111100000100000100111100000100000100111100111100111100111100000100111100111100111100000100000100000100000100000100
000000000000000000000000000000000000000000000000000000000000000001000000000000000000000000000000000000000000000000000000000000000000000000000000000000000000000000000000000000000000000000000000
000001111111000001111111000001000001111110111111000001111111000001111111111111000001111111111111111111000001111111111111111111000001000001111111000001111111000001000001000001111111000001000001
000000000000000000000000000001000000000000000000000000000000000000000000000000000000000000000000000000000000000000000000000000000000000000000000000000000000000000000000000000000000000000000000
000011111101000011111101000011111101111101000011111101000011000011000011000011111101111101111101111101000101000011111101000011111101000011111101000011000011111101000011111101111101111101000011
111110111110000010111110111110111110111101111110111110111110000010000010111110000010111110000010111110000010111110111110111110000010111110000010111110111110000010111110000010111110000010000010
000011000011111101000011000011000011111101000011111101111101111101000011111101000011111101111101111101000011000011111101000011111101000011111101000011000011000011111101000011000011111101000011
000011000011000011000011111101000011111101111101111101111101111101111101111101000011111101111101111101111101111101111101000011000011000011111101111101000011111101000011000011111101111101111101
000000000000000000000000000000000000000000000000000000000000000000000000000000000000000000000000000000000000000000000000000000000001000000000000000000000000000000000000000000000000000000000000
000010111110111110111110000010000010000010111110111110000010111110000010000010111110000010000010000010111110000010000010111110000010111110111110000010111110111110111110000010000010111110111110
000011000011000011111101000011111101000011111101111101111101111101000011111101111101000011000011000011111101111101000011111101000011111101111101111101000011111101000011000011111101000011000011
000000000000000000000000000000000000000000000000000000000000000000000000000000000000000000000000000000000000000000000000000000000000000000000000000000000000000000000000000000000000000010000000
111101111110111110111110000010000010111110000010000010000010000010000010000010000010111110111110000010000010000010000010000010000010000010000010111110000010000010111110000010000010111110000010
000000000000000000000000000000000000000000000000000000000000000000000000000000000000000000000000000000000000000000000000000000000000000000000000000000000000000000111110000000000000000000000000
111111111111000001000001000001111111111111000001000001111111111111111111000001000001000001111111111111111111111111000001000001111111111111000001000001000001111111000001111111111111000010000001
111101111101111101111101000011111101111101000011111101000011111101000011111101111101000011111101000011000011111101111101111101111101111101111101000011111101111101000011000011111101111101111101
000010000010000010000010000010111110000010000010111110111110111110000010111110111110111110000010111110000010000010000010000010111110000010111110000010000010000010000010111110111110111110111110
111110111110111110111110000011000010111110000010111110111110000010111110111110111110111110111110111110000010000010000010111110000010000010000010111110111110111110000010111110000010111110111110
000000000000000000000000000000000000000000000000000000000000000000000000000000000000000000000000000000000000000000000000000000000000000000111111000000000000000000000000000000000000000000000000
111110000010111110111110000010111110000010111110111110111110111110000010111110111110000010000010111110111110111110000010000010111110000010111110000010111110000011111110111110000010000010000010
111111000001000001111111111111111111111111000001111111111111111111000001000001111111111111000001000001111111111111111111111111111111111111000010000001111111111111111111000001000001111111000001
000011111101111101111101000011000011111101000011000011111101111101111101111101111101111101000011000011000011111101000011111101000011111101000011000011000011111101000011000011000011000011000011
111111000001000001000001000001000001111111111111000001111111111111000001000001111111111111000001000001111111000001111111000001000001111111000001000001000001000001111111000001000011111111000001
111101000011000011111101000011111101111101000011111101111101000011000011111101111101000011000011111101111101000011000011111101000011000011111101111101111101111101111101111101000011000011111101
111111000001111111111111000001111111111111111111000001111111000001000001111111111111000001000001111111000001000001111111000001111111111111000001000001111111000001111111000001111111000001000001
000010111110000010111110111110000010000010111110000010111110000010111110000010111110000010111110111110000010000010000010111110000010111110000010000010000010000010000010111101111110000010111110
111111000011111111111111000001111111111111000001000001000001000001000001111111000001000001111111000001111111000001000001000001111111111111000001000001000001000001000001000001000001111111000001
000000000000000000000000000000000000000000000000000000000000000000000000000000000000000000000000000000000000000000000000000000000000000000000000000000000011000000000000000000000000000000000000
000000000000000000000000000000000000000000000000000000000000000000000000000000000000000000000000000000000000000000000000000000000000000000000000000000000000000000000000000000000000000011000000
000010000010111110111110111110111110000010000010000010111110000010000010000010111110111110000010000010111110000010111110111110000010000010000010111101000010000010111110000010111110000010111110
111110000010111110000010111110111110111110111110111110000010000010111110000010000010000010000010000010111110000010000010000010111110000010111110111110000010000010111110111110000010000010000010
000011111101111101111101000011111101000011111101000011000011111101111101111101111101111101111101111101000011000011000011000011111101000011111101000011000011111101000011111101000011000011000011
000000000000000000000000000000000000000000000000000000000000000000000000000000000000000000000000000000000000000000000000000000000000000000000000000000000000000000000000000000000000000000000000
111110111110111101111110111110111110111110000010111110000010000010000010000010000010111110000010000010111110111110000010000010111110111110000010111110000010000010000010000010111110111110000010
111101000001111111111111000001111111111111111111000001111111000001111111111111111111111111000001000001000001111111000001111111000001111111111111000001000001000001111111111111111111111111111111
000000000000000000000000000000000000000000000000000000000000000000000000000000000000000000000000000000000000000000000000000000000000000000000000000000000000000000000000000000000000000000000000
000000000000000000000000000000000000000000000000000000000000000000000000000000000000000000000000000000000000000011000000000000000000000000000000000000000000000000000000000000000000000000000000
000000000000000000000000000001000000000000000000000000000000000000000000000000000000000000000000000000000000000000000000000000000000000000000000000000000000000000000000000000000000000000000000
111101000011111101000011000011000011111101111101111101000011000011000011111101111101111101111101111101000011111101000011111101111101000011111101000011111101000011111101000011000011000011000011
000011111101111101111101111101111101000011000011111101111101000011111101111101111101111101111101111101000011000011111101000011111101111101111101111101111101111101000011000011000011111101111101
111110000010111110111110111110000010111110111110000010000010111110111110000010000010000010111110111110000010000010111110111110111110111110111110000010111110000010000010111110000010000010111110
111101111101000011000011000011000011111101111101000011111101111101000011000011111101111101111101111101111101000011111101111101111101111101111101000011111101000011000011000011111101111101111101
000010111110000010111110000010111110000010111110111110111110000010111110000010111110000010111110000010111110111110000010000010111110111110000010111110000010111110000010111110111110111110000010
000010000010000010111110111110000010111110000010111110111110111110000010000010000010111110111110111110111110111110111110000010111110000010111110000010111110111110111110111110000010000010000010
000011000011111101111101000011000011111101000011000011111101000011000011000011000011000011000011111101000011111101111101000011000011111101111101000011111101111101000011000011111101000011000011
000011000011111101111101111101000011000011111101111101111101111101111101111101111101000011111101000011111101111101000011000011000011111101111101111101000011111101000011000011000011111101000011
000000000000000000000000000000000000000000000000000000000000000000000000000000000000000000000010000000000000000000000000000000000000000000000000000000000000000000000000000000000000000000000000
000001000001000001111101111111000001111111000001000001111111111111000001111111111111111111000001111111111111000001111111111111000001111111000001111111111111000001000001111111111111000001111111
111110000010000010000011111110000010111110000010000010000010111110111110111110111110111110111110111110111110000010111110111110000010111110000010111110000010000010111110111110111110000010000010
111111000011000001000001111111000001000001111111000001000001111111000001000001000001111111000001111111000001000001111111000001000001111111111111111111000001000001111111000001000001111111000001
000011111101000011111101000100000011111101111101000011111101000011111101111101000011111101000011111101111101000011000011111101111101000011000011000011000011000011111101000011000011111101000011
111101111101111101000011111101111101111101000011000011000011111101000011000011111101000011000011000011111101111101000011111101111101000011000011111101111101111101111101000011000011000011000011
000000000000000000000000000000000000000000000000000000000000000000000000000000000000000000000000000000000000000000000000000000000000000000000000000000000000000011000000000000000000000000000000
000001111111111111111111111101111111000001000001000001000001111111000001111111111111000001000001111111000001000001111111000001111111000001000001000001000001111111000001111111000001111111000001
000011111101000011000011111101000011000011111101111101000011111101000011111101000011000011111101000011111101111101000011000011000011000011000011000011000011111101111101111101111101000011111101
111110000010000010111110000010111110000010000011000010111110000010111110111110000010000010000010000010000010000010111110000010000010111110000010111110000010000010111110111110111110000010000010
000011111101000011000011111101000011111101000011111101111101111101000011111101000011000011000011111101111101111101111101000011111101000011000011000011111101000011111101111101111101111101111101
000000000000000000000000000000000000000000000000000000000000000000000000000000000000000000000000000000111101000000000000000000000000000000000000000000000000000000000000000000000000000000000000
000000000000000000000000000000000000000000000000000000000000000000000000000000000000000000000000000000000000000000000000000000000000000000000000000000000000000000000000000000000000000000000000
000011111101000011000011000011000011111101000011111101111101000011000011111101000011111101000011111101111101000011000011111101111101000011111101111101111101000011111101111101111101000011000011
111101111101000011111101000011000011000011111101000011000011111101111101000011111101111011111101111101111101111101111101111101111101111101111101111101111101111101111101111101000011111101111101
000010111110000010000010000010111110111110000010000010000010000010000010000010111110111110000010000010111110111110000010000010000010000010111110111110111110111110000010000010000010111110000010
000010000010111110111110000011000010111110111110000010000010000010000010111110000010000010111110111110111110000010111110111110000010000010000010000010111110111110000010111110000010000010111110
111110000010000010111110000010111110111110111110111110111110111110111110111110111110000010111110000010111110000010000010000010000010111110000010111110111110000010000010111110111110000010000010
000000000000000000000000000000000000000000000000000000000000000000000000000000000000000000000000000000000000000000000000000000000000000000000000000000000000000000000000000000000000000000000000
111110111110111110000010000010111110111110000010000010000010111110111110111110111110000010111110111110000010000010000010000010111110000010000010000010000010111110111110111110000010000010000010
111111000001111111111111000001000001000001111111000001111111111111111111000001111111000001111111000001000001000001000001000001111111111111111111111111000001111111000001111111000001111111000010
111110111110000010000010111110000010000010000010111110000010111101111110111110000010000010111110111110111110111110000010000010000010111110111110000010111110111110111110000010000010111110111110
000010000010111110111110000010111110111110000010000010000010111110111110000010111110111110111110000010000010111110000010000010111110111110000010000010000010111110111110111110000010000010111110
000010000010000010000010000010111110111110111110111110000010111110111110111110111110111110111110111110111110111110111110000010000010111110000010000010000010000010000010111110111110111110000010
111110000010111110111110000010000010111110111110111100111110111110000010111110000010000010000010111110111110111110000010111110111110111110000010000010111110000010111110111110000010111110111110
000011111101111101000011111101111101000011111101000011000011000011000011000011111101111101000011111101111101111101000011111101000011000100111101111101000011111101111101111101111101000011111101
111111000001111111111111111111000001111111111111111111000001111111000001000001111111111111111111111111111111111111111111111110000001000001000001000001000001111111000001111111000001000001000001
000000000000000000000000000000000000000000000000000000000000000000000000000000000000000000000000000000000000000000000000000000000000000010000000000000000000000000000000000000000000000000000000
111111000001111111000001000001000001000001111111000001111111000001000001111111000001111111111111111111000001111111000001111111000001000001111111000001111111111111111111111111111101000001000001
111101000011111101111101111101000011000011111101111101000011111101111101000011000011000011000011000011000011111101111101000011111101000011000011111101111101000011111101111101000011000011111101
000000000000000000000000000000000000000000000000000000000000000000000000000000000000000000000000000000000000000000000000000000000000000000000000000000000000000000000000000000000000000000000010
000000000000000000000000000000000000000000000000000000000000000000000000000000000000000000000000000000000000000000000000000000000000000000000000000000000000000000000000000000000000000000000000
000001000001111111111111000001111110111111000001111111111111111111000001111111111111000001000001111111111111111111000001000001111111000001111111111111111111111111000001000001000001111111000001
111101111101111101000011000011111101111101111101000011000011000011000011111101000011111101000011111101111101111101000011000011111101111101000011111101000011000011111101111101111101111101000011
000000000000000000000000000000000000000000000000000000000000000000000001000000000000000000000000000000000000000000000000000000000000000000000000000000000000000000000000000000000000000000000000
111110000010111110000010111101000010111110111110000010111110111110000010111110111110000010111110000010111110111110111110000010111110000010000010111110000010111110000010000010000010000010000010
111111111111111111000001000001000001111111000001000001000001111111111111000001000001000001000001111111111111111111000001000001111111000001111111111110111111111111000001000001000001000001000001
000001000001111111111111000001111111000001111111111111000001000001111111111111111111111111000001111111000001000001000001000001111111111111000001000001111111111111111111111111111111000001111111
000000000000000000000000000000000000000000000000000000000000000000000000000000000000000000000000000000000000000000000000000000000000000000000000000000000000000000000000111101000000000000000000
111110000010111110000010000010111110111110111110000010111110111110111110111110111110111110111110111110111110111110000010111110000010000010111110000010111110000010000010111110111110111110111110
111110111110111110111110111110111110111110111110000010000010111110000010111110000010111110111110000010000010111110000010111110111110000010000010111110000010111110000010000010000010000010111110
000000000000000000000000000000000000000000000000000000000000000000000000000000000000000000000000000000000000000000000000000000000000000000000000000000000000000000000000000000000000111111000000
000000000000000000000000000000000000000000000000000000000000000000000000000000000000000000000000000000000100000000000000000000000000000000000000000000000000000000000000000000000000000000000000
000001000001111111000001000001000001111111111111000001000001111111000001000001111111111111000001000001111111111111000010000001000001000001000001111111000001000001111111000001111111000001111111
000011111101111101000011111101000011111101000100111101000011000011111101111101111101000011000011111101000011000011000011111101111101111101111101111101000011000011111101111101111101111101000011
000011000011111101000011111101000011111101000011111101000011111101111101111101111101111101111101111101111101111101000011000011000011111101111101000011111101111101111101111101111101111101111101
000001000001000001111111111111111111111111000001000001111111111111111111111111000001111111000001000001111111000001000001111111111111111111111111000001111111000001000001111111000001111111111110
000001111111111111111111111111111111000001000001111111111111000001000001000001111111000001000001000001000001000001111111111111111111111111111110111111111111111111000001111111111111111111111111
000000000000000000000000000100000000000000000000000000000000000000000000000000000000000000000000000000000000000000000000000000000000000000000000000000000000000000000000000000000000000000000000
000000000000000000000000000000000000000000000000000000000000000000000000000000000000000000000011000000000000000000000000000000000000000000000000000000000000000000000000000000000000000000000000
000001000001111111000001111111111111111111111111111111111111000001000001000001000001111111111111000001111111000001000001000001000001111111000001000001000001111111000001000010111111111111000001
000010000000000000000000000000000000000000000000000000000000000000000000000000000000000000000000000000000000000000000000000000000000000000000000000000000000000000000000000000000000000000000000
000000000000000000000000000000000000000000000000000000000000000000000000000000000000000000000000000000000000000000000000000000000000000000000000000000000000000000000000000000000000000000000000
000001000001111111111111000001000001000001111111111111111111111111111111000001000001111111111111000001000001000001000001000010000001000001111111000001111111000001000001111111111111000001111111
000000000000000000000000000000000000000000000000000000000000000000000000000000000000000000000000000000000000000000000000000000111111000000000000000000000000000000000000000000000000000000000000
111111000001000001000001111111111111000001111111000001000001111110000001000001111111111111000001000001111111111111111111111111000001111111000001000001111111111111000001000001000001111111111111
111111111111000001000001000001111111111111111111111111000001000001111111111111000010000001111111000001000001111111111111111111000001000001111111111111111111000001000001111111111111000001111111
000000000000000000000000000000000000111101000000000000000000000000000000000000000000000000000000000000000000000000000000000000000000000000000000000000000000000000000000000000000000000000000000
000010111110000011000010111110000010000010111110111110000010000010111110111110111110111110000010111110111110111110000010111110000010111110000010111110000010000010111110111110000010000010000010
111111111111000001000001000001111111111111000001000001000001111111111111000001000001111111111111111111000001111111111111000001000001000001000001111111111111000001000001111111111111111111000001
000001000001111111000001000001000001000001000001111111111111111111111111111111000001000010111111111111111111000001000001000001000001111111111111111111111111000001111111111111111111000001000001
000000000000000000000000000000000000000000000000000000000000000000000000000000000000000000000000000000000000000000000000000000000000000000000000000000000000000000000000000000000000000000000000
000010111110111110111110000010000010000010111110000010000010000010000010111110000010111110000010000010111110111110111110111110000010000010000010111110000010000011000010000010111110111110111110
000010000010111110111110000010111110111110000010111110000010111110111110000010000010000010111110000010000010111101000010111110111110111110000010000010000010000010000010000010000010111110111110
000000000000000000000000000000000000000000000000000000000000000000000000000000000000000000000000000000000001000000000000000000000000000000000000000000000000000000000000000000000000000000000000
000011000011111101111101000011111101000011111101111101000011000011000011111101111101111101000011111101000011000011000011111101111101000011111101111101000011111101000011111101111101000011000011
000011111101111100111101111101111101111101000011000011111101111101111101111101000011111101111101000011000011000011111101111101111101000011000011111101111101111101111101111101111101111101000011
111111111111111111111111111111000001111111000010111111000001111111000001111111000001111111111111111111111111000001000001000001000001000001111111000001000001000001111111000001000001111111000001
000000000000000000000000000000000000000000000000000000000000000000000000000000111111000000000000000000000000000000000000000000000000000000000000000000000000000000000000000000000000000000000000
000010111110111110000010000010111101111110000010111110111110000010111110000010000010111110111110111110000010000010000010111110000010000010111110111110111110111110000010000010000010111110000010
000000000000000000000001000000000000000000000000000000000000000000000000000000000000000000000000000000000000000000000000000000000000000000000000000000000000000000000000000000000000000000000000
000011000011111101000011111101000011111101000011111101111101000011000011111101000011000011111101000011000011111101111101000011000011000011000011000011111101111101111101000011111101000011111101
111110111110111110000010000010000010000010000010000010111110111110000010000010000010000010000010111110000010111110000010111110111110000010111110000010111110000010000010111110111110000010000010
000000000000000000000000000000000000000000000000000000000000000000000000000000000000000000000000000000000000000000000000000000000000000000000000000000000000000000000000000000000000000000000000
000000000000000000000000000000000000000000000000000000000000000000000000000000000000000000000000000000000000000000000000000000000000000000000000000000000000000000000000000000000011000000000000
000010111110111110000010000010111110000010000010000010111110111110111110111110000010111110111110000010000010000010111110111110111110000010111110000010111110000010000010111110000010000010111110
000001000001111111000001111111000001000001111111000001000001000001111111111111111111000001000001000001111111111111000001111111111111111101000001111111111111000001000001111111111111111111000001
000001000001111111000001000001111111111111111111000001000001000001000001000001111111000001000001000001000001111111111111111111000010111111000001111111000001000001000001111111111111111111111111
000000000000000000000000000000000000000000000000000000000000000000000000000000000000000000000000000000000000000000000000000000000000000000000000000000000000000000000000000000111110000000000000
000011111101111101111101111101000011000011000011111101000011111101000011111101111101111101111101000011111101000011111101111101000011111101000011111101111101111101111101111101111101111101111101
000001111111000001111111111111111111000001111111111111000001111111111111000001000001111111111111111111111111111111000001111111111110000001000001111111111111111111000001000001000001000001000001
000011000011111101000011111101000011111101111101111101111101111101111101111101000011111101111101000011111101111101000011000011000011000011000011000011000011000011000011000011000011111101000011
000000000000111110000000000000000000000000000000000000000000000000000000000000000000000000000000000000000000000000000000000000000000000000000000000000000000000000000000000000000000000000000000
000011000011000011111101000011111101111101111101000011000011000011111101111101000011000011111101000011000011111101111101111101111101111101111101111101111101111101000011000011000011000011000011
000010000010000010000010111110111110000010000010000010000010111110111110000010000010000010000010000010000010111110111110000010000010000010111110000010111110111110000010111110111110000010111110
000011000011000011000011000011000011111101111101000011111101111101000011000011111101111101111101000011111101000011000011000011111101000011111101111101111101000011000011111101111101000011000011
000010111110111110111110000010111110111110000011111110111110000010111110000010000010111110111110000010111110000010000010000010000010111110111110111110000010111110111110111110111110111110111110
000000000000000000000000000000000000000000000000000000000000000000000000000000000000000000000000000000000000000000000001000000000000000000000000000000000000000000000000000000000000000000000000
000000000000000000000000000000000000000000000000000000000000000000000000000000000000000000000000000000000000000000000000000000000000000000000000000000000000000000000000000000000000000000000000
000000000000000000000000000000000000000000000000000000000000000000000000000000000000000000000000000000000000111101000000000000000000000000000000000000000000000000000000000000000000000000000000
000000000000000000000000000000000000000000000000000000000000000000000000000000000000000000000000000000000000000000000000000000000000000000000000000000000000000000000000000000000000000000000000
000000000000000000000000000000000000000000000011000000000000000000000000000000000000000000000000000000000000000000000000000000000000000000000000000000000000000000000000000000000000000000000000
000000000000000000000000000000000000000000000000000000000000000000000000000000000000000000000000000000000000000000000000000000000000000000000000000000000000000000000000000000000000000000000000
000010111110111110000010111101111110000010111110000010000010111110000010111110111110111110111110000010000010000010111110000010111110000010111110111110111110000010111110111110111110000010000010
000000000000000000000000000000000000000000000000000000000000000000000000000000000000000000000000000000000000000000000000111101000000000000000000000000000000000000000000000000000000000000000000
111110111110111110000010111110111110111110000010000010000010000010111110000010111110000010111110000010000010111110111110111110000010000010111101000010000010111110111110000010111110111110111110
000001111111111111000001111111000001111111111111111111111111000001111111111111111111000001000001000001000001111111000001000001000001000001000001000001000001000001000001000001000001111111000001
000010111110111110111110111110111110111110111110111110000010111110111110111110000010000010000010111110111110111110000010000010111110000010111110000010111110111110111110111110111110000010111110
000000000000000000000000000000000000000000000000000000000000000000000000000000000000000000000000000000000000000000000000000000000000000000000000000001000000000000000000000000000000000000000000
111111000001000001000001111111000001111111000001000001000001000001111111000001000001000001111111111111000001000001000001000001000001000001000001111111000001000001000001000001000001111111000001
111111000001111111000001111111111111000001000001111111000001111111111111111111000001111111111111111111000001000001111111000001000001111110000001111111000001000001000001000001000001000001000001
000000000000000000000000000000000000000000000000000000000000000000000000000000000000000000000000000000000000000000000000000000000000000000000000000000000000000000000000000000000000000000000000
000000000000000000000000000000000000000000000000000000000010000000000000000000000000000000000000000000000000000000000000000000000000000000000000000000000000000000000000000000000000000000000000
000001000001000001000001111111111111111111111111000010000001000001000001000001000001111111000001111111000001111111111111111111111111111111000001111111111111111111111111111111000001000001000001
111111000001000001111111000001111111111111000001111111111111000001111111000001000001111111000001000001000001111111000001000011111111000001000001111111111111000001000001000001111111000001111111
111111111111111111111111111111000001000001111110111111000001111111000001111111000001000001111111000001000001111111111111000001111111000001000001000001000001000001000001111111111111111111000001
000000000000000000000000000000000000000000000000000000000000000000000000000000000000000000000000000000000000000000000000000000000000000000111101000000000000000000000000000000000000000000000000
000010111110000010111110111110000010000010111110111110000010111110111110000010111110111110000010111110111110111110111110111110111110000010000010000010000010000010000010111110000010000010000010
000011111101000011000011111101111101111101000011111101111101000011000011111101000011000011111101111101000011111101000011111101111101111101111101111101000011111101111101111101111101000011111101
000010000011111110000010000010000010000010111110111110000010000010111110111110000010111110111110000010000010111110000010111110111110000010111110111110111110111110000010000010111110111110000010
111101111101111101111101000011111101111101000011111101111101111101000011000011000011000011111101111101111101111101111101111101111101111101000011111101000011111101000011111101111101111101000011
111110000010111110000010000011111110111110000010000010000010111110000010111110000010111110111110000010000010000010111110111110000010000010111110000010000010111110000010111110111110111110111110
111110000010111110111110111110111110111110111110111110000010111110111110111110111110111110111110000010111110000010111110000010111110000010111110111110111110111110111110000010111110111110000010
111110000010111110111110111110111110000010111110111110000010111110000011111110000010111110111110000010111110000010000010111110000010111110111110000010000010000010111110111110111110000010000010
111110111110111110000010000010000010000010111110000010111110111110000010111110000011111110000010111110000010000010111110111110111110111110000010111110111110111110000010111110111110111110111110
111111000001111111111111111111111111000001111111000001111111111111111111000001000010000001111111000001111111000001111111111111111111111111000001111111111111111111000001111111000001000001111111
111111000001000001000001111111000010000001000001111111000001000001111111111111000001111111000001000001000001111111000001111111000001000001000001111111000001111111111111000001000001111111000001
000011000011111101000100000011111101111101111101000011000011000011000011111101111101000011000011000011111101000011111101000011111101111101111101111101000011111101111101111101000011111101000011
111110111110111110000010000010000010111110000010111110000010000010111110000010000010000010111110111110111110111110000010111110000010111110000010000010000010111110000010000010000010000010111110
111111000010000001000001000001111111000001111111000001000001000001111111111111111111000001000001000001111111111111111111000001000001000001111111000001111111000001000001111111111111111111111111
000010000010111110111110111110000010000010111110000010111110111110111110000010111110111110111110111110000010000010000010000010000010111110111110000010111110111110000011111110000010111110111110
000001111111111111111111000001000010111111111111111111111111111111000001111111111111000001000001111111111111000001111111000001111111000001111111111111111111000001000001111111111111111111000001
000010000010111110111110000010111110111110000010000010111110000010111110111101000010000010000010000010000010000010000010000010111110000010111110000010000010000010111110000010111110000010111110
111111000001111101000001000001111111000001000001000001000001000001111111111111000001111111111111000001111111111111111111000001000001000001000001000001111111000001000001111111111111111111000001
111101111101000011111101000011111101111101111101000011000011000011000011111101000100000011111101111101000011000011111101111101111101000011111101000011000011111101111101000011111101111101111101
111100000100111100111100000100000100000100111100111100111100000100000100000100000100111100000100111100111100111100111100000100111100000100111100000100000100000101000100111100000100000100000100
000011111110000010111110000010000010111110111110111110111110111110000010111110111110111110000010000010111110000010111110111110111110000010000010111110111110000010111110000010111110000010000010
000000000000000000000000000000000000000000000000000000000000000000000000000000000000000000000000000000000000000000000000000000000000000000000000000000000000000000000000000000000000000000000000
000011000011000011000011111101000011000011111101111101111101000011000011111101111101000011111101000011000011000011000011111101111101111101111101000011111101111101000011111101111101000011111101
111110000010111110000010000010111110111110000010000010000010111110111110000010000010111110000010000010000010111110111110111101000010000010111110000010000010000010111110111110111110111110111110
111111000001000001000010111111000001111111111111111111111111000001000001111111111111111111111111111111111111000001000001000001000001111111111111111111000001111111111111000001000001000001111111
111101000011111101111101111101000011111101111101111101000011111101111101111101000011000011000011111100111101111101000011000011111101111101000011000011000011111101111101111101111101111101000011
111110111110111110111110000011111110000010111110000010111110111110111110111110111110000010000010000010000010111110000010000010000010000010111110111110111110000010111110000010111110111110000010
000001000001111111111111000001000001111111111111000001111111000001000011000001111111000001111111111111000001000001111111000001000001000001111111000001111111111111111111111111000001000001000001
000000000000000000000000000000000000000000000000000000000000000000000000000000000000000000000000000000000000000000000000000000000000000000000000000000000000000000000000000000000000000000000000
000010111110000010000010000010111110111110111110111110111110111110000010000010111110000010000010000010000010000010111110000010000010000010111110000010000010111110000010000010000010111110000010
000000000000000000000000000000000000000000000000000000000000000000000000000000000000000000000000000000000000000000000000000000000000111111000000000000000000000000000000000000000000000000000000
000000000000000000000000000000000000000000000000000000000000000000000000000000000000000000000000000000000000000000000000000000000000000000000000000000000000000001000000000000000000000000000000
111110000010111110000010111110000010111110111110000010000010111110000010111110111110111110111110111110000010111110111110000010000010000010111110000010111110000011111110000010111110000010111110
111111111111111111111111000001000001111111111111000001111111000001111111111111111111111111111111111111000011111111111111111111000001000001000001000001111111111111000001000001111111111111000001
000000000000000000000000000000000000000000000000000000000000000000000000000000000000000000000000000000000000000000111110000000000000000000000000000000000000000000000000000000000000000000000000
000000000000000000000000000000000000000000000000000000000000111110000000000000000000000000000000000000000000000000000000000000000000000000000000000000000000000000000000000000000000000000000000
111111000001000001111111000001111111000001111111000001000001111111111111111111111111111111111111000001111111111111000001000001111111111111000001111111000001000001000001111111111111111111000001
000000000000000000000000000000111101000000000000000000000000000000000000000000000000000000000000000000000000000000000000000000000000000000000000000000000000000000000000000000000000000000000000
111101111110000010000010000010111110000010000010000010111110111110000010000010000010111110111110111110111110111110000010000010000010111110000010000010000010111110111110111110111110000010111110
111101111101111101111101111101111101000011111101000011000011111101000011000011111101111101111101000011111101000011111101000011000011000011000011000011000011000011111101000011111101000011111101
000011111101000011111101111101000011000011111101111101111101000011111101000011111101000011000011111101111101111101000011111101111101000011000011000011000011000011000011111101000011000011000011
111110111110111110111110000010000010111110000010111110000010000010111110000010000011000010000010000010000010111110000010111110000010111110000010111110000010000010111110000010000010111110111110
000001000001111111000001111111111111000001000001111111000001111111000001111111111111111111111111000011111111000001000001000001111111111111000001111111000001000001000001000001111111000001000001
000000000000000000000000000000000000000000000000000011000000000000000000000000000000000000000000000000000000000000000000000000000000000000000000000000000000000000000000000000000000000000000000
111111000001111111111111000001111111111111000001000001111111111111111111111111111111111111111111111111000001000001111111000011000001111111111111111111000001000001000001111111000001111111000001
000011000011000011111101111101000011111101000011000011000011000011111101000011111101000011000011000011111101111101111101000011111101000011000011111101111101111101111101111101000011111101111101
000000000000000000000000000000000000000000000000000000000000000000000000000000000000000000000000000000000000000000000000000000000000000000000000000000000000000000000011000000000000000000000000
000001111111111111111111000001111111111111000001000001111111000001000001000011000001000001111111111111000001000001111111000001000001000001111111111111000001000001000001000001000001000001111111
000000000000000000000011000000000000000000000000000000000000000000000000000000000000000000000000000000000000000000000000000000000000000000000000000000000000000000000000000000000000000000000000
000011000011000011111101111101111101111101000011000011111101111101000011111101111101000011111101000011000011111101111101000011000011000011000011111101000011111101111101000011000011111101111101
111111000001111111111111000001111111111111111111000001000001000001111111000001111111000001000001111111000001111111111111111111000001000001000001111111000001000001000001000001000001111111000001
000100111100111100000100111100111100111100111100111100000100000100000100111100000100000100000100111100000100000100111100000100111100000100111100111100111100000100111100111100000100111100111100
000000000000000000000000000000000000000000000000000000000000000000000000000000000000000000000000000000000000000000000000000000000000000000000000000000000000000000000000000001000000000000000000
000001000001111111000001111111111111111111000001111111111111000001000001000001111111000001111111111111000001111111111111111111000001111111111111111111000010000001111111000001111111111111000001
000000000000000000000000000000000000000000000000000000000000000000000000000000000000000000000000000000000000000000000000000000000000000000000000000000000010000000000000000000000000000000000000
111110000011111110111110111110111110000010111110111110000010111110111110000010000010111110111110111110000010000010111110111110111110000010111110000010111110000010000010000010111110000010000010
111110000010000010111110111110111110000010111110111110000010000010000010000010111110000010111110111110111110000010000010000011000010000010111110111110111110000010000010111110111110111110000010
000000000000000000000000000000000000000000000000000000000000000000111101000000000000000000000000000000000000000000000000000000000000000000000000000000000000000000000000000000000000000000000000
000001111111000001111111111110111111111111111111111111111111000001000001111111111111000001111111000001000001000001000001000001000001111111000001111111000001111111000001111111000001111111000001
000011000011000011111101000011000011000011000011111101000011000011000011000011111101111101111101111101111101111101111101000011111101000011111101111101000011000011111101111101000011000011000011
000010000010111110111110111110000010111110000010111110000010111110111110000010000010111110000010000010000010000010111110111110000010000010111110000010000010111110111110000010000010000010111101
000010000010000011111110000010000010111110000010000010000010111110111110000010000010000010000010111110000010000010111110000010111110000010111110111110000010000010000010000010111110111110111110
000000000000000000000000000000000000000000000000000000000000000000000000000000000000000000000000111101000000000000000000000000000000000000000000000000000000000000000000000000000000000000000000
