110001001111001111001111110001110001001111110001001111001111110001001111001111110001110001110001001111001111110001110001110001110001001111001111001111110001110001110001001111110001001111010000
001111110001110001110001110001110001110001110000001111001111001111001111001111001111001111001111001111001111110001110001110001110001001111001111110001110001001111001111001111110001001111001111
110001110001110001110001001111110001001111110001110001110001110001001111110001110001001111110001001111001111110001010001001111110001001111110001001111110001110001001111001111110001110001110001
110011001101110010001101001101110011001101001101110011110011110011110011110011110011110011110011001101110011001101001101110011110011110011001101001101001101001101110011110011110011110011110011
001111110001001111110001110001001111110001110001001111001111110001110001110001110001001111001111001111001111110001001111001111001111110001110001001111110001001111001111001111110001001111001111
001100110100001100110100001100110100001100001100110100110100001100110100110100110100110100001100001100001100110100110100110100001100110100110100001100110100001100001100110100110100110100001100
001110001110001110001110110010001110110010001110001110110010110010110010110010001110110010110010001110110010001110110010001110001110001110001110110010110010110010001110110010001110110010110010
001111110001110001110001110001110001110001110001001111001111110001110001001111110001001111110001001111110001110001110001001111001111001111110001001111110001110001110000001111001111110001110001
110010001110110010001110110010001110001110110010110010001110110010001110110010001110001110110010110010001110110010001110110010001110001110001110001110001110001110110010110010110010110010110010
001110110010110010110010110010110010110010001110001110001110001110110010110010001110110010110010001110110010001110110010110010110010110010110010110010110010001110001110001110001110110001110010
110001001111001111001111001111110001001111110001001111001111001111001111110001110001001111110001110001110001110001110001110001110001001111001111001111110001010010001111110001110001001111110001
110001110001110001101111110001001111110001110001001111110001001111110001001111001111001111110001001111001111110001110001001111001111001111001111001111110001110001001111110001110001001111001111
001110001110001110110010001110110010001110110010001110001110001110110010110010001110001110110010001110110010110010001110110010001110110001001110110010110010110010110010001110001110110010110010
001110110010110010001110001110110010001110110010001110001110110010001110110010010010110010001110001110001110110010001110110010001110110010110010001110110010110010001110110010001110001110001110
001111001111001111110001001111001111001111001111001111110001001111001111110001001111001111001111001111110001001111001111110001110000001111001111110001110001110001110001110001110001001111001111
001111110001001111001111001111110001110001001111001111110001001111001111110001110001110001001111010000110001001111110001110001110001001111110001110001001111110001110001110001110001110001001111
001111110001110001001111110001001111110001110001001111110001110001001111110001001111110001110001110001110001110001001111110001001111001111110001001111001111001111110001001111110001001111110001
001110001110110010001110110010110010110010001110110010001110110010001110110010001110001110110010110010001110110010001110001110001110110010110010001110001110110010001110001110001110110010001110
110011001101001101001101001101110011110011001101001101001101001101001101110011110011110011110011001101001101110011001101001101110011001101110011110011110011110011110011110011110011110011110011
001110110010110010001110110010110010110010110010001110001110110010110010110010001110001110110010001110001110110010110010001110001110001110110010110010110010001110110010001110001110001110001110
001110110010110010110010110010110001110010001110110010110010110010110010001110001110001110110010001110001110110010001110001110110010001110110010110010001110110010110010110010001110001110001110
010010101110010010010010010010010010010010101110101110101110010010010010101110010010101110101110010010101110010010101110010010101110010010101110101110010010101110010010010010010010101110010010
110010110011001101110011110011110011001101110011110011001101110011001101001101110011110011001101001101110011001101110011001101110011110011110011110011001101110011001101001101001101001101110011
001100110100001100001100110100110100110100110100110100110100001100110100001100110100001100001100001100110100110100110100110100110100001100110100001100001100001100110100001100110100001100110100
001110001110001110110010110010001110110010001110001110001110001110001110001110110010110010001110001110001110110010110010001110001110001110001110110010110001001110110010001110001110001110001110
001111110001001111001111110001001111001111110001110001110001110001110001001111110001110001001111110001110001110001110001001111110001001111110001001111101110001111110001110001110001001111110001
001111001111110001001111110001110001110001110001110001110001001111001111001111001111110001001111110001001111110001110001110001110001001111110001101110001111001111001111001111110001110001110001
001111110001001111110001001111010000001111001111001111001111110001001111001111110001110001001111001111110001001111001111110001001111110001001111001111001111001111001111110001110001001111001111
001111001111110001001111110001001111001111110001110001110001110001110001001111001111001111001111110001001111001111001111001111001111110001001111001111001111001111110001001111001111110001110001
001110001110110010110010001110001110001110110010001110110010001110001110110010001110001110110010001110001110001110110010001110001110001110001110110010110010110010110010001110001110001110110010
001110110010110010110010001110001110110010001110110010110010110010001110110010110010110010001110110010001110110010001110001110110010110010110010110010001110001110110010110010001110001110001110
010000110000110000010000110000110000110000010000010000010000110000110000110000010000010000010000010000010000010000010000010000110000110000010000010000110000010000010000110000110000110000010000
110001001111110001110001110001110001110001110001001111110001001111001111001111001111001111001111110001110001110001001111001111001111110001001111001111110001001111110001110001110001001111001111
001101110011001101001101110011110011110011001101001101110011110011110011110011001101001101001101001101001101110011110011110011001101110011110011110011001101110010110011110011110011001101001101
110001001111001111110001110001001111110001001111001111110001001111001111110001110001001111001111001111001111001111110001001111110001110001001111001111110001001111110001110001001111001111110001
110001110001001111110001110001001111001111001111001111110001001111110001110001010000110001110001110001110001001111110001110001110001110001001111110001110001110001110001110001110001110001001111
001101001101001101001111110011001101110011110011001101001101001101110011110011110011110011110011001101110011001101001101110011110011110011001101001101110011110011001101001101001101001101001101
110100001100110100001100110100110100110100001100001100110100001100110100001100001100110100110100110100001100110100110100110100001100001100110100110100110100110010001100001100110100110100110100
110011110011001101001101110011110011110011110011110011110011110011110011110011001101110011001101001101001101110011110011110011110011110011001101110011110011010000001101001101001101110011001101
001110001110001110110010110010110010001110001110110010110010110010001110110010001110001110001110110010001110001110001110110010110010001110001110110010001110001110001110110010001110001110001110
110001110001110001110001110001110001110001001111001111110001110001110001001111110001110001001111110001001111110001001111110001110001001111001111110001110001001111110001010010110001110001110001
110010001110110010001110001110110010110010001110110010001110110010001110110010001110001110110010110010001110001110001110110010001110001110110010110010110010110010110010001110110010001110001110
110000010000010000110000010000010000010000110000110000110000110000110000110000110000010000110000010000010000010000010000010000110000110000010000110000010000110000110000110000010000010000010000
110010001110001110110010110010110010110010001110110010110010110010110010110010001110001110110010001110001110110010001110110010001110110010001110110010001110001110001110001110110010001110001110
110001001111001111001111110001001111001111001111110001110001001111001111110001110001001111110001110001001111110001110001110001001111110001110001110001110001001111110001110001001111110001001111
110011001101110011110011001101110011001101001101001101001101110011110011001111001101110011110011001101001101110011001101001101110011001101110011110011110011001101001101001101001101110011001101
110010001110001110110010001110001110001110110010001110110010110010110010001110110010110010001110001110110010001110110001001110001110001110110010001110001110001110110010110010110010001110001110
110010001110001110110010110010001110001110110010110010001110001110001110001110110010110010001110110010110010110010110010110010110010001110110010001110001110110001110010001110110010001110110010
110010110010110010001110110010110010001110001110001110110010001110110010110010110010001110001110001110110010110010001110001110001110110010001110001110001110001110110010110010001110001110001110
110011110011001101110011001101110011001101110011001101110011110011110011110011001101001101110011001101110011110011110011110011001101110011110011001101001101001101001101001101001101110011110011
110010110010001110001110110010110010001110110010110010110010001110001110110010110010110010001110001110001110001110001110110010001110110010001110001110110010110010001110001110001110110000110010
110001001111110001001111001111110001010000110001110001001111110001001111001111110001110001001111110001110001001111110001110001001111001111110001110001001111110001110001110001110001110001110001
110100001100001100001100001100001100110100001100110100001100001100001100001100001100110100110100110000110100001100110100001100001100110100001100110100001100001100110100110100110100110100001100
110001001111001111001111001111110001110001001111010000110001110001001111001111110001001111110001110001110001001111110001001111001111110001110001001111110001001111001111110001001111001111001111
110010110010110010001110001110110010110010110010110010110010110010110010110010110010001110110010110010110010001110110010110010001110001110110010110010001110001110001110001110001110001110110010
110011001101110011001101001101001101110011110011001101110011110011110011110011110011001101110010001101001101001101001101001101001101110011001101001101001101110011110011001101001101110011001101
110011110001001101001101001101001101001101110011001101110011001101110011110011110011110011001101110011110011110011110011110011001101110011110011001101110011001101001101001101001101110011110011
110010001110110010001110110010110010110010001110110010110010001110001110001110110010001110110010110010110010001110110010110010110010001110001110110010110010001110110010110010110010110010001110
110000101110110000110000010000110000010000110000110000010000110000110000110000010000010000010000110000010000110000110000010000110000010000010000110000110000110000110000010000010000110000110000
010000010000010000110000110000110000010000110000110000010000010000010000010000010000110000010000110000010000010000110000010000110000110000010000110000010000010000010000110000010000110000110000
101110001100001100110100110011001100001100110100001100110100110100001100001100110100110100110100001100001100110100110100001100110100110100001100110100110100001100110100110100110100110100110100
001110110010001110110010001110110010001110001110110010110010001110001110110010110010110010001110110010001110001110110010110001110010110010110010110010110010110010001110110010001110001110001110
110001001111001111110001110001001111001111110001110001110001110001110001001111001111001111110001110001001111001111110001001111110001001111001111001111110001110001110001001111110001110001110001
110100110100001100110100110100001100001100001100001100110100001100110100110100110100110100110100110100001110001100001100110100001100110100110100110100110100001100001100110100001100001100110100
001110110010001110001110001110001110001110110010001110110010001110110010110010001110110010110010001110001110001110001110110010001110001110110010001110001110110010110010110010001110110010110010
001110001110001110110010110010110010110010001110110010001110001110110010110010110010001110110010110010110010001110110010110010001110001110110010110010001110001110110010110010001110001110110010
110011110011001101110011110011110011110011001101001101110011001101001101001101001101001101110011110011001101110011110011110011001101110011001101001101110010001101001101001101110011110011001101
110001110001001111001111110001110001001111001111110001110001110001001111001111001111110001110001001111110001001111110000001111110001001111110001001111001111110001001111001111001111001111001111
110010110010001110110010001110110010001110001110001110001110110010110010110010001110110010001110001110001110110010001110001110110010001110110010001110001110001110001110001110001110110010001110
001110001110110010001110110010001110110010001110110010110010001110001110110010110010110010110010001110001110110010110010001110001110110010110010110010001110001110001110001110110001001110110010
001101110011001101110011110011001101001101110011001101110011001101110011001101001101001101110011001101110011110011110011001101001101001101110011001101001101110011001101110011001101110011001101
001111001111110001110001110001110001001111110001001111001111110001110000001111001111001111110001110001001111110001001111001111110001001111110001001111001111001111001111110001001111110001001111
010000010000010000010000110000010000110000010000110000010000010000110000110000110000010000110000110000110000010000110000110000010000010000110000110000101101010000110000110000010000010000010000
110001001111110001110001001111001111110001001111110001001111001111110001110001001111001111001111001111001111110001001111001111001111001111001111001111001111110001010001110001001111110001110001
001100110100001100110100110100001100110100001100110100110100110100001100001100110100110100110100001100110100110011001100110100110100001100001100001100110100110100001100001100110100001100110100
001101110011001101001101001101001101110011001101001101110011110011001101001101110011001101001101110011001101001101001101110011110011001101001101110011001101110011001101001101001101001101001101
001110110010001110001110110010110010001110110010110000001110001110001110110010110010110010001110110010110010001110110010110010110010110010001110001110110010001110110010001110001110110010110010
110100001100001100001100001100001100001100001100001100001100001100110100001100110100001100001100110100001100001100110100001100110100001100110100110100110010001100001100001100001100001100110100
110011110001001101110011110011110011110011001101110011001101001101001101001101110011001101001101001101110011110011110011001101110011110011001101001101001101110011001101001101110011001101110011
110100110100110100001100001100110100001100110100110100110100110100110011110100001100110100001100110100110100001100110100001100001100001100001100110100110100001100110100110100001100110100110100
001111110001001111110001110001001111001111001111110001001111110001110001110001110001110001001111001111110001110001001111110001110001001111001111001111110001110001110001110001110001110001110001
001110110010001110110010110010110010110010110010110010001110110010110010001110110010110010110010110010110010001110110010001110001110110010001110110010110010110010001110001110001110110010001110
001110001110110010001110110010110010001110001110001110001110110010001110110010001110001110001110110010001110001110001110110010110010001110110010110010001110001110001110110010001110001110110010
001111001111110001110001110001001111010010001111001111110001110001001111110001001111001111110001001111110001001111001111001111001111001111001111001111001111001111110001110001110001110001001111
001110001110110010001110001110110010001110001110001110110010110010110010001110110010110010110010110010110010110010110010110010110010110010001110001110001110001110001110001110110010110010110010
001111001111001111110001001111001111001111110001001111001111001111110001001111001111001111001111001111001111110001001111001111110001110001110001001111001111110001110001001111110001110001110001
001110001110001110110010110010001110110010001110001110110010110010001110110010110010110010110010001110110010001110110010001110110010001110001110001110001110110010001110001110110010110010110010
110010001110001110001110110010110010110010001110001110001110001110110010110010001110001110110010110010110010110010001110110010110010110010001110110010110010110010001110110010001110001110110010
001101001101110011001101001101110011110011001101110011110011110011001101110011110011110011110011110011110011110011110011001101001101110011001110110011110011001101001101110011001101110011110011
110010110010001110110010001110110010110010001110001110110010001110001110110010001110110010001110001110001110001110110010001110001110110010110010110010110010110010110010001110001110110010001110
110000010000010000110000110000010000010000010000010000010000010000010000110000010000010000110000110000110000110000010000110000110000110000010000010000010000010000110000010000010000010000010000
110010110010001110001110110010001110001110001110001110110010110010110010110010110010001110001110110010110010110010001110001110001110001110110010001110001110001110110010001110110001001110001110
110010001110001110110010001110110010001110001110001110110010001110110010001110001110001110110010110010110010001110001110110010001110110010001110110010001110110010001110110010110010001110001110
001110001110110010110010110010001110001110110010110010110010001110001110001110110010001110110010001110110010001110110010001110001110001110110010110010001110110010110010001110110010001110110010
001111001111001111001111101110110001110001110001001111110001001111110001001111110001001111001111001111110001110001001111001111001111001111001111110001110001001111001111110001110001001111110001
010000110000010000110000110000010000010000110000010000110000110000110000010000110000110000110000110000010000110000010000010000010000010000110000110000010000010000010000110000010000010000110000
110001001111001111001111110001110001110001110001001111001111110001001111001111110000110001110001001111110001110001110001001111001111110001001111001111001111110001001111110001001111001111110001
001110110001001110001110110010110010110010001110001110110010001110110010110010110010110010001110110010110010001110001110001110001110110010001110110010110010001110110010110010001110110010110010
110000110000110000110000010000110000010000010000010000110000101110110000010000110000110000110000110000010000110000110000110000110000110000110000110000110000110000110000010000110000110000010000
001110110010001110001110001110001110001110001110110010110010110010001110001110110010110010001110110010110010110010110010110010001110001110001110001110001110110010110010110010110010110010001110
001110110010001110110010110010001110001110110010001110110010110010110010110010001110110010001110001110001110110010110010001110110010110010110010110010001110001110110010001110110010110010001110
001101001101110010001101110011001101001101110011001101110011110011110011001101001101001101001101001101001101001101001101110011110011001101110011110011001101110011110011110011110011110011110011
001111110001110001001111001111001111010010001111001111001111110001001111110001110001110001110001001111110001001111110001001111110001110001110001001111001111110001001111110001110001110001001111
110010001110110010110010110010110010110010001110110010110010001110001110110010110010001110010000001110001110110010001110110010001110110010001110001110110010110010001110001110110010110010110010
001100110100001100001100001100110100110100001100001100001100001100001100001100110100001100001100001100110100001100001100001100110100001100001100110100110100110100110100110011001100110100001100
110010110001110010110010001110001110110010001110110010001110110010001110110010110010001110001110110010001110110010001110110010001110110010001110110010001110110010001110110010110010110010001110
001110001110110010001110001110110010001110110010001110110010001110001110001110001110110010001110110010001110110010001110001110001110110010110010001110001110110010110010001110001110110010001110
110001110001110001110001001111001111110001001111001111001111001111110001110001110001110001110001001111110001001111110001110001001111110001001111110001001111110001001111001111110001001111110001
001101110011001101001101001101001101001101110001001101110011110011001101110011110011110011110011001101110011001101110011001101001101001101001101001101110011001101001101110011001101001101001101
001110110010001110001110110010001110110010110010110010001110110010110010001110110001001110001110110010001110001110001110001110110010001110110010001110001110110010110010001110110010001110001110
110011001101001101001101001101110011001101110011001101110011110011001101001101110011110011001101001101110011110011110011110011110010001101001101001101001101110011001101001101110011110011110011
001101001101001101110011001101110011001101001101001101001101001101001101001101001101110011001101110011001101001101110011110011110011001101001101110011110011001101001101110011110011001101110011
001110110010001110110010001110110010001110110010110010110010001110110010001110110010001110110010110010110010001110110010110010110010001110001110001110110010110010001110001110001110110010110001
110010001110001110001110001110110010110010110010110010110010001110001110110010110010001110110010001110001110001110001110110010010000001110110010110010001110001110110010001110001110001110110010
001111001111001111110001110001001111001111001111001111001111110001001111001111001111110001001111110001001111110001110001001111110001110001110001110001001111010000110001110001110001110001110001
001110001110110010001110001110001110001110110010110010110010001110110010001110001110001110110010110010001110001110001110001110110010001110110010001110001110110010001110001110001110001110001110
110011001101001101001101110011110011001101110010110011110011001101001101001101110011001101110011001101110011110011001101001101001101110011001101110011110011001101001101110011001101001101001101
001101001101001101001101110011110011110011001101001101001101001101110011001101001101001101001101110011110011001101110011110011110011001101001101110011110011001101001101110011001101110010110011
110001001111001111001111110001001111001111110001001111001111001111001111001111110001001111001111110001001111110001001111001111110001001111110001001111001111110001110001110001110001110001110001
001100110100001100110100110100110100001100001100110100110100001100001100110100110100110100110100110100001100001100001100001100110100001100001100001100110100110100001100110100001100001100110100
110001001111001111001111110001001111110001110001110001110001110001110001001111001111110001110001001111110001110001010010110001001111110001001111001111001111110001110001001111001111110001110001
110010001110001110001110110010110010001110001110001110001110101110110010110010001110001110001110110010110010110010001110110010110010001110110010001110110010001110110010110010001110110010001110
110100110100001100001100110100001100001100110100110100001100110100110100001100001100110100001100110100001100110100110100110100001100110100110100001100001100001100110100110100001100110100110100
110011110011110011001101001101001101110011001101001101001101001101110011110011001101001101001101001101110010110011001101110011110011001101110011110011001101110011001101110011001101001101001101
001100001100001100110100001100001100001100110100001100001100110100001100001100110100001100001100110100001100110100110100110100001100110100001100001100001100110100110100110100001100001100001100
110010001110110010110010110010110010001110001110110010110010110010001110001110110010110010001110001110001110110010001110110010001110001110110010110010001110001110110010110010001110110010110001
001110001110001110001110001110110010001110001110110010110010110010001110001110001110110010110010110010110010110010110010001110110010001110110010110010110010001110110010110010110010001110110010
110010001110110010110010110010001110110010110010110010001110110010001110110010001110001110110010110010101110110010110010001110001110110010110010110010110010001110001110110010110010001110001110
001110110010001110110010110010110010001110110010001110001110001110110010110010110010001110001110001110001110110010110010001110110010110010001110001110001110110010001110110010110010110010001110
110100001100110100001100110100001100001100001100001100110100110100001100110100110011001100110100110100001100110100110100110100110100110100110100110100001100001100110100110100001100110100110100
001100110100001100110100001100110100010000001100001100001100110100001100110100110100001100110100001100001100001100110100001100110100110100110100110100001100001100110100110100001100001100001100
001111110001001111110001001111001111110001001111110001110001110001001111001111110001001111001111001111110001110001001111110001110001110001110001001111110001001111110001001111110001110001110001
001111110001001111110001001111110001110001001111110001001111001111110001001111001111001111110001001111001111110001110001001111110000110001001111001111001111110001001111001111001111001111001111
110001001111110001110001110001001111110001110001001111110001110001110001001111001111001111001111001111001111110001001111001111001111110001110001001111001111110001001111110001001111110001110001
110010110010110010001110001110001110001110001110001110001110001110001110110010110010110010110010110010001110001110001110001110110010001110001110001110001110110010110010001110001110001110110010
110010101111110010110010110010110010001110110010110010110010110010110010001110001110001110001110110010110010110010001110001110110010001110001110110010110010001110110010110010001110001110110010
110010110010001110001110110010001110110010001110001110110010110010001110001110110010001110001110110010001110001110001110001110110010001110110010001110110010110010110010001110110010110010110010
110010110010001110001110110010001110001110001110001110110010001110001110001110110010101111001110001110001110001110001110001110110010001110001110110010001110110010001110110010110010110010001110
110001110001001111110001110001001111110001110001110001101110001111110001110001001111001111110001110001001111110001001111001111001111001111001111001111001111001111110001110001110001110001110001
110011001101110011001101001101110011001101110011110011110011110011001101110011001101001101001101001101001101110011001101001101001101110011001101001101001101110011110011001101001101001101001101
001101110011001101001101001101001101001101110010110011001101001101110011110011001101001101001101110011110011001101110011110011001101001101110011110011110011001101110011001101110011001101001101
110010110010110010110010110010110010001110110010110010110010110010110010110010110010110010110010001110110010110010001110001110110010001110110000110010110010110010110010110010001110001110001110
110010110010110010110010110010001110110010001110110010001110001110001110001110110010001110001110110010001110110010110010001110001110001110110010110010001110001110001110001110001110110010001110
001100110100110100001100110100001100110100001100001100110100110010110100001100001100001100001100001100110100001100001100110100110100001100001100110100110100110100001100110100001100001100001100
001111001111001111110001110001110001110001110001110001001111001111110001110001001111110001001111001111110001110001110001110001110001110001110001001111001111001111001111001111001111001111001111
001111001111110001001111001111001111110001001111001111110001001111001111110001110000001111110001001111110001001111001111110001001111001111110001110001110001001111001111110001110001110001001111
001110001110001110110010001110110010001110001110110010001110001110001110110010001110110010001110001110110010110010001110001110110010001110001110110010001110110010110010110010001110110010110010
110100001100001100001100110100110100001100110100001100110100110100110100110100110001001100001100110100110100110100001100110100110100110100001100110100001100110100001100110100001100001100001100
001100110100110010110100110100001100001100110100110100110100001100001100110100001100001100110100110100001100001100110100110100110100001100001100001100001100110100001100110100001100110100001100
101111010001101111010001010001101111101111101111101111101111010001101111010001010001010001010001101111101111010001101111010010101111010001101111010001101111010001010001101111101111101111101111
110010001110110010110010001110001110001111110010001110001110001110001110110010001110110010001110001110001110110010110010110010110010001110001110110010110010001110110010110010001110001110001110
001111110001110001110001001111001111001111110001110001001111001111110001001111110001001111001111110001110001110001010010001111110001110001001111001111001111001111001111001111001111001111001111
001111001111001111010001001111001111110001001111110001110001110001001111110001001111001111001111001111110001001111001111110001110001110001110001001111001111001111001111110001001111001111110001
001110110010110010110010110010110010110010110010110010110010001110001110110010110010110010001110001110001110110010001110110001001110110010110010110010110010110010001110001110001110001110110010
001111001111110001110001001111001111110001001111001111110001110001110001001111001111110001001111110001110001001111110001001111001111110001001111001111110001001111110001110001110001110001001111
010000010000010000010000010000110000110000010000010000010000010000110000110000110000010000010000010000110000110000110000110000010000110000010000010000010000010000010000010000110000110000010000
001110110010001110110010110010001110001110001110001110001110110010110010110010001110001110001110001110110010110010110010110010001110001110001110110010110000110010001110110010001110110010110010
110010110010001110001110110010001110001110110010110010001110001110001110110010001110001110110010110010001110001110001110110010110010110010110010001110001110110010110010001110110010110010001110
001101110011001101001101110011110011110011001101001101001101110011110011001101110011110010001101001101001101001101110011110011001101001101001101110011001101001101001101110011001101110011110011
001110110010110000001110001110001110001110110010110010110010110010001110110010110010001110110010110010001110110010110010110010110010001110001110001110110010001110001110110010001110001110001110
001111110001001111110001001111110001001111110001001111110001001111110001110001001111001111110001110001110001110001110001110001001111110001001111110001001111001111110001110001110001110001110001
110001110001110001001111110001001111110001001111001111001111110001001111110001110001110001001111110001001111001111001111110001001111001111001111001111110001110001001111110001110001101111001111
001101001101001101001101110011110011001101001101110011001101110010001101110011110011001101001101001101001101001101001101001101110011110011110011001101110011001101001101001101001101110011110011
001110110010110010110010001110001110001110001110001110001110001110110010001110110010110010001110001110110010110010001110110010001110110010001110001110001110001110001110001110001110110010110010
001110110010110010110010110010110010001110001110110010001110001110001110001110001110110010001110001110110010110010110010110010110010001110001110110010110010110010001110110010001110001110001110
001111001111001111110001110001001111110001110001110001110001001111110001110001001111001111001111001111001111001111001111110001110001110001110001110001110001001111001111001111110001001111110001
001101110011110000001101001101110011001101001101001101001101001101110011110011110011110011001101001101110011001101001101001101001101001101110011001101001101001101001101110011110011001101110011
001111110001110001001111110001110001001111110001001111110001001111001111110001001111110001110000110001110001001111001111001111110001001111001111001111110001110001001111110001110001001111001111
001100110100001100001100110100001100001100110100001100001100110100110100110100001100110100001100110100001100001100110100001100001100001100110100001100001100110100001100001100001100110100001100
001110001110110010110010001110110010001110001110001110001110001110001110110010110010001110001110110010110010110010001110001110001110001110001110110010001110001110110010110001001110001110110010
010000110001110001110001110001110001001111001111110001110001110001001111001111001111001111001111001111001111110001110001001111001111001111110001110001110001110001001111110001001111001111110001
110000010000110000110000010000010000110000110000010000010000110000010000110000010000010000010010010000110000110000110000110000010000010000110000010000110000010000110000010000010000010000010000
001110001110001110001110001110001110001110110010110010001110001110001110110010001110001110001110110010110010110010110010001110001110110010110010110010110010001110110010110010001110001110110010
110010110010001110001110001110110010110010001110110010001110001110110010110010110010110010001110110010110010001110110010001110110010110010110010001110110001110010110010001110110010110010001110
110010001110001110110010110010110010001110001110001110110010110010110010001110110010110010110010110010001110001110110010001110110010110010110010110010001110001110001110110010110010110010110010
001110110010110010110010110010110010001110001110110010001110001110110010110010110010001110110010001110001110001110110010001110001110110010001110001110001110001110001110001110001110001110001110
110010001110110010110010001110001110110010001110110010001110110010001110110010110010001110001110110010001110110010001111110010001110110010110010001110110010110010110010001110001110110010110010
110011001101110010110011001101110011110011001101110011110011001101001101110011110011001101110011001101001101110011001101001101001101001101110011001101001101001101001101110011110011001101001101
001111110001001111110001110001001111001111110001110001110001001111110001110001001111001111001111001111110001110001110001001111001111001111001111001111110001001111110001110001001111110001110001
110100001100110100001100110100001100110100001100110100001100001100001100110100110100001100110011001100110100001100001100110100001100110100001100001100110100110100001100001100001100001100110100
001111001111001111001111110001001111001111001111110001001111110001110001110001001111001111110001001111110001001111001111110001001111001111001111001111001111110001110001001111001111110001110001
001111001111110001001111001111001111010010001111001111110001001111001111110001001111110001001111110001001111001111001111110001110001110001110001001111001111110001110001001111110001001111001111
001110110010001110110010110010110010110010001110001110001110001110001110110010110010110000001110001110110010110010110010110010001110110010110010110010001110001110110010001110001110001110001110
001111110001001111110001001111001111001111110001110001110001001111110001001111001111001111001111001111001111110001110001001111001111110001001111110001110001001111110001110001110001001111001111
001110001110110010110010001110110010110010001110001110110010110010110010110010110010001110110010110010110010110010110010110010110010001110001110001110110010110010001110001110001110110010110010
001110110010110010110010001110001110001110110010001110110010110010110010001110001110110010001110110010001110001110001110001110110010001110001110001110110010001110001110110010001110110010110010
001110110010001110110010001110110010110010110010110010110010001110001110001110001110110010110001001110001110110010110010110010110010110010110010110010001110110010110010110010001110001110110010
110010001110110010110010001110110010001110001110001110110010110010110010001110001110110010110010001110001110110010110010001110001110110010001110110010001110110010110010001110001110001110110010
110000110000110000110000110000110000010000010000010000110000010000110000010000010000110000010000010000010000110000010000010000010000110000010000010000010000010000110000110000010000010000110000
110010001110001110110010001110110010110010110010001110001110001110110010001110001110110010110010001110110010001110001110110010001110001110001110001110110010001110110010001110110010001110110010
001111001111001111001111110001001111001111001111001111110001110001001111001111001111001111110001110001001111001111001111110001001111110001110001110001110001001111001111110001001111110001001111
010000010000010000110000110000010000010000010000010000010000010000010000010000110000010000010000110000010000010000010000110000110000010000010000010000010000110000110000110000010000110000010000
001101001101001101001101001101001101110011110011110011110011110011110011110011001101110011001101001101110011001101001101110010110011001101001101001101001101110011110011001101001101001101110011
110010001110001110110010110010110010001110110010001110110010110010001110110010110010001110001110110010110010110010110010110010110010001110001110001110001110110010001110110010001110110010001110
001111110001110001001111001111110001110001001111001111110001001111110001110001110001001111001111110001001111110001001111110001010001001111110001110001110001001111001111110001110001001111001111
110010001110001110110010001110110010001110001110001110001110110001110010001110001110110010001110001110001110110010110010110010110010110010001110001110001110110010110010110010001110110010110010
001101110011110011001101001101110011001101110011110011110011001101001101110011001101110011001101001101001101110011110011001101001101110011001101001101110011001101110011001101110011001101001101
101110001110110010110010110010001110001110110010001110110010110010001110110010110010001110110010110010001110110010001110110010001110001110110010110010001110001110001110001110110010001110001110
001111001111110001001111001111110001110001110001110001110001010010110001110001110001110001001111001111001111001111110001001111110001001111001111001111110001110001110001110001110001110001001111
001111110001110001001111110001110001110001001111110001110001110001001111110001110001001111110001001111001111110001001111110001001111110000110001001111110001110001001111001111001111001111110001
110010110010110010001110001110001110110010110010001110001110001110001110001110001110110010110010110010001110110010110010110010110010110010110010110010110010001110001110110010001110110001001110
001100110100001100110100001100110100001100110100001100110100110100001100110100110100001100001100001100001100001100110100110100001100001100001100001100110100001100001100001100001100001100110100
110001110001001111001111001111110001001111110001001111110001001111110001110001001111001111001111110001001111110001110001001111110001001111110001001111110001110001110001001111110001110001110001
110010001110001110001110001110001110110010001110110010110010001110110010001110001110001110001110110010110010001110110010110010001110110010001110110010110010001110110010001110001110110010001110
001111110001001111001111001111001111110001110001001111110001001111110001110001110001001111110001110001110001110001001111110001110001001111110001001111001111110001010000001111001111110001001111
110001001111110001001111001111110001001111001111001111001111110001110001110001110001110001110001110001110001110001110001001111110001001111001111001111001111110001001111110001110001110001001111
110100001100001100001100101110110100110100001100001100001100001100110100110100001100001100001100001100110100110100110100001100110100110100001100001100001100001100110100001100001100001100001100
110010110010110010001110110010110010001110110010001110110010110010001110110010001110110010001110110010001110001110110010110010001110001110001110001110110010110010001110110010001110001110001110
001101001101110011110011001101001101110011110011001101110011110011110011001111110011110011110011001101110011001101110011001101001101001101110011001101110011110011110011001101001101001101001101
110010110010001110001110110010001110001110001110001110001110001110001110001110110010001110110010001110110010110010110010110010110010110010001110001110110010110010110010001110001110110010110010
001110110010110010001110001110001110001110001110110010110010001110110010001110001110001110001110001110110010001110110010110010110010001110110010001110110010110010001110110010110010001111001110
001111110001110001001111001111010000110001001111001111110001110001110001110001001111110001001111001111110001001111110001110001001111110001110001110001001111110001001111110001110001001111110001
001111001111001111110001001111001111010010110001110001001111110001001111110001001111110001110001110001001111001111001111110001001111110001110001001111110001110001110001110001110001110001110001
110001110001110001110001001111001111110001001111110001001111001111001111110001110001001111001111001111110001001111110001110001110001110001110001010000110001110001001111110001110001110001110001
110001001111110001001111110001110001010000110001110001001111110001001111001111001111110001110001110001110001001111001111110001110001110001110001110001110001001111110001110001110001110001110001
110001001111110001110001110001110001001111110001110001001111110001001111001111110001001111110001110001001111110001001111001111001111001111110001110001001111110001110001110001001111001111110001
001110110010001110001110110010001110110010110010001110110010001110001110001110001110001110001110001110001110001110001110110010001110110010110001110010001110110010001110001110001110001110001110
110010001110110010110010001110001110110010001110001110001110001110001110110010001110110010001110001110001110110010001110001110001110110010110010110010001110001110110010001110110010110010110010
110011110011001101110011001101110011110011110011001101001101001101110011110011001101110011110011001101001101110011001101001101001101110011110011001101110011110011001101001101001101001101110010
110001110001001111110001110001110001001111110001110001110001110001110001110001001111001111001111001111010001110001001111001111001111001111001111001111110001001111110001110001110001001111001111
110000010000010000010000010000110000010000110000110000110000110000010000010000101110010000010000110000010000110000010000010000010000010000110000110000110000010000110000010000010000110000010000
001111001111001111001111001111001111001111001111110001110001001111001111110001110001110001001111001111001111001111001111110001001111110001110001001111110001110001001111001111001111001111001111
010000110000010000110000110000010000010000110000110000010000010000110000010000110000110000010000010000110000110000010000110000010000110000010000010000110000010000010000110000010000010000010000
001100001100001101110100110100001100001100001100001100001100001100001100001100001100110100110100110100001100110100001100110100001100001100001100001100110100001100110100001100001100110100001100
001110001110001110110010001110001110110010001110001110001110001110110010110010001110110010110010001110110010001110001110110010001110001110001110110010110010110010110010110010110010110010110010
001111110001001111001111001111001111110001110001110001110001110001001111010000001111110001001111110001001111001111001111001111110001001111110001001111110001110001001111001111110001001111110001
010000110000110000010000110000010000010000110000010000110000110000010000110000110000110000110000110000010000010000010000110000010000010000010000110000010000110000010000110000110000010000010000
001111001111101111001111110001001111001111001111110001001111001111110001110001001111001111001111001111110001110001110001001111110001110001001111001111110001001111001111001111001111110001001111
110001110001110001110001110001110001001111110001001111110001001111001111110001001111001111001111110001001111001111001111110001001111110001110001001111110001001111110001110001001111110001110001
001101001101110011110011110011001101110011110011001101001101110011110011001101110011001101110011001101110010110011001101110011001101001101001101001101110011110011001101001101110011001101110011
110010001110110010110010110010001110001110110010110010110010110010110010001110001110110001110010001110001110001110110010001110110010001110001110110010110010110010110010001110001110001110110010
001110001110110010110010110010110010110010110010001110110010001110110010110010001110110010001110110010110010001110001110110010001110110010001110001110001110010000110010110010110010001110110010
001111001111001111110001001111001111001111001111110001001111110001001111110001110001001111001111110001001111001111001111001111110001110001110001110001110001001111001111110001110001001111110001
001110001110110010110001001110110010110010001110001110110010001110001110001110110010001110110010001110110010110010001110110010001110001110001110001110110010001110001110110010110010110010001110
110011110011110011110011110011110011001101110011001101110011001101110011001101110011001101110011001101001101110011110001001101110011001101001101001101110011110011001101001101110011001101110011
001111110001001111001111001111110001001111001111110001110001001111110001110001001111001111110001110001110001001111001111001111001111010000001111001111110001001111001111001111110001110001001111
110000010000110000010000010000010000010000010000110000010000010000010000110000010000110000010000010000110000110000010000110000010000110000110000010000110000010000010000010000110000010000010000
110100110100001100001100110100110100110100110100001100110100110100001100001100001100110100110100110100110100110100110100110100110100001100001100110100110100001100110100110100001100001100001100
110010001110110010001110110010110010110010001110001110110010110010110010001110110010001110001110110010110010001110001110110010001110001110001110001110001110110010110010001110001110110010110010
110010001110110010001110001110110010110010110010001110110010110010110010110010001110110010110010110010001110110010110010001110001110001110110010110010001110110010110010110010001110110010001110
001110110010001110001110110010110010110010110010101111110010110010001110001110001110110010110010001110110010110010110010110010001110110010110010001110001110110010110010110010001110001110110010
110011001101110011001101001101001101001101110011001101001101110011110011001101001101110011001101110011110011001101001101110011110001001101110011110011110011001101001101110011001101001101001101
001110001110110010001110110010110010001110001110001110110010110010110010110010110010001110001110001110001110001110110010110010001110110010110010110010110010110010110010001110110010110010001110
110001001111001111110001001111001111010000110001110001110001001111001111110001110001110001110001001111001111110001110001110001110001110001001111110001001111110001001111110001110001001111001111
110010001110001110110001110010110010110010110010001110110010110010001110001110001110001110001110110010001110110010110010110010110010110010110010110010001110001110001110110010001110001110110010
001101110011001101110011110011001101001101001101001101110011110011001101110011001101110011001101110011001101110011110011001101001101001101001101001101001101110011110011110011110011110011110011
110001110001110001001111110001110001001111110001001111001111001111110001110001001111110001110001001111110001001111110001001111110001110001110001110001001111001111110001001111001111110001001111
110001110001001111110001110001110000110001110001001111110001001111110001001111110001110001001111110001110001110001001111001111110001001111001111110001110001110001110001001111001111001111110001
110000110000110000110000110000010000010000010000110000110000110000010000010000110000110000010000110000110000110000010000010000110000110000110000110000101110010000010000010000010000110000110000
001111110001110001110001110001110001110001001111001111110001001111001111110001110001110001110001110001110001110001001111001111110001001111110001001111001111110001110001001111001111001111001111
001110110010001110110010001110110010001110110010001110001110110010001110110010001110001110110010001110001110001110110010001110001110001110001110110010001110001110001110110010001110110010110010
110100001100110100110100001100001100110100110100110100110100001100110100110100001100001100110100001100110100001100001100110100110010110100110100001100001100001100001100110100110100001100110100
001110001110001110110010110010110010110010110010110010001110110010110010110010001110110010110010110010001110110010001110001110110010110010001110110010110010110010001110110001110010001110001110
001110110010110010001110001110001110001110001110001110110010110010001110110010001110001110001110001110110010001110110010001110110010110010001110001110001110001110110010110000001110110010001110
001100101011110100001100110100110100110100001100110100110100110100001100110100001100110100110100110100001100110100001100110100110100110100001100110100110100001100110100001100001100110100001100
001110110010001110110010001110110010110010001110001110110010001110001110001110001110001110110010110010001110110010001110110010001110001110001110110010110010001110110010001110001110001110001110
001110110001001110110010001110110010110010110010001110001110001110001110001110110010001110001110110010110010001110001110001110001110110010110010110010001110110010001110001110110010001110110010
001101001101110011001101001101110011001101001101110011001101101110001101001101001101110011001101001101110011001101110011001101001101001101001101110011110011001101001101001101110011001101001101
110010001110110010110010110010001110110010001110001110110010001110001110001110001110001110110010001110110010001110110010001110110010110010110010110010110010001110001110001110110010110010001110
001111001111001111110001001111110001110001001111110001110001110001110001001111110001110001110001001111110001110001110001001111110001110001110001001111110001001111110001110001001111001111110001
001110110010110010001110001110110010001110001110110010110010001110110010110010001110001110110010001110110010001110110010001110001110001110110010110010110010110010110010110010110010110010001110
110100110100110100110100110100001100110100001100110100110100110100110100001100110100001100110100001100110100001100001100110100110100001100001100001100110010001100001100001100110100110100001100
110001001111001111001111001111001111001111001111001111110001001111001111001111001111110001110001110001110001001111110001001111001111001111110001110001001111001111001111110001110001001111110001
001100110100110100001100110100110100001100001100001100001100001100001100110100110100001100110100110100110100110100110100110100110100110011110100110100110100110100110100110100001100001100001100
001111001111001111010000001111001111001111001111001111001111001111001111001111110001110001110001001111110001001111001111110001001111001111110001110001110001001111001111001111110001110001001111
001100110100001100110100110100001100001100110100001100110100001100110100110100110100110100001100001100001100110100110100110100001100001100110100110100001100001100110100001100001100110100001100
001101110011110011110010001101001101001101110011110011110011110011110011110011001101001101001101110011110011001101001101110011001101001101110011001101001101110011001101001101110011110011001101
110010110010001110110010001110001110001110001110001110110010110010110010001110110001001110001110001110110010110010110010110010110010001110110010110010001110001110110010110010001110001110001110
001100110100110100110100110100110100001100110100001100110100001100110100110100110100110100110100110100110100001100110100110100110100110100001100110100110100001100001100110100001100110100001100
110000110000010000110000010000110000010000110000110000110000010000010000010000110000010000110000110000110000110000010000110000110000110000010000010000110000010000110000010000010000010000110000
110001001111001111110001110001110001110001110001110001001111110001110001110001110001001111110001001111110001110001001111001111110001110001001111001111001111001111110001001111001111110001001111
110010110010110010001110001110001110110010001110110010110010001110110010110010001110001110110010110010110010110010110010110010001110110010001110001110110010001110001110001110110010001110110010
001111110001001111001111110001001111110001110001001111110001001111001111001111001111110001110001110001001111110001110001110001001111110001110001001111001111001111001111110001001111110001110001
110100001100110100110100110100001100110100001100110100001100110100110100001100110100001100110100001100001100110100001100001100110010110100001100001100110100001100001100001100001100110100110100
110001110010001110110010110010110010001110110010110010110010110010001110001110110010110010001110110010110010110010001110001110110010110010001110110010001110001110110010110010110010001110001110
110001110001110001010000110001110001110001001111110001110001001111001111001111001111110001001111110001110001110001110001110001001111001111001111110001001111110001110001110001001111001111001111
110100001100001100110100001100110100001100001100110100001100001100110100110100001100001100001100110100001100110100001100001100110100110100001100001100001100001100001100110100001100001100110100
110001110001001111110001001111110001001111001111110001010000001111110001001111001111110001001111001111001111110001001111110001110001001111110001110001001111110001001111110001001111001111001111
001110001110001110001110110010110010001110110010001110001110110010001110001110110010001110001110110010110010110010110010110010110010001110001110001110001110110010001110001110110010001110110010
110011110011110011001101001101001101001101001101110011110011110011001101110011001101001101001101110011110011001101110011110011001101110011001101001101110011110011110011110011001101001101001101
110010110010110010110010110010110010001110001110110010110010110010001110001110110010110010001110001110110010110010001110001110110010110010110010110010110010001110110010001110110010110010110010
110001110001001111001111110001001111001111001111110001001111110001010000110001110001110001110001110001110001110001110001001111001111001111001111110001001111001111001111110001110001110001110001
110001001111110000110001110001110001001111001111110001001111110001110001110001110001001111001111001111001111110001001111110001110001110001001111110001001111110001110001110001110001001111110001
010000010000010000110000110000010000110000010000010000010000110000010000010000110000110000010000110000010000010000010000010000110000110000010000110000010000010000010000010000010000010000010000
001100110100001100001100001100001100110100001100001100110100001100001100001100001100110100001100110100001100110100001100110100110100110100110100110100001100110100001100110010001100001100110100
001111110001001111110001110001110001001111110001001111001111110001001111001111001111110001001111001111001111001111110001110001110001110001001111001111110001001111110001110001001111110001110001
001110110010001110001110001110110010001110110010110001001110001110110010001110110010110010001110110010001110001110110010001110110010110010110010110010001110110010001110001110001110110010110010
110010110010110010001110001110110010110010001110001110001110110010001110110010001110001110110010001110001110110010001110001110001110001110001110001110001110110010001110001110110010001110110010
001110110010001110110010001110110010001110001110110010110010001110001110110010001110001110110010001110001110110010001110001110001110001110110010110010001110110010110010110010001110110010001110
001111001111001111001111001111001111001111110001110001110001001111110001001111110001110001110001001111110001001111001111110001001111001111001111001111110001110001110001001111001111001111001111
110010110010001110110010110010110010110010001110110010001110110010110010001110001110001110001110001110110010110010001110001110001110001110101111001110001110001110001110001110001110001110001110
001110110010001110110010110010110010110010001110001110110010001110001110110010001110001110001110110010001110110010110010110010001110001110001110001110001110001110001110110010001110110010110010
110011001101110011110011001101001101110011001101110011001101001101001101110011001101001101001101110011001101001101110011110011110011110011001101110011001101110011110001001101110011110011001101
001110001110110010001110110010001110110010001110110010110010001110110010110010001110001110110010110010001110110010110010110010110010110010110010001110001110110010001110001111001110001110001110
001101110000001101001101110011110011001101110011001101110011110011110011110011110011110011110011001101110011001101001101110011001101001101001101001101110011110011110011110011001101110011001101
110001001111110001001111001111110001001111001111001111001111110001001111001111001111110001110001110001001111110001110001001111001111001111110001101110001111110001110001001111110001110001110001
110100001100110100001100110100110100110100001100001100001100001100110100001100001100110100110100001100110100110100001100001100001100001100110100001100001100001100110100110100110100110100110100
110000010000010000110000110000010000010000110000010000110000110000010000110000110000110000110000110000110000010000010000010000110000110000110000010000110000110000010000110000110000110000010000
110001001111110001001111110001110001001111001111110001001111110001001111001111110001001111001111001111110001001111001111001111110001110001001111110001001111110001110001110001001111110001110001
110000010000110000010000101111010000110000110000010000010000110000110000110000110000110000010000110000010000110000110000010000010000010000010000010000010000010000110000110000010000010000110000
110100001100110100001100110100001100001100110100001100110100110100110100110100001100001100001100001100110100110100001100110100001100110100001100110100110100001100110100001100001100001100110100
010000010000110000010000010000010000010001010000010000010000110000110000010000110000010000110000010000110000010000010000010000110000010000110000010000010000110000010000110000010000110000110000
110001110001001111110001110001110001001111110001001111001111001111110001001111110001001111001111001111110001110001001111110001001111110001001111110001110001110001001111110001110001001111110001
110010110010110010110010001110110010001110001110001110001110001110001110001110110010001110001110001110001110001110001110110010110010110010001110001110110010001110110010110010001110001110001110
001110001110001110110010001110110010110010110010110010110010110010001110110010110010110010110010110010001110110010110010110010101110110010110010110010001110110010110010110010001110110010110010
110011010000001101001101110011110011110011001101001101110011001101110011110011001101110011110011110011001101110011110011001101110011001101001101110011001101001101001101110011110011001101001101
110010110010110010001110110010001110110010001110001110001110001110110010001110001110110010110010110010001110001110110010001110110010001110001110001110110001001110110010110010001110110010110010
110011110011001101001101110011001101110011001101001101001101110011110011001101001101001101110010001101110011001101110011001101001101110011001101001101110011001101001101110011001101110011110011
001111001111001111001111110001110001001111110001110001110001110001110001110001110001001111001111110001110001110001110001110001110001110001110001001111110001110001001111110001110001001111110001
110001110001110001110001110001001111001111110001001111110001110001001111001111001111110001110001001111001111110001001111001111110001110001110001001111110001110001001111001111110001001111110001
010001010001101111101111101111010001010001101111101111010001010001010001101111101111101111010001010001010001010001101111101111010001010001101111101111101111010001101111010001010001101110101111
001101001101001101001110110011001101001101110011001101110011001101110011001101001101110011001101110011110011001101001101001101001101001101001101110011001101001101110011110011001101001101001101
110001110001110001110001110001001111110001110001001111001111001111110001001111001111001111110001001111110001110001110001110001001111110001001111110001110001110001110001001111001111001111001111
001110001110001110001110110010110010001110110010001110001110110010001110001110001110001110001110001110110010110010110010001110110010110010110010001110001110001110110010001110110010001110001110
110010110010110010110010001110110010110010001110110010110010001110110010110010001110001110110010110010110010001110110010001110110010110010001110001110101110110010110010001110110010001110001110
001100110100001100001100110100001100110100001100001100001100001100110100001100001100110100110100001100001100001100110100110100001100110100001111110100001100110100001100001100110100110100110100
001111110001110001001111001111001111001111110001001111001111001111110001110001001111001111110001110001001111001111001111001111001111001111110001110001001111001111001111110001110001001111110001
110100001100001100001100110100110100001100110100110100001100001100001100001100001100001100110100110100110100001100110100001100110100001100110100110100110100001100110100110100110100110100110100
001110110010110010110010110010110010001110001110110010001110001110110010110010001110001110110010110010001110110010001110110010110010001110110010110010110010110010001110110010110001001110110010
001110110010110010001110110010001110001110110010001110001110110010110010001110001110110010110010001110001110110010110010001110110010110010001110001110010000001110001110001110110010110010001110
010000110000010000010000110000010000010000010000110000010000101110110000010000010000110000110000010000110000110000010000110000010000010000110000110000010000110000010000110000010000110000110000
110001001111110001001111001111110001110001001111110001001111110001001111110001001111110001001111001111110001110001110001001111110001001111110001110001110001110001110001001111001111110001001111
110100101111110100110100001100110100110100001100001100001100001100001100110100001100001100110100001100110100001100001100001100110100110100001100001100001100001100001100001100001100110100001100
001101110011001101110011110011001101110011110011001101110011110011001101001101110011001101110011001101001101001101110011001101110011110011001101110011110011110011001101001101001101110011001101
110100001100110100110100110100110100001100110100110100001100110001001100110100001100001100001100110100001100001100001100001100001100110100001100110100001100001100001100001100001100110100110100
110010110010001110001110001110001110110010110010110010001110110010110010110010001110001110110010110010001110110010001110001110110010110010110010001111110010110010001110110010001110110010001110
001111110001001111110001001111001111001111001111001111110001110001001111110001110001110001110001110001001111110001110001110001001111110001001111001111110001110001001111001111110001110001110001
110010001110001110001110110010001110110010001110110010110010001110001110001110001110001110001110001110110010110010110010110010001110110010001110110010110010001110110010001110110010110010110010
001111110001110001110001110001001111001111001111001111110001110001110001001111001111110001110001001111110000001111110001001111110001110001110001110001110001001111001111001111110001110001001111
001110001110001110001110001110001110001110110010001110110010110010110010110010110010001110110010110010001110001110110001110010001110001110110010001110110010110010110010110010001110001110110010
001111110001001111001111110001001111001111001111110001001111110001001111001111001111001111110001110001110001001111110001001111110001001111001111110001110001110001001111001111001111001111001111
001111110001110001110001101111110001110001110001110001110001001111110001001111110001110001110001110001001111110001001111110001001111001111001111001111110001001111001111001111110001001111001111
001110110010110010001110110010001110001110001110110010110010110010110010110010110010110010001110001110110010110001001110001110001110001110001110001110110010001110110010001110110010110010001110
110011110011110011110011110001110011001101001101001101001101001101001101001101110011110011110011110011110011110011110011110011001101001101110011001101110011001101001101001101110011001101110011
001110110010001110110010110010110010001110001110001110110010110010110010001110001110001110001110001110110010001110110010001110001110110010001110110010001110110010001110110010110010110010110010
110100001100001100001100001100001100110100110100001100001100110100001100001100001100001100001100001100110100110100001100110100001100001100001100001100001100001100110100110100110100001100001100
001110110010001110001110001110110010001110001110110010110010001110001110110010110010110010001110001110110010110010001110001110001110001110001110110010001110110010110010001110110010110000001110
001100001100110100110100110100110100001100001100110100001100001100110010110100001100001100001100001100001100110100001100001100001100001100001100110100001100110100110100110100001100001100001100
110010001110110010001110110010001110110010001110001110001110110010001110110010001110110010001110110010001110001110110010110010001110001110110010001110110010001110110001001110001110001110110010
110010110010110010001110001110110010001110110010001110001110001110110010110010110010001110001110001110001110001110001110110010001110110010001110110010001110001110001110001110110010110010101111
110010110010001110001110110010110010001110110010110010001110110010110010110010110010110010110010001110110010001110001110110001110010001110001110110010001110001110110010110010001110110010110010
110010110010001110001110001110110010110010001110001110001110001110001110001110001110110010001110110010001110001110110001110010110010001110001110001110110010001110110010110010110010001110110010
001100001100110100001100001100001100001100110100001100001100110100001100110100110100001100110001110100001100110100001100001100110100110100001100001100001100001100001100001100110100110100001100
110010110010110010001110001110110010001110110010110010001110001110110010001110001110001110110010001110001110110010001110001110110010001110110001001110001110110010110010001110001110110010001110
001110110010110010110010001110110010001110110010110010110010001110001110001110001110001110001110001110001110110010001110001110110010001110110010001110110010110010001110001110001110110010110010
001111110001110001110001001111110001110001001111110001110001001111110001110001110001001111110001001111110001110001001111110001110001001111001111001111110001110001001111110001110001001111110001
110011001101110011001101110011110000001101001101110011001101110011001101001101110011001101110011001101001101110011110011001101001101110011110011110011110011110011001101110011110011001101110011
001111001111001111110001001111001111001111110001110001110001001111110001110001001111110001110001110001001111001111110001001111001111110001110001001111001111001111001111110001110001110001110001
110001001111001111110001001111110001001111110001001111110001001111110001001111110001110001001111110001110001110001001111110001001111110001110001110001110001110001001111001111001111001111110001
110001001111001111001111001111001111110001110001110001110001001111110001001111001111110001110001001111110001110001001111110001001111110001110001110001110001001111110001001111110001001111110001
110010001110110010110010001110110010110010001110001110110010001110110010001110110010110010001110110010001110001110110010110010110010110010110010110010110010001110001110001110001110110010001110
001110110010110010001110110010001110110010110010110010001110110010001110001110110010110010110010110010110010110010001110110010110010001110110010001110110010110010001110001110001110110010110010
110010001110110010110010001110110010001110110010001110001110001110110010001110110010110010110010001110001110001110001110110010001110110010110010110010001110110010001110001110001110001110001110
001100001100110011001100110100110100001100110100110100110100110100001100001100110100001100001100001100001100110100110100110100001100001100001100110100001100110100001100110100001100110100110100
010001101111101111101111101111010001101111010001101111010001010001101111101111010001101111101111101111010001101111101111010001101111010001101111010001101111010001010001101111101111010001010001
110001001111110001110001110001110001001111110001001111001111110001110001001111110001001111110001001111001111110001110001001111001111110001001111001111001111110001001111001111001111110001110001
001101001101110011001101110011110011110011001101110011110011001101001101110011001101001101001101001101001101001101001101001101001101001101001101001101001101001101001101001101110011001101001101
110010001110110010110010110010001110001110110010110010110010110010110010110010001110001110110010110010001110001110110010110010110010110010001110001110001110001110110010110010110010001110110010
110010110010001110001110110001110010001110001110110010110010110010110010001110110010110010001110001110001110110010001110001110110010110010110010110010001110001110110010001110110010110010001110
001101110011110011001101110011001101001101001101001101001111001101001101001101001101110011001101110011001101110011110011110011110011001101110011001101001101110011110011001101001101110011110011
001111001111001111001111001111001111110001001111001111110001110001110001110001001111110001001111110001001111110001110001110001110001110001110001110001101101110001001111001111001111110001110001
101111101111101111010001010001101111101111010001010001010001101111101111101111010001010001101111101111010001010001010001010001101111010001010001010001010001101111101111101111010001010001010001
001111110001001111001111110001110001110001001111110001001111001111001111110001001111110001001111110001110001110001110001110001001111001111001111001111110001001111110001001111110001001111110001
001100001100110100110100001100110010110100110100001100110100001100001100001100110100110100001100001100001100001100110100110100110100001100001100110100001100001100001100110100110100001100001100
110001110001001111001111110001001111001111110001110001110001001111001111110001001111001111001111110001110001001111110001110001001111001111110001110001110001001111001111001111110001110001001111
110001110010110010110010110010001110001110001110001110110010001110001110001110001110001110001110001110001110001110001110110010110010001110110010110010110010110010110010001110001110001110110010
001110110010001110001110110010110010001110001110001110001110001110110010001110110010110010110010001110001110001110110010001110001110001110110010110010001110110010001110001110110010001110001110
110011001101001101110011001101001101110011001101110011110011110011110011110011001101001101110011001101001101001101110011001101110011110011001101001101110011001101001101001101001101110011001101
001111110001001111001111001111110001010000001111001111110001001111110001110001001111001111001111001111001111001111001111001111110001110001110001110001110001001111110001001111110001110001110001
001111110001110001001111001111001111001111110001110001001111110001001111001111001111001111001111110001010000001111110001110001110001110001110001110001110001110001001111110001001111001111110001
001100110100001100110001110100110100110100001100110100001100110100110100001100110100001100001100001100110100001100110100001100110100110100001100110100001100001100001100001100001100110100110100
001110110010001110001110001110110010110010001110001110110010001110001110110010110010110010110010110010110010001110001110110010001110110010110010001110001110110010001110001110110010110010001110
010000010000010000110000110000110000110000110000010000010000010000010000110000110000110000110000110000010000010000110000110000010000010000110000010000010000010000110000010000110000010000110000
110001110001001111110001110001001111110001001111001111110001110001001111001111110001001111001111001111001111001111110001001111110001001111001111110001001111110001110000001111001111001111110001
110010110010001110001110110010001110001110110010001110001110001110110010001110001110110010110010001110001110001110110010110010001110110010001110001110001110001110110001110010110010001110110010
001110001110001110110010110010001110001110001110110010110010110010110010001110110010001110110010001110001110001110110010110010001110001110110010001110110010110010001110001110001110001110110010
110010110010110010001110001110001110110010001110001110001110001110110010110010001110001110001110001110001110110010001110110010001110110010110010110010110010110010110010110010001110110010001110
001110110010001110110010001110110010001110001110110010001110001110110010001110001110110010001110110010001110001110001110110010001110110010110010001110110010001110110010110010110010110010110010
001111001111001111110001110001110001001111110001110001110001001111001111110001110001110001110001001111001111001111110001110001001111110001001111010000001111001111110001110001110001110001110001
110001110001001111001111110001001111110001001111001111110001110001001111001111001111001111110001001111110001110001110001110001001111001111110001110001001111001111001111001111001111110001001111
001110001110110010001110110010110010001110001110110010110010001110110010001110001110001110001110110010110010001110110010110010001110001110001110001110001110110010001111001110001110110010001110
001110110010001110110010110010001110001110001110110010001110001110001110001110001110001110001110001110001110001110110010001110110000110010001110110010001110110010110010001110001110001110001110
001111001111001111001111001111001111001111001111110001110001001111110001001111110001001111001111110001110001001111110001001111001111110001110001001111110001001111110001110001110001110001001111
010000110000110000110000010000010000110000010000110000010000110000110000101110010000010000010000110000010000110000010000010000110000110000010000110000010000010000110000010000110000110000010000
110010001110110010001110110010110010001110001110110010110010110010110010110010110010001110001110001110110001001110001110001110110010001110001110001110001110001110110010001110001110110010001110
110100110100001100110100110100110100001100001100110100110100001100110100110100001100001100110100110100001100001100110100110100110100110100110100001100110100110100001100110100001100110100001100
110010001110001110110010001110110010001110110010001110110010110010001110001110001110110010110010001110110010110010110010001110001110001110001110001110110010110010001110001110001110001110110010
110001110001001111110001001111110001001111110001001111110001001111001111001111001111001111001111001111001111001111110001110001110001001111001111110001001111001111001111001111001111001111001111
110100110100110100001100001100001100001100110100110100001100001100001100001100110100001100110100110100001100110100110100001100001100001100001100110100001100110100110100001100110100001100001100
110001001111001111001111001111001111110001110001001111001111110001110001110001001111110000110001110001110001110001001111001111001111001111001111001111001111001111110001001111001111001111001111
001101001101001101110011110000110011001101001101001101001101001101001101001101110011001101001101001101001101001101001101110011001101110011001101001101001101001101110011110011001101110011110011
001101110011110011110011001101110011110011001101110011001101110011110011001101001101001101110000001101110011110011001101001101001101110011001101001101110011110011001101110011110011001101001101
110010110010001110110010001110001110001110001110001110001110110010110010110010110010001110001110110010001110110010110010110010110010001110110010110010110010001110110010110010001110001110110010
101101101110010010010010101110101110010010101110010010010010010010101110010010010010101110101110010010101110101110010010101110101110010010010010101110010010010010101110101110101110010010010010
110010110010110010001110110010001110110010110010001110110010110010001110001110110010001110001110110010110010110010110010001110110010101111110010001110001110110010001110110010001110001110001110
110010110010001110001110110010110010110010001110001110001110001110001110110010110010001110001110110010110010110010110010110010110010110010001110110010001110110010110010001110001110110010001110
001111001111001111110001001111001111001111001111001111001111110001110001110001110001110001001111001111001111001111001111001111010000001111001111001111110001001111110001001111001111110001110001
001111110001110001110001001111001111110001001111110001110001010010110001110001001111001111110001110001001111001111001111001111110001001111110001110001001111001111110001110001110001001111001111
001111001111110001110001110001001111001111001111001111110001110001001111001111110001110001001111110001110001001111001111001111110001110001001111001111001111110001110001001111001111110001001111
110000110000010000110000110000110000010010110000010000110000010000110000010000110000010000010000010000010000110000110000010000010000010000010000010000110000010000010000110000010000010000110000
110001001111110001110001001111110001110001001111001111110001110001001111001111001111001111110001001111001111001111110001001111110001001111110001001111110001110001001111001111110001110001110001
001111001111110001110001110001001111001111110001110001110001001111001111110001110001001111001111001111110001001111001111110001110001110001110001001111001111110001110001001111001111001111110001
110000110000010000110000110000110000110000110000010000010000010000010000010000110000110000010000010000010000110000110000110000110000010000010000010000010000110000010000010000010000110000110000
001101110011001101001101001101001101001101110011110011110011001101110011001101110011001101001101110001001101001101001101001101001101001101110011001101001101001101110011001101001101001101110011
110010001110001110001110110010110010110010001110110010110010110010110010001110110010001110110010110010001110001110001110001110110010110010110010001110110010110010110010110010001110001110001110
110011110011001101001101110011001101001101110011001101110011001101001101110011110011110011001101110011110011001101110011001101001101001101110011110011110011110011110011110011110011001101001101
110001001111001111001111001111110001001111110001001111110001110001110001110001001111110001001111110001110001110001110001001111110001110001110001110001001111110001001111110001001111110001110001
110010110010001110001110110010001110110010001110001110110010110010110010001110001110001110110010001110110010110010110010001110001110110010001110001110110010001110110010001110001110110010110010
110100001100001100001100001011001100001100110100110100001100001100001100001100110100001100001100110100110100110100001100001100001100110011110100001100001100001100001100001100001100001100110100
001111001110001110001110001110110010001110110010001110110010001110110010001110110010001110001110001110001110110010110010110010110010110010001110110010110010110010001110110010110010001110110010
110010110010001110001110001110001110110010001110001110001110110010110010110010010000110010001110110010110010001110110010001110001110001110001110110010001110110010001110001110001110001110001110
110001001111001111110001110001001111001111110001001111001111110001001111110001110001001111001111001111110001110001110001001111110001110001010000001111001111001111110001110001110001001111110001
110100001100110100110010110100001100110100001100001100110100001100110100110100001100001100001100001100110100110100001100110100110100110100110100001100001100110100110100110100001100110100001100
110010110010001110110010001110110010001110110010001110001110110010110010001110110010110010001110110010110010001110001110110010110010110010110010110010001111001110001110110010001110110010001110
110010110010110010001110001110001110001110001110001110110010110010001110001110001110001110001110110010001110110010001110110010110010001110110010001110110010001110001110110010110010001110110001
110001001111001111110001110001110001001111110001110001001111001111001111001111001111110001001111110001110001001111001111001111001111001111001111001111110001001111010010110001110001110001110001
110001110001110001110001110001001111110000001111001111110001001111001111001111001111110001110001110001110001110001001111001111001111110001110001001111001111110001110001110001110001001111001111
110010001110001110110010110010001110110010110010110010001110001110001110001110110010001110001110110010110010110010001111001110001110110010001110110010001110110010110010001110110010110010001110
110010110010001110110010001110110010110010001110110010110010110010001110001110001110110010110010110010001110001110110010001110001110001110110010001110001110110010110010001110001110001110110010
110010110010001110110010110010001110001110001110110010110010110010110010110010001110110010110010110010110010001110001110001110101111001110110010001110110010110010110010001110001110001110001110
110001110001001111110001001111110001001111110001110001001111001111001111001111110001110001001111110001110001110001110001001111110001001111001111110001001111110001110001001111001111110001110001
110010001110001110001110001110110010110010110010001110110010001110110010001110001110001110001110110001001110110010001110001110110010001110110010001110001110001110001110001110001110001110001110
110001010001110001001111001111001111110001001111001111110001001111001111110001110001001111001111001111001111001111110001001111001111110001110001001111001111001111110001110001110001110001110001
110010110010001110110010001110110010001110001110001110001110001110001110001110110010001110001110110010001110001110110010110010110010110010110010110010110010110010110010110010110010001110110010
110010110010001110110010001110001110110010001110110010001110110010110010110010110010001110001110110010001110110010110010001110001110001110001110001110110010001110001110001110110010110000110010
110011110011110011001101110011001101001101001101110011110011110011001101001101110011110011001101110011110011001101001101001101001101001101001101001101001101001101110011110010110011110011110011
110001110001110001110001001111001111110001110001110001110001001111001111110001110001110001110001110001110001001111001111110001110001110001001111110001010000001111110001001111001111110001001111
110010110010110010110010110010110010001110001110110010001110001110110010110010001110001110001110110010001110110010110010110010001110110010001110001110001110110010110010001110001110110010110010
110011001101001101001101110011001101001101110010001101001101110011001101110011110011001101001101110011001101110011110011110011110011001101001101001101110011001101001101001101001101001101001101
110001110001001111110001001111110001110001001111001111001111110001110001001111110001001111001111001111110001001111110001001111001111001111001111001111110001001111001111001111110001001111001111
101111101111010001010001101111010001010001010001101111010001101111010001101111010001010001010010010001101111101111010001101111101111010001101111010001010001010001010001010001101111010001010001
001110001110110010001110001110001110110010110001001110110010001110001110110010001110001110001110110010110010001110110010110010001110110010001110001110110010001110001110110010110010110010001110
101111010001010001010001010001101111010001101111101111101111010001101111101111101111010001010001101111010001010001101111010001101111010001101111010001010001010001010001101111101111010001010001
001110110000001110110010001110001110001110110010001110001110110010110010110010001110110010110010001110110010001110001110110010110010001110001110001110110010110010001110001110110010001110001110
110010001110001110110010110010110010110010110010001110001110110010110010001110110010110010110010001110001110110010101110001110110010001110001110110010001110001110110010001110110010110010001110
110010001110001110110010001110001110110010001110110010110010001110110010001110001110001110001110110010110010110010001110110010001110110010001110001110001110110010001110001110001110110001110010
001111001111110001110001110001110001110001001111001111001111001111001111110001110001001111110001110001001111001111001111110001001111001111110001001111001111001111001111110001110001110001001111
001101001101001101110011001101001101001101110011110011110011110011001101110011001101110011001101110011110011001101001101001101110011110011001101110011101110001101001101110011001101001101001101
110010001110001110110010001110110010001110001110001110001110110010001110001110001110110010110010110010110010001110110010110010110010110010110010110010110010110010110010110010110010001110110000
110010001110001110001110001110001110001110001110001110110010001110001110001110110010110010110010001110001110001110110010110010001110110010001110110010001110001110001110001110001110110010001110
110010001110001110001110001110110010001110110010110010001110110010110010001110001110110010001110001110110010110010110010110010001110001110110010110010001110001110110010110010110010001110001110
001110110010110010110010001110110010001110110010110010110010110010001110110010110010110010001110001110110010110010110010110010110010110001110010001110110010110010110010110010110010001110110010
001101110011001101110011001101001101110011110011001101110011001101001101001101110010001101001101001101110011110011001101110011110011001101110011001101110011110011110011110011110011110011110011
010000010000010000010000110000110000110000110000010000110000010000010000110000110000010000110000010000010000010000110000110000010000110000110000110000010000110000010000010000010000010000010000
001111001111110001110001110001110001001111110001001111101110001111110001110001110001110001001111001111110001110001001111110001001111001111001111001111110001110001001111110001001111001111001111
101111101111101111101111010001010010010001010001101111101111101111101111101111101111010001101111010001101111010001010001010001010001010001101111010001010001010001010001010001101111101111101111
001110110010110010001110110010001110001110110010001110001110110010001110110010110010001110110010110010110010001110110010110010001110110010110010001110001110110010110010110010001110110010001110
001110001110001110001110001110110010110010001111001110110010001110110010001110110010110010001110110010110010001110001110110010001110110010110010110010110010110010110010001110001110001110110010
001111110001110001110001001111110001001111001111110001001111001111001111001111001111110001110001001111110001110001110001110001001111110001010000001111001111001111001111001111001111001111001111
110001001111110001001111001111110001110001001111001111110001001111001111110001001111001111110001001111001111001111001111001111001111110001110001110001110001110001110001001111110001110001110001
110010001110110010110010001110001110001110110010001110001110110010110010001110110010110010001110001110110010001110110010001110001110001110001110001110110010001110001110001110001110110010001110
110010110010001110110010110010110010110010001110001110110010110010001110001110110010001110001110110010110010001111110010001110001110110010001110001110001110001110110010110010001110001110110010
001100001100001100001100110100001100001100110100001100001100001100110100110100110100110100001100001100001100001100001100001100001100001110110100001100110100001100110100001100001100001100110100
001100110100001100110100110010001100001100110100110100110100001100110100001100110100001100001100110100110100110100001100001100110100110100001100110100110100001100110100001100001100001100001100
001111110001001111001111001111001111001111001111001111110001001111001111001111001111001111001111110001001111110001001111110001001111110001001111001111001111001111001111110001001111001111110001
001110110010001110001110001110001110110010001110001110110010001110110010001110110010001110001110110010001110110010110010001110110010001110001110110010110010110010001110001110001110110010110010
001111001111001111110001110001110001110001001111110001001111001111110001001111110001001111110001001111110001110001001111001111001111001111110001001111001111001111110001001111001111001111001111
010000110000010000010000010000010000110000010000110000010000010000010000110000110000110000010000110000010000110000010000010000010000010000110000010000010000010000110000010000110000110000010000
001110110010110010110010001110110010110010110010001110110010110010001110001110110010001110110010110010110010001110110010001110110010110010110010001110110010001110001110110010110010001110110010
110011110011001101110011110011001101001101001101110011110011110011110011001101001101110011110011110011001101110011001101110011001101001101001101001101110011001101001101001101110011001101110011
001100001100001100110100110100110100001100110100001100110100110100001100110100110100110100001100001100001100001100110100001100110100001100110100110100110011001100110100110100110100110100001100
110010101111001110001110001110110010001110110010001110001110001110110010110010110010001110001110001110110010110010110010001110001110001110110010001110110010001110001110110010110010110010110010
110010110010001110001110001110110010110010001110110010001110001110001110110010001110001110001110001110110010110010110010110010110010001110001110110010001110001110110010001110110010001110001110
110010001101001101001101110011110011001101001101001101001101001101110011001101001101110011110011001101001101110011001101110011001101110011001101001101001101110011110011001101001101001101110011
110010110010001110001110110010001110001110110010110010001110110010001110001110110010110010110010110010110010110010110010110010001110110010001110110010110010110010001110110010001110110010001110
001111110001001111110001110001001111110001110001110001110001110001001111001111110001001111001111110001001111001111001111110001110001110001110001110001001111110001110001001111001111001111110001
001110001110110010001110110010001110001110001110110010110010110010110010001110110010110010001110001110110010110010001110001110001110110010001110110010110010001110001110110010001110001110001110
001110110010001110001110110010110010110010001110001110001110110010110010110010110010001110110010001110001110001110001110110010001110110010001110110010110010110010110010001110110010110010110010
110001001110110010001110110010110010001110001110001110001110001110110010001110001110001110110010110010001110110010001110001110001110110010110010001110001110110010001110110010001110110010110010
001110110010001110001110001110110010110010001110001110001110110010001110110001001110110010001110110010001110001110110010110010110010110010110010110010001110001110110010110010001110001110110010
101111110001110001110001001111110001110001001111001111001111110001110001001111001111110001001111110001110001110001110001001111001111001111001111110001001111001111110001001111001111110001001111
001111110001001111110001110001001111001111110001110001110001001111001111110001110001001111110001110001110001001111001111010000110001110001001111110001110001110001001111001111001111001111001111
001110110010110010110010001110110010001110001110001110001110110010110010001110001111001110001110001110001110110010110010110010110010001110001110001110110010001110001110110010110010110010001110
001110110010001110001110001110110010001110001110001110110010001110001110001110110010110010110010001110001110001110110010110010001110001110110010110010110010001110001110001110001110001110110010
001110001110001110001110110010001110110010001110110010001110001110001110001110001110110010110010110010110001001110110010110010110010110010001110001110001110110010001110110010001110001110110010
110010110010001110001110110010110010001110001110110010001110110010110010110010001110110010001110001110110010110010001110110010110010110010001110110010001110001110001110001110110010110010110010
001111001111110001001111001111110001001111110001110001110001110001001111110001001111110001001111001111001111110001110001110001110001001111001111001111001111001111001111110001110001110001110001
110010001110110010110010110010001110001110001110001110001110001110110010110010001110110010110010110010110010110010001110110010110010110010001110110010110010001110110010110010110010001110110010
010000110000110000110000010000010000010000110000110000010000010000110000110000010000110000010000110000010000110000010000110000010000110000110000110000110000110000010000110000010000010000110000
110011110011001101001101110011110011001101110011110011001101001101001101001101001101001101001101110011001101110011110011001101110011110011001101110011001101101111001101110011001101001101001101
001110110010001110110010001110110010001110001110110010110010001110110010001110001110001110001110001110110010001110001110110010110010110010001110110010001110110001001110110010001110110010001110
001110001110001110001110110010110010001110001110110010001110110010001110001110001110001110001110001110101110001110001110001110110010110010110010110010001110001110110010110010001110001110110010
110001110001110001110001110001001111001111110001110001001111001111001111110001001111110001110001001111001111110001010010110001110001001111110001001111110001110001001111001111110001110001001111
001110110010001110001110110010001110110010001110001110110010001110001110001110001110110010110010001110001110110010001110110010001110001110001110110010001110110010001110110010001110110010001110
001110110010110010001110110010001110110010001110110010110010001110001110001110001110001110001110110010001110001110110010110010001110001110110010001110110010110010110010001110001110001110110010
110000010000110000010000110000010000010000110000110000010000110000110000010000010000010000110000110000110000010000010000010000010000010000010000110000010000010000110000110000110000010000010000
001111001111110001110001110001001111110001110001110001001111001111110001110001110001001111001111001111001111001111110001110001110001001111110001110001110001001111001111001111001111110001001111
010000010000010000010000010000010000110000010000110000110000010000110000110000010000010000010000110000010000110000010000110000110000110000110000110000110000110000010000110000010000110000010000
110010001110110010001110001110110010110010001110001110001110110010001110110010001110110010110010001110001110001110110010001110001110110010110010110010110010110010110010001110110010110010110000
001111001111001111001111110001110001001111110001001111110001110001001111110001110001110001110001110001110001001111110001001111110001001111110001001111110001110001001111110001110001001111001111
110010110010001110110010001110001110110010110010001110110010001110110010001110001110001110001110110010001110110010110010110010001110001110110010001110110010110010110010110010001110110010110010
001101001101110011110011110011001101001101110011110010110011001101001101001101001101110011001101110011001101001101110011001101110011001101001101110011110011001101001101110011001101001101110011
110010001110110010110010001110110010110010001110001110110010110010110010110010110010110010110010110010001110001110110010110010001110110010110010110010001110001110001110110010001110110010001110
110010110010110010001110001110110001001110110010110010110010110010001110110010001110110010110010110010001110001110001110110010001110110010110010001110001110001110001110001110110010001110001110
110010001110110010110010001110110001001110110010110010110010001110001110110010110010001110110010001110110010001110110010110010001110001110001110110010001110110010110010001110110010110010001110
110010001110001110001110110010001110001110110010110010001110110010110001110010110010110010001110001110110010110010001110110010110010110010001110001110110010110010110010110010110010110010001110
001110001110110010110001001110001110110010001110001110110010001110110010110010110010001110110010001110001110110010001110110010110010001110001110110010110010110010110010001110110010001110001110
110011110011110011001101001101001101001101110011110011001101001101110001001101001101110011001101110011110011001101001101110011110011110011110011001101110011001101001101110011110011001101001101
001111110001001111001111110001001111001111001111110001110001110001001111110001001111110001110001001111110001001111001111001111110001110001110001001111110001110001110001110001110001001111110001
110001001111001111110001001111001111001111001111001111110001110001110001001111110001110001110001001111110001110001001111110001001111110001001111001111001111110001001111001111110001001111001111
001111110001001111001111110001001111001111110001001111110001110001110001110001001111110001001111001111110001001111010000001111001111001111001111001111110001001111001111110001001111001111110001
110001110001001111110001001111001111001111110001001111001111110001110001110001001111110001001111001111110001001111001111001111110001001111001111001111110001110001001111110001001111001111110001
001111001111110001110001110001110001001111001111110001110001001111001111001111110001001111110001110001001111110001110001001111110001110001110001110001110001110001110001001111001111110001110001
001111110001001111001111001111001111110001001111001111110001001111001111110001110001001111010000001111110001110001001111001111001111110001001111110001001111110001110001110001001111110001110001
001110110010110010001110001110001110110010001110001110110010110010110010110010001110110010001110001110001110110010110010110001110010110010001110001110001110110010110010001110001110001110110010
110010110010001110110010110010110010001110110001110010110010110010001110110010110010001110110010110010110010001110001110110010110010001110001110001110001110001110110010110010001110001110001110
110001001111110001001111001111001111001111001111001111001111110001110001001111001111110001001111110001110001110001110001110001110001001111110001010001110001001111110001001111110001001111110001
110011110011110011001101110011110011110011110011001101110011110011110011110011001101001101001101001101001101001101001101110011001101110011001101001101110011110011001101001101110011110011110001
110010110010001110001110001110110010001110110010001110110010001110001110110010110010001110110010110010110010110010001110001110110010110010001110110010110010001110001110110010110010110010001110
110001110001110000001111110001110001001111110001110001110001001111001111110001110001110001110001001111110001110001001111110001001111110001001111001111110001110001110001110001001111001111001111
110011110011110011001101110011001101001101001101110011110011110011110011110011001101001101110011001101110011001101110011001101110011110011110011001101110010110011001101001101001101110011001101
