000110111010111010111010000110000110111010000110111010111010000110111010111010000110000110000110111010111010000110000110000110000110111010111010111010000110000110000110111010000110111010111011
111010000110000110000110000110000110000110000110111010111010111010111010111010111010111010111010111010111010000110000110000110000110111010111010000110000110111010111010111010000110111010111010
000111000111000111000111111001000111111001000111000111000111000111111001000111000111111001000111111001111001000111111011111001000111111001000111111001000111000111111001111001000111000111000111
000001111111000001111111111111000001111111111111000001000001000001000001000001000001000001000001111111000001111111111111000001000001000001111111111111111111111111000001000001000001000001000001
111011000101111011000101000101111011000101000101111011111011000101000101000101000101111011111011111011111011000101111101111011111011000101000101111011000101111011111011111011000101111011111011
000011111101000011111101000011111101000011000011111101111101000011111101111101111101111101000011000011000011111101111101111101000011111101111101000011111101000011000011111101111101111101000011
111110111110111110111110000010111110000010111110111110000010000010000010000010111110000010000010111110000010111110000010111110111110111110111110000010000010000010111110000010111110000010000010
111010000110000110000110000110000110000110000110111010111010000110000110111010000110111010000110111010000110000110000110111010111010111010000110111010000110000110000110111010111010000110000110
000010111110000010111110000010111110111110000010000010111110000010111110000010111110111110000010000010111110000010111110000010111110111110111110111110111110111110000010000010000010000010000010
111100000100000100000100000100000100000100111100111100111100111100000100000100111100000100000100111100000100111100000100000100000100000100000100000100000100111100111100111100111100000011000100
001000111000111000111000111000001000111000001000111000111000111000111000001000001000111000001000001000001000001000001000001000001000111000111000111000001000111001111000001000001000111000001000
000111000111000111000110000111111001000111000111111001000111111001000111111001111001111001000111111001111001000111000111111001111001111001111001111001000111000111111001000111000111111001111001
111101111101111101000011111101000011111101000011111101111101111101000011000011111101111101000011111101000011000011111101000011111101000011111101000011000011000011000011111101111101000011000011
111000001000001000111000111000001000111000001000111000111000001000111000001000111011001000111000111000111000001000111000001000111000001000001000111000001000001000111000001000111000111000111000
111010111010111010000110111010111010111010111010111010000110111010111010000110111010111010111010111010000110111010111010000110000110111010111010000110000110000110000110000110000110111010111010
111010000110111010111010111010000110000110111010111010000110111010111010000110000110000110111010111100000110111010000110000110000110111010000110000110111010000110000110000110000110000110111010
111100000100000100111100000100111100000100000100111100000100000100111100000100111100000100000100000100000100000100111100000100111100111100000100111100111100111100000100111100000100111100000100
111110111110000010111110000010000010000010111110000010111110000010111110000010111110111110000010000010111110000010111110111110111110000010000010111110111110000010111110111110111110000010111110
000000000000000000000000000000000000000000000000000000000000000000000000000000000000000000000000000000000000000000000000000000000000000000000000000000000000000000000000000000000000000000000000
111110000010000010111110000010000010000010000010111110111110000010000010000010111110111110000010111110111110000010000010111110111110111110000010000010000010111110000010111110111110111110111110
111101000011000011000011000011000011000011111101000011000011000011000011111101111101111101000011111101111101000011111101111101000011111101000011000011111101000011000011000011111101111101111101
110100001100110100110100110100110100110100001100001100001100110100110100001100110100001100001100110100001100110100001100110100001100110100001100001100110100001100110100110100110100001100110100
000001000001111111000001000001000001111111000001000001111111000001111111111111000001000001111111111111000001111111000001111111000001000001000001000001111111000001111111111111111111111111000001
000010111110000010000010111110111110111101111110111110111110000010111110000010111110000010000010000010111110111110111110111110111110000010111110000010000010000010111110000010111110000010111110
111101111101111101000011000011111101000011111101111101111101111101111101111101000011000011111101111101111101000011000011111101111101111101111101000011000011111101000011111101111101111101111101
111000001000111000111000001000111000111000001000001000001000001000001000111000001000001000111000001000001000001000001000111000001000111000001000111000001000111000001000001000001000111000001000
110111110111001001110111001001001001001001001001001001001001110111110111110111110111001001110111001001110111001001001001001001001001110111001001000111110111110111110111110111001001001001001001
111010000110111010000110111010111100111010111010111010111010000110111010111010000110000110111010111010000110111010111010000110111010000110111010111010111010111010111010000110000110111010111010
111100111100000100111100000100111100111100000100000100000100000100000100111100111100111100111100000100111100111100111100111101111100000100111100111100111100111100000100111100111100000100000100
111110111110000010000010111110111110111111000010111110000010111110111110000010111110111110000010111110111110111110000010111110111110111110111110000010000010000010000010111110111110111110000010
111110000010000010000010111110111110000010111110000010000010000010111110000010000010000010111110000010111110000010111110111110000010000010000010000010111110111110000010000010111110111110111110
111001000111000111111001000111000111000111111001111001111010000111000111000111111001111001111001111001111001111001111001111001000111000111111001111001000111111001111001000111000111000111111001
000101111011000101000101000101000101000101000101111011000101111011111011111011111011111011111011000101000101000101111011111011111011000101111101111011000101111011000101000101000101111011111011
111111000001111111111111000001000001000001111111111111000001000001000001000001111111111111111111111111111111000001000001000001111111000001000001000001111111000001000001000001000001111111111111
000101111011111011000101000101111011000101111011111011000101111011111011000101000101111011111011111011111011111011000101111011000101000101111011111011000101111011000101000101111011111011000101
000110000110111010000110000110111010111010111010111010000110111010000110000110111100000110000110000110000110111010000110000110000110000110111010000110000110000110000110000110000110000110111010
111101111101111101111111000011111101000011000011111101111101111101000011000011000011000011000011111101000011111101111101000011000011000011111101111101000011000011111101111101111101111101111101
000000000000000000000000000000000000000000000000000000000000000000000000000000000000000000000000000000000000000000000000000000000000000000000000000000000000000000000000000000000000000000000000
000100000100111100111100000100000100000100000100000100000100000100000100000100111100000100111100111100111100000100000100000100000100000100111100000100000100111110111100111100111100000100111100
111110111110111110000010000010000010111110111110000010000010000010111110000010111110111110111110000010111110111110111110000010000010111110111110000010111110111110111110000010111110111110111110
001000001000001000001000001000001000001000111000111000001000001000001000111000001000001000111000001000111000001000111000001000001000111000111000001000001000111000001000111001001000001000001000
000010111110000010111110111110000010000010111110000010111110000010111110000010111110111110000010000010111110111110111110000010111110111110000010000010000010000010000010111110000010111110111110
000111111001111001000111111001111001111001000111000111000111000111000111000111000111111001000111111001111001111001111001111001000111000111111001000111111001000111000111000111111001111001111001
000010111110111110000010000010000010000010111110000010000010000010000010000010111110111110000010111110111110000010111110000010111110000010111110000010111110111110111110111110000010111110111110
000101111011111011111011000101111011111011111011000100000101111011111011000101000101111011000101000101111011000101000101000101111011000101000101000101000101111011000101000101111011000101111011
000010111110000010000010111110000010111110111110111110111110000010000010111111111110000010000010111110111110000010111110111110000010111110000010000010000010111110111110111110111110000010111110
000011111101111101000011111101111101111101000011111101000011000011000011111101000011000011111101111101000011111101000011111101111101111101000011111101111101111101000011000011000011111101111101
000011111101111101000011000011111101111101000011000011111101111101111101111101000011000011111101000011000011000011000011000011000011111101000011111101111101000011000011111101000011111101000011
000010000010000010111110000010000010111110111110111110000010111110000010000010000010111110111110111110000010000010111110111110111110000010111110111110111110111110000010000010111110111110111110
000000000000000000000000000000000000000000000000000000000000000000000000000000000000000000000000000000000000000000000000000000000000000000000000000000000000000000000000000000000000000000000000
000101000101111011111011000101000101111011000101000101000101111011111011000101000101000101111011111011111011111011111011000101111011000101111011111011000101000101111011111011111011000100000101
000110111010000110111010111010000110111100000110000110111010000110111010111010000110000110111010000110000110111010000110000110111010111010000110000110111010000110000110000110000110000110000110
000011111101111101111101111101111101000011111101000011111101111101111101111101111101000011000011000010000011111101000011111101111101000011111101000011111101111101000011000011000011000011111101
000110111010111010111010111010000110000110111010111100000110000110111010111010000110111010000110000110000110111010000110111010111010000110000110111010000110111010111010000110111010111010111010
000010000010000010111110111110000010000010000010000010000010000010000010000010000010111110000010000010000010111110000010000010111110111110000010000010111110111110111110111110111110111110000010
000001111111000001111111111111111111000001000001111111000001000001000001000001000001111111000001111111111111111111111111111111111111000001111111111111111111000001000001111111111111000001111111
000011000010111101111101111101111101111101000011111101000011111101000011000011000011000011111101000011000011000011000011000011111101000011000011111101000011111101111101111101111101000011000011
000010111110000010111110000010000010000010111110000010000010111110111110111110000010111110000010000010000010111110000010000010000010111110111110000010000010111110000010000010000010000010111110
001001001001001001001001110111001001110111001001001001110111001001001001001001110111110111110111001001110111001001001001110111001001110111110111001001001001001001001001110111110111001001001001
111001111001111001000111000111000111111001000111000111111001111001111001111001111001000111111001000111111001111001000111111001000111000111111001000111111001111001111001000111111001000111000111
000100111010111010000110000110111010111010000110111010000110000110111010111010000110000110000110111010111010000110000110111010000110000110111010000110000110111010000110000110000110000110000110
111100000100111100000100111100000100111100111100000100000100111100111100000100000100000100111100000100111100111100000100000011000100000100000100000100000100000100111100000100111100111100111100
000101111011111011000101000101111011111011000101000101000101000101000101111011111011111011000101000101111101111011000101111011000101111011111011111011000101000101000101111011000101000101000101
000000000000000000000000000000000000000000000000000000000000000000000000000000000000000000000000000000000001000000000000000000000000000000000000000000000000000000000000000000000000000000000000
111110000010111110111110111110111110111110000010111110000010111110000010000010111110000010000010111110111110111110111110000010111110111110000010111110111110000010000010000010111110000010000010
111110111110111110000010000010000010000010111110000010111110111110000010000010000010111110000010000010000010111110000010000010111110111110000010000010111110111110000010000010111110111111000010
000001000001111111000001000001000001000001111111111111000001111111111111111111111111111111000001000001111111000001000001000001111111000001111111111111000001111111111111111111000001000001111111
000110000110111010111010000110000110111010111010000110000110000110111010111010111010000110000110111010000110111010000110111010000110111010000110111010111010000110111010111010111010111010111010
000010000010111110000010111110000010111110111110111110111110000010000010000010111110000010111110111110111110000010111110111110000010111110000010111110111110111110111110111110111110000010111110
111101111101000011111101000011111101000011111101000011000011111101111101000011000011000011000011111101111101000011000011111101111101000011000011000011111101111101111101111101000011111101000011
000000000000000000000000000000000000000000000000000000000000000000000000000000000000000000000000000000000000000000000000000000000000000000000000000000000000000000000000000000000000000000000000
111010111010000110000110000110000110111010000110111010111010000110000110111010111010111010000110000110111010000110111010111010000110111010000110111010111010111010111010000110111010000110111010
110101110101110101110101001011110101001011110101001011110101110101001011001011001011110101001011001011001011110101001011001011110101110101001011001011001010110101001011001011110101110101110101
000111111001000111000111111001111001000111111001000111111001111001000111000111111001111001111001111001111001000111111001111001111001111001111001111001111001000111111010000111111001000111000111
000001111111000001111111111111000001111111000001111111111111111111000001000001111111111111111111000001111111111111000001111111111111000001000001000001111111111111000001000001111111000001111111
000000000000000000000000000000000000000000000000000001000000000000000000000000000000000000000000000000000000000000000000000000000000000000000000000000000000000000000000000000000000000000000000
111011000101111011111011000101000101111011000101000100111011111011111011000101000101000101111011000101000101111011000101000101000101000101111011111011000101111011000101111011111011000101000101
000000000000000000000000000000000000000000000000000000000000000000000000000000000000000000000000000000000000000000000000000000000000000000000000000000000000000000000000000000000000000000000000
000010000010111110000010000010000010000010111110000010111110111110111110111110000010111110111110111110000010000010000010111110000010000010111110111110111110000010111110111110000010111110000010
111111111111111111000001000001111111000001111111111111111111111111111111111111000001111111000001111111111111000001111111000001000001000001000001111111111111000001111111111111000001111111111111
111011000101111011000101000101111011111101111011000101111011000101000101000101000101000101111011111011000101000101111011000101000101111011111011111011000101000101000101000101000101000101000101
111110000010111110000010000010000010000010000010000010111110000010000010111110000010000010000010000010000010111110000010111110111110000010111110000010000010000010111110111110111110000010111110
111110111110000010111110000010000010111110111110111110111110000010111110000010111110111110111110000010111110111110111110000010000010111110000010000010111110111110111110000010111110111110000010
111000111000001000001000001000111000111001111000111000001000001000111000001000111000111000001000111000001000111000111000111000111000111000111000111000111000111000001000001000001000001000111000
111110111110000010111110111110000010111110111110111110000010000010000010111110000010000010000010000010000010000010000010000010000010000010111110111110111110111110111110111110000010000010000010
111011111011111011000101111011111011111011000101111011111011111011000101111011111011111011111011111011111011000101111011111011000101000101000101111011111011000100000101111011000101000101000101
111110111110111110000010000010111110000010111110111110000010000010111110000010000010000010000010111110000010111110000010111110000010111110111110111110111110000010111110111110000010000010000010
000010111110111110111110000010000010000010111110111110111110111110000010000010111110111110000010000010000010000010111110000010000010000010111110000010000010000010111110000010111110111110000010
111111111111000001111111111111000001000001111111000001000001000001111111000001000001000001000001000001000001000001000001111111111111000001000000000001000001111111111111000001111111000001000001
000010000010111110000010111110000010000010111110111110000010111110111110000010111110000010111110111110111110111110000010111110111110000010000010000010000010000010000010111110111110000010111110
000111111001111001000111000111111001111001111001111001111001111001111001000111111001111001000111000111000111000111111001000111000111000111111001111001111001111001000111111001111001111001111001
000100000100111100111100000100111100111100111100111100000100000100000100000100000100111100111100000100000100000100111100111100111100111100000100111100111100111100000100111100000011111100111100
000010111110111110000010111110000010111110111110111110000010111110000010111110111110111110000010000010000010111110111110000010111110000010111110000010111110000010111110000010000010111110111110
111110111110000010000010000010111110111110000010000010000010111110111110111110000010111110000010111110000010111110000010111110111110111110000010000010111110000010000010111110000010111110000010
111000111000111000111000000111001000001000001000111000001000111000001000111000001000111000111000111000001000001000111000111000111000111000111000001000001000111000111000001000001000111000001000
111001000111111001000111000111111001111001000111111001000111000111000111111001000111000111000111000111111001000111111001111001111001111001000111000111111001111001111001000111111001111001000111
000110111010111010111010000110000110000110000110111010111010000110111010111010000101000110000110111010000110000110000110111010111010000110111010111010111010000110111010000110111010111010000110
111101000011111101111101000011000011000011111101111101000011111101000011000011000011000011111101000011000011111101111101111101111101000011111101000011000011111101000011000011111101000011000011
001001001001001001001001110111001001110111110111110111001001001001001001110111001001001001001001001001110111001001001001001001001001001001001001001001001001001001001001110111001001001001110111
111110000010111110111110111110111110111110111110000010000010000010111110111110000010000010111110000010000010000010000010000010111110111110111110111110111110000010000010000010000010000010111110
111110000010111110000010000010111111111110000010111110000010000010000010000010111110000010111110111110111110000010000010111110000010000010000010000010111110111110000010111110000010000010111110
111111111111000001111111000001111111111111000001111111000001000001000001111111111111111111111111111111111111111111111111000001000001111111000001000001111111000001000001000001000001000001000001
111000001000001000111000111000111000111010111000111000111000001000111000001000001000001000001000111000001000111000001000111000001000001000001000111000111000001000111000001000001000001000111000
000101111011000101000101000101000101000101111011000101000101111011111011000101000101111011111101111011111011000101111011000101111011000101111011111011000101000101111011111011000101000101000101
000001111111000001000001000001111111111111000001000001000001000001000001000001111111000001000001000001111111000001000001000001111111000001000001111111111111111111111111111111000001111111000001
000011000011000011000011111101111101000011111101000011111101000011111101000011000011111101111101000011111101000011111101000011111101000011111101000011111101000011111101000011000011000011111101
111110111110000010111110111110000010111110000010111110000010111110111110111110111110000010111110000010111110000010111110111110111110000010000010111110111110000010000010111110111110000010111110
000100000100000100000100111100111100000100111100111100111100111100000100000100000100000100000100111100000100111100000100000100111100000100111100000100111101000100111100111100000100111100000100
111110000010111110111110111110111110111110000010111110000010000010111110000010000010000010000010111110000010111110000010111110111110111110111110111110000010111110111110000010111110111110111110
111101000011111101111101000011111101000011000011000011111101000011000011111101000011111101111101000011111101111101111101111101000011111101000011111101111101000011000011111101000011111101111101
000001111111111111111111111111000001111111000001111111000001000001111111111111000001000001111111111111000001000001000001000001000001111111111111111111111111000001111111111111000001000001000001
000000000000000000000000000000000000000000000001000000000000000000000000000000000000000000000000000000000000000000000000000000000000000000000000000000000000000000000000000000000000000000000000
111101000011111101000011111101000011111101000011000011000011111101000011111101000011111101000011000011000011111101000011000011000011111101111101111101000011000011111101111101111101000011000011
000101111011111011111011111011000101000101000101000101000101111011111011000101000101111011000101111011111011111011111011000101111101111011000101000101111011111011000101111011111011111011000101
111010111010111010000110000110111010111010111010111010111010000110111010111010111010000110111010000110111010000110000110111010000110000110000110000110111010111011000110000110000110000110000110
111110111110000010111110111110111110111110000010000010000010111110000010111110111110111110000010000010111111111110111110111110000010111110000010111110111110000010111110111110111110111110111110
000001111111111111111111000001000001111111000001000001000001111111111111111111000001111111000001111111000001000001111111111111111111000001111111000001000001111111111111000001111111111111111111
111111111111111111111111000001000001000001111111111111111111111111000001111111111111111111111111000001000001111111000001000001000001111111111111000001000001111111111111000001111111000001000001
000100111100111100111100000100111100111100000100111100111100111100111100111100000100111100111100000100111100000100111100111100000100111101000100111100111100000100000100000100000100000100000100
000010111110000010111110111110111110000010000010111110111110000010000010111110111110111110111110111110000010000010000010000010111110000010000010000010111110111110000011111110000010000010111110
001000111000111000111000001000111000001000001000001000001000001000001000111000111000001000001000111000001000001000111001001000111000001000111000111000111000001000001000111000111000001000001000
000111111001111001111001000111000111111001111001111001111001000110000111000111111001111001111001000111000111000111111001000111000111111001000111111001000111111001000111000111111001000111111001
111110111110000010000010111110000010000010111110111110000010111110111110000010000010111110000010111110000010111110111101111110000010111110111110000010000010000010111110111110000010111110111110
000001000001000001111111111111111111000001111111111111111111111111000001000001111111111111111111111111000001000001111111000001000001111111000001000001111111000001111111000001111111111111111111
000010000010000010111110000010000010000010111110000010000010111110000010000010111110000010000010111110000010111110111110111110000010111110000010000010000010111110111110111110000010000010000010
000100111100000100000100000100000100111100111100000100000100000100111100111100000100000100111100111100111100000100111100000100111100111100000100000100111100111100000100000100111100000100000011
111110111110111110111110111110000010111110111110000010000010000010111110111110111110000010000010000010000010000010000010111110000010111110000010000010000010111110000010000010000010111110000010
000111111001000111000111000111111001000111000111000111111001000111111001000111111001111001000111000111000110000111000111111001111001000111000111000111000111111001111001000111000111111001111001
111110000010111110000010000010000010111110000010111110111110111110000010000010000010111110111110111110111110000010000010111110000010000010111110111110111110000010111110000010000010000010111110
111111000001111111000001111111000001000001000001000001111111111111000001111111111111000001111111111111000001111111111111111111111111111111111111111111000001000001111111111111000001111111111111
111101000011111101000011111101000011111111111101111101111101000011111101000011000011111101000011111101111101111101000011111101000011000011000011000011111101111101000011000011111101111101111101
111100000100111100000100111100111100000100111100000100000100000100111100111100000100111100111100111100000100000100111100000100000100000100000100111100000100111100000100111100000100000100000100
111010000110111010000110111010000110000110111010000110111010111010000110111010111010111010000110111010111010000110000110111010000110000110111010111010111010000110111010111010111010111010111010
000101111011000100000101000101111011000101000101111011000101000101000101111011111011111011111011111011111011000101111011111011111011000101000101111011111011000101111011000101111011000101000101
000010000010000010111110111110111110111110111110111110111110111110111110000010000010000010000010000010111110111110111110111110000010111110111110111110111111000010000010111110111110111110000010
000110000101000110000110000110000110111010000110000110000110000110000110111010111010111010111010000110000110000110111010111010000110111010111010000110000110111010000110000110111010111010000110
000010000010111110111110000010111110000010111110111110000010000010111110111110000010111110111110000010111110111110111110111110000010111110000010111110000010000010000010111110000010000010000010
000110000110111010111010000110111010111010111010111010000110111010111010111010000110000101111010111010111010111010111010111010000110111010111010000110111010000110111010000110000110000110111010
001000001000111000001000001000111000001000001000001000001000111000001000001000111000111000001000001000111000001000111000111000111000111000111000111000111000111000001000001000001000001000001000
000000000000000000000000000000000000000000000000000000000000000000000000000000000000000000000000000000000000000000000000000000000000000000000000000000000000000000000000000000000000000000000000
111111000001111111111111111111111111111111000001000001111111111111000001000001111111111111111111000001000001111111000001000001111111111111000001000001000001111111000001111111000001111111111111
000101000101000101000101000101000101111011000101000101000101000101000101000101000101000101000101111011000101000101111011111011000101111011000100000101000101000101000101000101111011111011111011
000010000010000010000010000010111110000010111110000010111110111110111110111110000010111110111110000010111110000010000010111110111110111110000010000010111110111110111110111110111110000010111110
000000000000000000000000000000000000000000000000000000000000000000000000000000000000000000000000000000000000000000000000000000000000000000000000000000000000000000000000000000000000000000000000
111011111011111101000101000101000101000101000101000101111011111011000101000101111011000101111011111011000101000101000101000101000101000101000101111011111011111011111011111011111011111011111011
111010111010000110111010111010111010000110111010111010000110111010111010000110000101111010000110111010000110111010111010000110111010111010000110000110000110111010111010000110000110000110111010
111110111110111110000010111110000010111110111110000010111110111110111110000010111110000010111110111110000010000010111110111110000010111110111110000010111110000010000010000010111111000010000010
000010111110111110111110000010000010111110000010111110000010000010000010000010000001111110111110000010000010000010111110000010000010000010111110000010111110000010111110000010111110111110111110
000000000000000000000000000000000000000000000000000000000000000000000000000000000000000000000000000000000000000000000000000000000000000000000000000000000000000000000000000000000000000000000000
001011110101001011110101110101001011001011001011001011001011110101001011110101110101110101110101001011001011110101001011110111001011110101001011110101001011110101110101001011001011001011001011
000011111101000011000011111101111101111110000011111101111101111101111101000011111101000011111101111101111101000011000011000011000011111101111101000011000011111101000011000011111101111101111101
111000001000001000001000111000111000111000001000001000111000111000001000111000001000111000111000001000001000001000111001111000001000001000111000111000111000111000111000111000111000111000111000
111001111001111001111011111001111001000111111001000111000111000111111001000111111001111001111001111001000111111001111001000111000111000111000111111001111001111001111001000111111001111001000111
111101000011000011000011000011000011000011000011000011000011111101111101000011000011000011111101111101111101000011111101000011111101000011000011000011000011000011111101111101111101111101000011
111100111100000100000100111100111100000100111101111100000100000100000100111100111100000100111100000100000100111100000100111100111100000100111100111100000100111100000100000100000100000100111100
111001111001111001111001111001000111000111111001111001111001111001000111000111000111111001111001111001000111000111000111000111111001000111111001111001111001111001111001111001000111000111111001
111011000101111011000101000101111011111011111011111011111011000101000101000101111011111011111011111011000101000101000101000101111011111011111011000101000100000101111011000101111011000101000101
000010000010111110111110000010111110111110000010000010111110111110111111000010111110111110000010000010111110111110111110000010000010000010000010111110111110000010000010111110000010000010111110
111111000001111111111111000001000001000001111111111111111111000001000001111111000001000001111111111111111111111111000001000001111111111111111111000001111111111111111111000001111111000001000001
111011000101000100111011111011111011111011000101000101000101000101111011000101000101111011000101000101111011000101000101000101000101111011111011111011000101111011111011000101111011111011111011
111011000101111011000101111011000101111011000101111011000101111011000101000101111011111011000101000101000101000101000101000101111011000101111011000101111011111011000101000101000101000101000101
000111000111000111111001000111111001000111111001111001111001000111111001000111000111000111111001000111111001111001111001000111111001111001111001111001000111000111111001000111000111000110111001
111111111111111111111111000001000001111111111111000001111111000001111111000001000001111111111111111111111111111111111111111111000001000001000001111111000001111111111111111111111111000001000001
111110000010000010000010111110111110111110111110111110111110111110000010111110000010000010111110111110000010000010111110000010111111000010111110111110111110111110111110111110111110000010000010
111110000010000010000010000010000010111110111110000010111110111110111110111110111110000010111110111110000010000010000010000010000010111110111110000010000010000010111110000010111110111110111110
111100111100111100000100000100111100000100000100000100000100111100000100000100111100111100111100111100111100111100111100000100000100000100000100000100000100111100111100111101000100111100000100
111100000100000011111100111100000100111100111100111100111100111100000100000100000100000100111100111100000100111100111100111100111100111100000100111100111100111100111100000100000100111100000100
111010000110000110111010000110000110111010000110111010000110111010111010000110111010000110000101000110000110111010111010111010000110111010111010111010000110000110111010000110000110111010111010
000010111110000010000010111110000010000010111110000010000010111110111110111110000010111110000010111110000010000010111110000010000010000010111110000010000010111110000010000010000010111110000010
111101111101000011000011111101000011111101111101111101111101111101111101000011000011111101111101000011000011000011111101111101111101111101111101000011111101111101000011000011111101111101000011
111100000110000110000110000110000110111010111010000110000110000110111010111010111010111010111010111010111010000110000110111010111010111010000110000110000110000110111010000110111010111010000110
001010110110001010001010110110110110001010001010110110110110001010110110001010110110110110111000110110001010001010001010001010110110110110001010110110001010110110001010110110110110110110110110
111110111110111110111110111110111110111110000010000010111110111110111110000010111110111110111110000010000010000010000010111110111110000010000010000010000010111110000010000010111110111110000010
000011000011111101111101111101000011000011111101000011111101111101000011000011000011000011111101000011000011111101000011111101000011000011000011111101000011000011000011111101000011000011111101
000010111110111110000010000010000010111110111110111110000010000010000010111110000010000010000010000010111110111110000010111110000010000010000010000010111110111110111110000010000010000010000010
111110000010000010000010000010000010111110111110000010111110111110000010000010000010111110000010111110111110111110000010111110111110000010111110111110111110111110111110111110111110111110111110
000011111101000011000011111101111101000011111101000011111101000011111101000011000011111101111101000011111101000011111110000011111101000011000011111101000011000011000011111101111101000011000011
000001111111000001000001111111000001000001111111000001000001111111111111000001000001111111000001111111111111000001111111111111111111111111000001111111111111111111111111000001000001111111111111
111100000100111100000100000100111100111100000100000100000100111100000100000100111100111100111100111100000100000100000100111100111100111100111100111100000100111100000100000100111100000100000100
111111000001111111000001111111000001111111000001111111000001000001000001111111111111000001111111000001111111000001000001111111000001111111000001000001111111111111000001000001000001000001111111
111100111100111101111100000100111100111100111100000100111100000100000100000100111100111100000100111100000100111100111100000100111100111100111100111100111100000100000100111100111100000100000100
111000111000001000111000111000111000111010111000111000001000111000111000001000111000001000111000001000111000111000111000001000001000001000001000111000111000001000001000111000001000111000111000
111011000101111011000101000101000101000101111011111011111011111011111011000101000101000100111011111011000101000101000101000101111011000101000101000101111011111011000101111011111011111011111011
111011000101111011000101111011111011111011000101000101000101111011000101111011111011111011111011111011111100000101000101111011111011000101111011000101000101111011000101000101000101111011111011
111110111110000010000010111110000010000010111110111110000010000010000010000010000010111110000010000010000010000010000010000010000010111110111110111110000010000010111110111110111110000010000010
111110000010000010000010111110111110111110000010111110000010000010000010111110111110000010111110000010111110111110111110111110000010111110111110111110000010111110111110000010111110000010000010
111101000011111101000011111101000011000011000011000011000011111101111101111101111101000011000011111101111101000011000011000011000011000011000011000011111101000011000011000011111101111101000011
000010111110000010000010111110000010111110111110111110000010000010000010111110111110000010000010111110111110000010000010111110111110000010111110000010111110000010000010111110111110111110000010
000111000111000111000111000111000111111001111001111001000111111001000111111001111001000111111001111001111001000111111001111001111001000111111001111001111001111001000111000111111001111001000111
000010111110111110000010111110000010000010000010111110111110111110000010111110111110000010000010111110000010111110111110000010111110111110111110111110000010111110000010111110000010111110000010
111100111100111100111100000100111100111100111100111100000100000100111101111100111100111100000100000100111100111100111100000100111100000100000100000100000100111100111100000100111100000100111100
111001111001111001000111000111111001111001111001111001111001111001111001111001000111111001111001000111111001111001111001000111000111111001111001111001111001000111000111000111111001000111111001
111111111111111111111111111111111111000001000001000001000001000001000001000001111111000001111111111111000001111111111111000001000001111111111111111111111111000001000001111111111111111111000001
000010111110111110000010000010000010111110000010111110000010000010111111000010000010111110111110000010000010000010000010000010000010111110111110111110111110000010111110000010111110000010111110
111001000111000111111001111001000111000111111001111001000111111001000111000111000111111001111001000111111001000111111001000111111010111001000111000111000111111001111001000111000111111001111001
000100111100111100000100111100000100111100111100111100111100000011000100111100111100000100111100111100111100000100000100000100000100000100111100111100111100000100000100000100111100000100000100
000000000000000000000000000000000000000000000000000000000000000000000000000000000000000000000000000000000000000000000000000000000000000000000000000000000000000000000000000000000000000000000000
000110111000001000001000001000111000111000001000111000001000001000111000001000001000111000001000001000111000001000111000001000111000111000001000001000111000111000111000111000001000111000111000
111000111000001000111000111000001000001000001000001000001000111001001000001000001000001000111000111000111000111000001000111000001000111000111000111000001000001000001000001000001000001000111000
111010000110000110111010000110000110000110111010000110000110000110111010000110000110111010000110111010111010000110111010000110111010000101000110111010000110000110111010111010111010111010000110
000100000100000100111100111100111100000100000100111100111100111100111100111100111100000100000100000100111100000100000100000100000100000100000100000100000100111100111100000100111100000011111100
000010111110000010111110000010111110000010111110000010111110111110000010111110111110000010000010000010000010000010111110111110000010000010000010000010111110000010000010000010000010000010111110
000101000101111011111011111011000100111011000101111011000101111011000101000101111011111011111011000101111011000101000101111011000101111011000101111011000101000101000101111011000101000101000101
000010111110111110111110111110111110000010111110000010000010111110000010111110111110111110111110000010000010111110000010000010111110000010111110000010000010111110000010111110111110000010111110
111010000110111010111010111010111010000110000110111010000110111010000110000110000110111010000110000110000110000110111010000110000110111010000110111010111010000110111100111010111010000110111010
000101111011000101111011111011000101111011111011111011111011000101000101000101000101000101000101000101000101000101000101111011000101111011111011111011111011000101111011000101000101000101111011
000110111010111010111010000100000110000110111010111010111010111010000110000110111010111010111010111010000110000110000110111010000110000110111010111010111010111010000110111010111010111010111010
000010000010000010111110000010000010111110000010111110000010000010111110000010111110000010111110000010111110111110000010000010111110111110111110111110000010000010111110000010111110111110111110
111110111110000010000010111110111110000010000010111110000010000010000010111111000010000010000010111110000010111110000010111110111110111110000010111110000010000010000010111110111110111110111110
000010000010111110111110000010111110111110111110111110111110111110111110111110000010111110000010111110000010000010000010000010000010000010111110111110000010000010000010111110111110000010000010
111101000011000011111101111101111101111101111101000011000011111101000011111101111101111101111101111101000011111101000011000011000011111101000011111101000011000011111101000011000011111110111101
111010000110000110111010111010111011000110111010111010000110000110000110000110111010000110111010111010000110111010000110000110111010000110000110000110111010000110111010000110000110111010000110
110111110111110111001001110111110111111010001001001001110111001001110111001001110111001001001001001001110111110111110111001001110111001001001001110111001001001001001001001001001001001001001001
000110000110000110000110111010111010000110111010000110111010111010111010000110000110111010111010111010000110111010000110000110000110000110000110111100000110000110111010000110000110000110000110
000110111010000110111010000110000110111011000110000110111010000110111010111010111010000110000110000110000110111010111010000110000110000110000110000110000110111010000110000110000110000110000110
000100111100000100000100000100000100111100000100000100111100000100111100111100000100111100000100000100111100000100111100111101111100111100000100000100111100000100000100000100111100111100000100
111101000011111101111101000011111101000011000011111101000011111101111101111101111101111101111101111101111101111101111101000011111101000011000011000011111101000011111101111101111101111101111101
000010111110000010000010111110111110000010111110111110111110111110111110000010111110000010111110111110111110000010111110111110111110000010000010000010111110111110000010111110000010000010000010
000001000001111111000001111111000001000001000001111111111111111111000001000001111111000001000001111111111111000001111111111111111111000001000001111111000001000001111111111111111111111111000001
000111000111111001000111000111000111111001000111000111000111000111000111000111111001111001111001111001111011000111111001111001111001111001111001111001000111111001000111000111000111111001111001
001001110111110111110111110111001001110111001001001001001001001001110111110111001001110111110111001001110111001001110111110111110111110111001001001001001001110111001001110111110111001001110111
111011111011111011111011111011111011111011111011000100000101111011111011000101000101000101111011111011111011111011111011000101111011000101000101111011000101000101111011111011111011111011111011
111001000111111001000111000111111001111001000111000111111001111001000111111001000111000111111001111001000111000111111001000111111001000111111001111001000111111001111001000111111001111001111010
000001000001000010111111111111000001000001000001000001000001000001000001000001000001111111111111111111000001111111000001111111000001000001000001000001111111000001111111000001000001111111000001
111110111110111110000010111110111110000010111110111110111110111110000010000010111110000010000010111110000010111110111110000010111110111110111110000010000010000010000010000010000010000010000010
111010000110111010111010111010111010000110000110000110000110000110111010111100111010000110111010000110111010111010111010111010000110111010000110111010000110000110111010111010000110111010000110
111001000111000111111001000111111001111001000111111001000111000111111001000111000111000111000111000111111001111001111001000111111001111001111001000111111001000111111001000111000111111001111001
111001111001000110111001000111111001111001111001000111111001111001000111000111111001111001111001111001000111000111000111111001000111000111111001111001000111111001111001111001111001000111111001
000100000100000100000100000100000100111100000100111100000100111100111100000100111100111100111100000100111100111100111100000100111100000100000100111100000100111100000100000100111100000100000100
111111111111000001000001000001111111000001000001111111111111000001000001111111000001111111000001111111000001000001111111000001111111111111111111111111000001000001111111111111000001111111000001
000100111100000100000100000100111100111100000100000100000100000100000100111100111100000011000100111100111100111100000100111100000100111100111100000100000100000100000100111100111100111100000100
111011111011000101000101000101000101000101000101111011000101111011000101000101111011000101111011000101000101111011111011000101111011000101111011111011111011111101000101000101000101111011000101
111100111100111100000100111101111100111100111100000100111100000100111100000100000100111100111100000100111100111100111100111100000100000100000100000100000100111100111100000100000100111100000100
111101111101000011000011111101000011000011111101111101000011111101111101111101000011111101000011111101000011000011111101000011111101111101111101111101000011111101111101000011000011000011111101
000011000011000011000011000011000011111101000011111101000011111101000011111101000011111101000011111101111101000011000010111101000011111101111101111101000011000011111101111101000011111101000011
111010000110111010111010111010000110111010111010000110000110111010000110000110111010111010000110000110000110111010111010111010111010111100111010111010000110111010111010111010000110000110111010
000111111001000111111001111001111001111001111001000111111010111001111001000111111001000111111001111001000111000111111001000111111001000111000111111001000111111001111001111001000111111001111001
111110111110000010000010111110111110111110111110000010111110111110000010000010000010111110111110111110111110111110111110111110111110000010000010111110111110000010111110111110000010000010000010
000010111110000010111110000010000010000010111110111110000010000010000010111110000010111110111110000010000010111110111110000010111110111110111110111110111110000010000010111110111110000010000010
000010111110000010111110111110000010000010000010111110000010000010000010000010111110000010000010000010111110000010000010111110111110111110000010000010111110000010000010000010111110000010111110
111010000110111010111010000110000110000110000110000101000110000110111010111010111010000110000110111010000110000110000110000110111010000110000110111010111010000110000110000110111010111010000110
000010111110000010111110111110111110111110000010111110111110000010000010111110111110000010111110000010000010111110111110000010000010111110000010000010000010111110111110000010111110111110111110
111110111110000010111110000010000010111110111110111110000010000010000010000010000010111110111110111110111110111110000010000010111110000010000010000010000010000010000010111110000010000010111110
000110111010111010000110111010111010111100000110000110000110111010111010000110000110000110000110111010111010000110000110000110000110000110111010000110111010000110111010000110000110111010111010
000011111101111101000011000011000011000011000011111101000011000011111101111101111101111101111101000011111101000011000011000011000011000011000011000011111101111101111101000011111101111101000011
000000000000000000000000000000000000000000000000000000000000000000000000000000000000000000000000000000000000000000000000000000000000000000000001000000000000000000000000000000000000000000000000
000100000100000100111100000100000100111100000100111100111100111100000100000100111100000100000100111100000100111100000100111100000100000100000100000100111100111100000100111100111100000100111100
000110000110111010000110000110000110000110000110111010000110111010000110111010000110000110111010000110000110000110111010111010000110111010111010000110000110000110000110111010111010111010000110
001010001010001010001010001010110110110110110110001010001010001010110110110110001010001010110110001010001010001010110110110110001010001010001010001010001001110110110110110110110110001010001010
111100000100000100000100000100000100000100111100111100000100111100111101000100000100000100000100000100000100000100111100111100000100111100000100111100111100000100000100111100111100111100111100
111110000010111110000010111110000010111110000010111110111110000010111110000010111110111110000010111110111110111110000010111110111110111110111110000010111111111110111110000010111110000010000010
000000000000000000000000000000000000000000000000000000000000000000000000000000000000000000000000000000000000000000000000000000000000000000000000000000000000000000000000000000000000000000000000
111101111101111101000011000011000011000011000011000011111101000011000011000011111101000011000011000011111101000011111101111101000011000011111101000011000011000011111101000011000011111101111101
111011000101000101111011111011111011111011111011111011000101000101111011000101111011111011111011111011000101111011000101111011000101000101111011111011111011111011000101000100111011000101111011
110111000111001001110111001001001001001001110111001001001001001001110111001001110111001001001001001001110111001001110111001001001001001001110111001001001001110111001001110111110111001001110111
111110000010111110000010111110000010000010111110111110000010111110111110111110111110111110000010000010111110000010111110000010111110111110111110000010000010111110000010111110111110111110111110
111100000011111100000100111100000100000100000100111100111100111100111100111100000100111100111100000100000100111100111100111100111100000100000100000100111100000100111100111100000100111100000100
111001111001000111111001111001000111111001111001000111111001000101111001111001111001000111111001111001000111111001000111111001111001111001111001000111000111111001111001111001000111111001111001
000010111110000010000010000010111110000010111110111110000010111110111110111110111110111110000010111110000010111110000010111110000010000010000010000010000010111110111110111110000010000010111110
111011111011111011000101111011000101000101111011000101000101000101000101111011000101000101000101111011000101000101000101111100000101000101000101111011000101111011000101000101111011111011000101
111110000010000010111110111110000010111110111110000010000010111110000010000010111110111110000010111110000010111110000010111110111110111110000010000010000010000010000010000010000010000010111110
000000000000000000000000000000000000000000000000000000000000000000000000000000000000000000000000000000000000000000000000000000000000000000000000000000111111000000000000000000000000000000000000
000100111100111100111100111100111100111100111100111100000100111100111100111100111100000100000100000100000100111100000100111100111100111100000100000100111100111100111100000100000100111100000100
000001111111111111000001111111111111000001000001000001000001000001000001111111111111000001111111111111111111111111111111111111111111111111111111111111111111111111111111111111000001000001000001
111010111010111010111100111010111010111010111010111010111010111010111010111010000110000110000110111010000110111010111010000110111010111010000110000110000110111010111010111010000110000110111010
000010111110000010111110111110000010000010111110000010111110000010111110111110111110111110000010000010000010111110111110111110000010000010111110111110000010000010111110000010000010111110000010
111111000001000001000001111111111111111111000001000001000001000001000001000001111111111111111111000001000001111111111111000001111111111111000001111111111111000001111111111111000001000001111111
000011000011111101000011111101111101111101111101111101000011000011000011111101000011111101111101111101000011000011000011000011000011111101000011000011111101111101000011000011111101111101111101
000010111110111110111110111110111110000010111110000010111110000010111110111110111110111110111110111110111110000010111110111110111110111110000010111110111110000010000010111110000010111110000010
000111000111111001000111111001000111111010000111000111000111111001111001111001000111111001000111000111000111000111111001000111000111000111111001111001000111111001000111111001111001111001000111
000101111101111011000101000101000101000101000101000101111011000101000101000101000101111011000101111011000101000101111011111011000101000101111011111011111011111011000101111011111011000101111011
000010000010000010111110111110111110000010111110000010000010111110000010000010111110111110000010000010000010000010000010000010111110000010111110111110000010111110111110111110000010111110000010
111100000100111100111100000100111100000100000100111100000100111100111100111100111100000100000100000100111100000100000100000100111100000100000100111100111100111100111100000100111100000100000100
000000000000000000000000000000000000000000000000000000000000000000000000000000000000000000000000000000000000000000000000000000000000000000000000000000000000000000000000000000000000000000000000
000011000100111100000100000100000100111100000100000100000100000100111100111100000100000100111100000100000100000100111100111100000100000100111100000100111100111100000100000100000100111100111100
000110000110000110111100000110000110000110111010000110000110111010111010111010111010000110111010000110000110000110000110000110111010111010111010000110111010000110000110000110111010111010111010
111110000010000010111110000010111110000010000010111110000010000010111110111101000010000010000010111110000010111110000010000010111110111110000010000010000010000010000010111110000010000010111110
000110000110111010000110111010000110111010111010000110111011111010000110111010111010000110111010111010111010000110111010000110000110111010000110000110111010000110111010000110111010111010111010
111110111110111110111110000010000010111110000010111110111110000010111110111110000010111110111110000010000010000010000010000010000010111110111110111110111110000010111110111110000010111110000010
000000000000000000000000000000000000000000000000000000000000000000000000000000000000000000000000000000000000000000000000000000000000000000000000000000000000000000000000000000000000000000000000
000010000010000010000010000010000010111111111110000010000010000010111110111110000010000010111110111110000010000010111110111110000010000010000010000010000010111110000010111110000010000010000010
000110000110111010111010000110111010111010111010000110111010000110111100000110000110000110000110000110000110000110000110111010111010111010111010000110111010111010111010000110000110000110000110
000110111010000110000110000110000110111010111010000110111010000110000110000110000110111010111010111010111010000110111010000110000110000110111010000110111010000110000110000110000110111010000110
111001111001111001000111000111111001000111111001111001111001000111111001111001000111000111111001000111111001111001111001111001000111000111111001000111111010111001111001111001111001111001111001
000000000000000000000000000000000000000000000000000000000000000000000000000000000000000000000000000000000000000000000000000000000000000000000000000000000000000000000000000000000000000000000000
111100000100111100000100000100000100111100000100111100111100000100111100111100111100000100111100111100111100111100000100000100000100000100111100111101000100111100000100000100111100000100000100
111101000011111101111101111101000011111101000011000011111101111101000011111101000011000011111101000011111101111101000011111101000011000011000011000011111101000011111101111101111101000011000011
000010000010000010111110111110000010000010111110111110111110000010111110000010111110111110000010111110111110000010111110111110111110111110111110111110111110000010111110111110000010111110000010
111110000010111110000010111110000010111110111110000010000010111110111110000010111110111110000010111110111110000010111110111110111110111110000010000010111110000010000010000010111110000010111110
111011111011111101111011111011111011111011000101000101000101111011000101111011000101000101000101111011000101111011111011000101111011111011111011111011000101000101000101111011111011111011111011
000110000110111010000110000110000110000110111010000110111010000110000110111010111010111010111010111010000110000110111010111010111010111010000101111010111010111010111010111010111010111010111010
111110000010111110000010000010000010000010111110111110000010111110111110000010111110111110111110000010111110000010000010000010111110111110111110111110111110111110111110000010111110000010000010
000010111110000010000010111110111110000010111110000010111110111110111110000010111110111110111110000010111110111110000010000010000010000010111110000010111110000010000010111110000010000010111110
111101111101000011111101000011111101000011111101000011000011111101000011000011111101111101000011000011111101000011000011000011000011000011000011111101111101000011111101111110111101111101111101
111100000011111100111100000100000100111100000100111100000100000100000100000100000100000100000100111100000100111100111100000100111100111100111100111100000100000100000100000100111100000100111100
001001110111001001110111110111001001110111110111110111110111001001110111110111110111001001001001001001110111001001001001110111110111110111001001001000110111001001001001110111001001001001001001
111110000010111110000010111110111110111110000010000010000010000010111110000010000010111110111110000010111110111110000010000010000010000010111110000010000010000010111110111110111110111110111110
000111111001111001000111000111111001111001000111111001000111000111111001000111000111000111000111000111000111111001111001111001000111000111000111111001000111000111111001000111000111000111111001
000101111011000101111011000101000101111101111011000101111011000101111011111011000101111011111011111011000101111011111011111011000101000101111011000101111011000101000101000101111011000101000101
001000111000001000111000001000111000001000001000111000111000001000001000001000001000001000111000001000111000001000001000111000111000111000111000111000111000111000001000001000111000111000001000
111101000011111101000011111101000011000011111101000011111101111101111101111101000011000011000011000011111101111101000011111101000011111101000011111101111101000011111101000011000011000011111101
111000111000001000111000111000111000111001111000111000111000001000001000111000001000111000001000111000001000111000111000111000001000111000001000111000111000001000111000001000111000001000001000
000101000101111011000101000101000101111011000101111011111011111011000101111011000101111011111011111011000101000101111011000101111011000101111011000101000101000101111011000101000101111100000101
000010000010000010000010111110000010111110111110111110111110111110111110111110000010111110111110111110111110111110111110000010000010000010111110111110000010111110000010000010111110111110111110
111000111000111000001000111000001000001000001000001000001000001000111000001000001000001000001000001000111000001000001000001000000110001000001000001000111000001000001000001000111000001000001000
000100111110111100111100000100000100000100111100111100000100111100000100000100111100000100000100000100111100000100000100111100000100111100111100000100111100111100111100000100000100111100111100
000011000011000011111101000011111101000011111101111101111101111101000011111101111101000011000011000011111101111101000011111101000011111101111101111101000011111101000011000011111101000011000011
000001000001111111111111000001111111000001111111111111111111000001000001111111111111111111000001111111000001111111000001111111111111000001111111111111000001111111111111000001111111000001000001
111011111011111011111011000101000101111011000101000101000101000101000101000101000101111011111011000101000101000101000101000101000101000101000101111011000101000101111011000101000101111011000101
000100000100000100000100000100111100111100000100111100000100000100111100111100111100000100000100111100111100000100111100111100000100000100000100111100000100000100111101111100000100111100000100
110101110101001011001011001011110101110101001011001011110101110101110101001011001011001011110101110101110101110101001011001011110101110101001011001011001011110101001011110101110101001010001011
111111111111111111000000000001111111111111000001111111000001111111000001111111111111000001111111000001000001111111111111111111111111111111111111000001111111111111000001000001111111111111111111
000101000101000101000101000101111011000101000101111011111011111011000101111101111011111011000101111011000101000101000101000101111011000101111011000101000101000101000101111011111011111011111011
111110111110111110111110000010000010111110000010111110111110000010111110111110111110111110111110111110000010000010000010111110000010000010000010111110111111111110000010111110000010111110111110
000111000111000111000111111001000111000111111001000111000111111001000111000111111001111001000111000111000111111001000111111001000111000111111001111001000110000111000111111001000111111001111001
111111000001111111111111000001111111000001111111111111111111111111000001111111111111000001000001111111111111111111000001000001111111000001000000000001111111000001111111111111000001000001000001
111011000101000101111011111011111011111011000101111011111011111011000101000101111011111011000101000101111011111011111011111011111011111011000100000101111011111011111011000101000101111011000101
111110000010000010000010111110111110000010111110111110000010000010000010000010000010000010111110111110111110000010111110000010111110000010111110111110111110000010111110111110111110111110111110
111101000011000011000011000011000011111101111101000011111101111101000011000011111101111101000011000011111101000011111101000011000011111101000011000011000011000011111101000011000011111101000011
111011000101000101111011000101111011111011000101111011111011000101000101111011111011000101000101111011111011000101000101111011000101000101111011111011111101111011111011111011000101000101111011
110111001001110111110111001001110111110111110111001001110111001001001001110111110111001001001001110111001001001001110111001001110111110111001001001001110111001001110111001001110111001001001001
000100111100000100111100111100000100000100111100000100111100000100111101000100111100000100111100111100000100000100000100111100000100111100000100000100000100000100000100111100111100000100111100
000100000011000100000100111100000100000100111100111100111100111100111100000100111100111100000100111100000100111100111100111100000100000100111100111100111100111100111100111100111100000100111100
000000000000000000000000000000000000000000000000000000000000000000000000000000000000000000000000000000000000000000000000000000000000000000000000000000000000000000000000000000000000000000000000
000010111110000010000010000010000010111110000010000010111110000001111110000010111110111110111110000010111110111110111110111110111110000010111110000010111110111110111110111110111110000010000010
000100000100111100111100111100111100000100000100000100111100000100000100000100111100111100000100000100111100000100111100111100000100000100000100111110000100000100111100000100111100000100111100
111011000101111011000101111011111011111011111011111011000101000101111011000101000101000101000101000101111011000101000101000101111011000101111011111011000101000101111100111011000101000101000101
000010111110111110111110000010111110000010111110000010000010111110111110111110111110111110111110111110000010000010000010000010111110000010111110000010000010111110000010111110000010000010000010
111010000110000110000110000110111010111010111010111010000110000110000110111010111010000110000110111010000110111010000110111010000110000110000110000110000110111010111010111010000110000110111010
111101111101111101111101111101111101111101000011111101000011000011000011000011000011111101000011000011111101111101000011000011111101111101000011111101000011000011000011000011111101111101000011
111100000101111011111011000101111011111011111011000101111011000101111011111011111011111011000101000101000101111011000101111011000101111011111011000101000101000101111011111011111011111011111011
111001000111000111000111000110000111000111000111000111000111111001000111111001000111000111000111000111111001000111111001000111111001111001111001111001000111111001111001111001000111111001111001
111100000100000100111100000100111100111100111100000100000100000100000100000100000100000100111100111100000100000011111100111100111100111100111100111100000100111100000100111100000100000100111100
000011000011000011000011000010000011111101111101111101111101111101111101111101000011000011000011000011000011000011000011000011111101111101000011111101000011111101111101111101000011111101000011
111111000010111110000010000010000010111110111110111110000010000010000010111110111110111110111110111110000010111110000010111110111110000010111110000010111110000010111110000010000010000010000010
111110000010000010000010000010000010111110111110000010000010111110000010000010000010000010000010000010111110111110000010111110000010000010000010000010000010000010111110111110111110000010000010
111011000101111011111011111011000101111011111011000101000101111011111011000101000101000101111011111011000101000101111011111011111011111011111011000101111011000101000101111011000101000100111011
000000000000000000000000000000000000000000000000000000000000000000000000000000000000000000000000000000000000000000000000000000000000000000000000000000000000000000000000000000000000000000000000
000011111101000011111101000011111101000011111101111101111101000011111101000011111101000011111101000011111101111101000011000011111101111101000011111101000011111101000011111101111101111101000011
000110000110000110111010111010000110111010000110111010111010111010000110000110000110111010111010111010111010111010111010000110111010000110111010000110111010111010111010111010000110000110000101
000100000100111100111100000100000100111100000100000100111100000100000100000100000100000100000100111100000100111100111100000011000100111100111100000100111100111100000100000100111100000100000100
000100000100111100111100111100000100000100111100111100111100111100111100111100111100000100111100000100111100111100000011000100000100111100111100111100000100111100000100000100000100111100000100
111110111110000010111110111110111110111110000010111110111110000010111110000010000010111110000000000010111110000010111110111110000010000010111110111110111110111110111110111110000010000010111110
000011000011000011111101111101000011111101000011000011111101111101000011111101111101111101000011111101111101000011111101111101000011111101000011111101111101000011000011111101111101000011111101
111110000010000010000010111110000010111110000010000010000010111110111110111110111110111110111110111110111110000010111110111110000010111110000010111110000010000010111110111110111110000010000010
111011000101000101000101111011000101000101111011000101000101111011000101000101000101111011000100111011000101000101111011000101000101111011111011111011000101000101111011000101000101111011000101
000100111100000100111100000100000011111100111100000100111100000100111100111100000100111100000100111100111100000100000100111100111100000100000100000100000100000100111100000100000100111100000100
111100111101111100000100111100111100111100000100000100000100111100000100000100111100000100000100000100111100111100000100111100111100000100000100111100111100111100111100000100000100000100000100
000101111011111011000101111011000101111101000101111011000101111011000101111011000101000101111011000101000101000101111011000101111011000101000101000101000101000101111011111011111011111011000101
000101111011111011111011111011111011000101000101000101000101111011000101111011111011000101000101111011000100000101111011000101111011000101000101000101000101111011000101111011000101111011000101
000010111110000010000010111110000010000010111110111110000010111110000010111110000010000010111110000010111110111110000010000010000010000010000010000010000010111110111110111110111110000010111110
111110000010000010111110000010111110000010000010000010111110000010111110111110000010000010000010000010000010000010111110000010000010111110000010111110000010000010111110111110111110000010000010
000010111110000010000010111110000010111110000010111110111110111110000010111110000010000010000010111110111110111110111110000010111110000010000010000010111110000010111110111110111110111110111110
000001000001111111000001111111111111000001111111111111111111111111000001000001111111000001000001000001000001111111111111111111000001000001000001111111000001111111000001111111000001111111111111
110111001001001001001001001001110111001001110111001001110111110111001001001001110111001001001001001001110111001001001001110111001001110111001001110111001001111000110111001001001001110111110111
000100111100000100000100000100000100111100000100111100111100000100000100111100000100111100000100111100111100000100000100111100111101000100111100111100111100000100111100111100111100000100000100
000000000000000000000000000000000000000000000000000000000000000000000000000000000000000000000000000000000000000000000000000000000000000000000000000000000000000000000000000000000000000000000000
000010111110000010000010000010111110111110000010000010000010000010000010000010111110111110000010000010111110111110000010000010000010000010111110111110111110111110000010000010000010111110000010
000100000100111100111100000011000100111100111100000100000100000100000100111100000100000100111100111100111100000100111100111100000100000100000100000100111100111100000100111100000100000100111100
111101000011000011111101000011111101111101111101111101111111111101111101111101111101000011111101000011111101000011000011000011000011111101000011111101111101000011000011111101111101000011000011
110110110110110110110110110110110110001010110110110110001010001010001010001010110110001010110110001010110110001010001010001010001010001010001010001010001000001010110110110110110110001010001010
001001001001001001110111110111001001001001110111110111110111001001001001001001111000110111001001001001110111110111110111110111001001110111110111110111110111001001001001001001110111110111110111
111100000100111100111100000100000100000100111100000100111100111100111100000100111100000100111100000100000100000100000100000100111100111100111100111100000100111100000100111100000100111100000100
000000000000000000000000000000000000000000000000000000000000000000000000000000000000000000000000000000000000000000000000000000000000000000000000000000000000000000000000000000000000000000000000
000101000100111011111011000101111011111011000101000101000101111011111011000101111011111011111011000101000101111011000101000101111011111011000101000101000101111011111011111011000101000101111011
000011000100000100000100000100111100111100111100111100000100111100111100111100111100111100111100111100111100111100111100000100000100111100000100000100000100000100000100111100111100111100000100
111110000010111110111110000010000010111110111110111110111110111110000010111110000010000010000010111110111110111110000010111110111110111110000010000010111110000010111110111110000010111110111110
000000000000000000000000000000000000000000000000000000000000000000000000000000000000000000000000000000000000000000000000000000000000000000000000000001000000000000000000000000000000000000000000
111010000110111010111010111010000110111011111010111010000110111010000110000110111010111010111010111010111010111010111010111010000110000110000110000110000110111010000110111010000110000110000110
111010000110000110111010111010111010111010000110000110111010000110111010111010111010111010111010000110111100111010000110000110000110000110000110000110000110000110111010000110111010111010000110
111111000001111111000001000001000001000001111111000001111111000001000001111111000001111111111111111111000001111111000001111111000001000001111111000001111111111111111111111111111111000001000001
111110000010111110111110111110000010000010111110111110000010111110111110000010000010000010000010000010000010111110111110000010111110000010000010111110111110000010111110111110000010000010111110
111001111001111001000111000111000111000111000111111001111001111001111001000111000111000111000111000111111001111001000111000111111001111001000111111001111001111001000111111001000111111001000111
000110000110111010000110000110111010000110111010111010000110000110111010111010000110111010111010111010111010111010000110111010000110111010111010000110111010000110000110111010111010111010000110
000100000100111100111100000100111100111100000100111100111100111100000100111100111100000100000100111100111100111100000100000100111100000100111100111100111100111100000011000100000100111100000100
111110111110111110000010000010111110111110111110000010000010000010000010111110000010111110000010111110111110111110000010000010111110111110000010111110000010000010111110111110111110111110000010
000010000010000010111110111110111110000010111110111110111110111110000010000010111110111110111110111110111110000010111110000010111110000010000010000010000010000010000010000010111110000010111110
111110000010111110000010111110000010111110111110000010111110111110000010111110111110000010111110000010111110111110111110000010111110000010000010111110000010111110000010000010000010000010000010
111010111010111010000110000110000110111010000110000110000110111010111010000110000110000110000110111010111010111010000110000110111010000110111010111011111010111010000110000110000110000110000110
000101000101111011111011000101111011000101111011111011000101000101111100111011111011111011000101111011000101000101000101000101111011111011000101000101111011111011111011111011111011000101111011
111100111100000100111100000100000100111100111100000100000100111100000100111100111100111100111100000100000100111100000100000100111100111100111100111100111100000100111110111100111100000100111100
111011000101111011000101000101111011111011111011000101111011111011111011111011111011111011111011111011111011111011000101111011000100000101111011000101111011000101000101111011111011111011111011
111011111011111011111011111011111011111011111011000101000100111011000101111011000101111011111011000101000101111011000101111011111011000101000101111011000101111011000101000101000101000101111011
110110001010001010001010110110110110001010110110001010110110001010001010001001110110110110110110001010110110001010110110110110001010001010110110001010110110110110001010110110001010001010110110
000011111101000011111101000011000011111101111101000011000011000011000011000011000011111101111101111101000011111101111101111101000011111101111101111101111101111101000011111101111101000011111101
111110111110000010111110111110111110000010000010111110111110000010111110111110000010000010111110111110000010000010111110111110111110111110111110000010111110111110000010111110000010111110000010
000010111110111110000010111110000010111110000010111110000010000010111110111110111110000010000010111110000010000010000010111110111110111110111110111110000010000010111110111110111111111110000010
000100000100111100000100111100000100111100000100111100000100111100111100111100111100111100111100111100111100111100000100000100000100111100111100000100111100111100111100111100111100111100111100
111110111110111110000010000010000010000010111110111110000010000010000010000010111110000010111110111110000010111110111110000010000010000010000010111110000010111110111110000010111110000010000010
000110111010111010111010111010111010000110000110111010111010000110000110000110111010000110000110000110000110000110111010111010111010111010111010111010111010111010000110111010111010111010111010
111100111100111100000100000011000100111100111100111100111100111100111100111100000100111100111100111100111100111100111100000100111100000100111100111100111100111100000100000100111100000100000100
111100000100000100000100111100000100000100111100000100111100000100000100111100111100111100000011111100000100000100111100111100111100000100111100111100000100000100111100000100000100111100111100
000010000010111110000010111110111110111110111110111110111110000010000010000010000010111110111110000010111111000010000010000010000010111110000010000010000010111110000010000010111110111110000010
001101001101110011110011001101001101110011001101110011110011110011001101110011110011001101001101110011001101001101110011001101001101110011110011001101110011110011001101001101001101110011110011
000110000110000110111010000110111010000110000110111010000110000110111010111010000110111010111010000110000110000110000110111010000110000101000110111010111010000110111010000110111010111010111010
000010000010111110111110000010000010000010111110111110111110111110111110000010000010111110111110000010000010000010000010000010000010000010111110000010111110000010000010111110111110000010111110
111010111010111010000110111010111010111010111010111010111010000110000110000110000110000110111010111010111010111010111010111010111100111010111010111010000110111010000110111010111010000110000110
110111001001001001001001110111110111001001110111001001001001111010001001001001110111110111001001001001110111110111110111110111001001110111001001001001110111110111001001001001001001110111110111
111100111100000100000100000100111100111100111100111100000100000100111100111100000100000100111100000100000100111100111100111100000100000100111100111100111100000100000100111100111100000100111100
001001001001110111001001001001001001111000001001110111001001110111001001110111001001110111110111110111110111001001001001110111110111110111110111110111001001110111110111001001110111110111001001
000101111011000101000101111011000101000101111011111011000101000101111011111011111011111011000101111011111011111011000101111011000101111011000101111011000101000101111011111011000100000101000101
111100111100000100000100000100111100111100000100000100000100111100111100000100000100111100111100111100000100111100111100000100000100000100000100111100111100000100000100111100111100111100000100
000111000111111010000111000111000111000111000111111001111001111001111001111001000111000111111001111001111001000111000111000111000111111001111001111001111001000111111001111001111001000111000111
111101000011111101111101111101111101111101000011000011000011111101000011111101000011111101111101000010111101111101111101111101111101111101000011111101111101111101000011111101111101111101000011
000010111110111110111110000010000010000010111110000010000010000010000010111110000010111110000010000010111110111110111110111110000010000010000010111110000010000010000010000010111110111110111110
000000000000000000000000000000000000000000000000000000000000000000000000000000000000000000000000000000000000000000000000000000000000000000000000000000000000000000000000000000000000000000000000
000101111011111011111011111011000101111101000101111011000101000101000101000101111011000101111011000101000101000101000101111011000101000101000101000101111011000101111011000101111011000101000101
000010000010111110111110000010111110000010111110111110000010000010000010111110111110111110000010111110000010000010000010111110111110000010111110111110000010111110000010111110111110000010000010
111111000001000001000001000001000001000001111111111111000001000001000001000001111111000001000001111111111111111111000001000001000001111111111111000001000001000001000001000001000001000001111111
111110111100111100111100111100000100111100000100111100000100111100000100111100000100111100111100111100111100000100000100000100000100000100111100000100000100000100111100000100000100111100000100
000101000101111011111011111011111011000101111011111011111011000101000101000101111101000101111011000101000101111011000101111011111011111011111011000101111011000101111011111011111011111011111011
000110111010111010000110000110111010111010000110111010111010000110111010000110000110111010111010111010000110000110000110111010000110000110111100111010111010111010000110000110000110111010000110
000000000000000000000000000000000000000000000000000000000000000000000000000000000000000000000000000000000000000000000000000000000000000000000000000000000000000000000000000000000000000000000000
000011000011111101000011111101000011111101000011111101111101000011000011111101000011000011111101000011000011111101111101000011000011000011000011000011111110111101111101000011111101000011111101
000100000100000100111100111100111100111100111100111100000100000100111100111100111100111100111100000100111100000100111100000100000100111100000100111100000100111100111100000100000100111100000011
001000111000111000001000001000001000111000001000001000111000111000111000111000111000001000111000001000001000111000111000111000111000111000111000111000001000111000111010001000001000001000001000
000110000110000110000110000110111010000101111010111010000110111010111010111010111010000110000110000110000110000110111010111010111010000110000110111010111010000110000110000110000110111010111010
000011111101111101000011000011111101000011000011000011111101111101111101111101000011111101111101000011000011000011111110111101111101000011111101000011111101000011000011111101000011000011111101
000010000010111110000010111110000010000010111110000010000010000010111110111110111110000010000010000010111110111110000010111110111110111110000010111110111110000010000010111110111110111110000010
000110000110111010000110000110111010111010111010000110000110000110000110000110111010000110000110000110000110111010111010111010000101111010000110111010000110000110000110111010111010111010111010
000101000101111011000101111011000101111011000101000101111011111011111011111011000101000101111011000101000101000101000101111011000101111011111011000101111011000101000100111011111011000101000101
000011111101111101111101111101000011000011000011111101000011111101000011111101111101111101111101000011111101000011111101111101000011111101000011111101111101111101111101111101111101111101111101
000111111011000111111001111001111001000111111001111001000111111001111001000111000111111001111001111001111001111001000111111001111001000111000111111001111001111001000111000111000111000111000111
000010000010111110000010111110000010111110111110111110111110111110111110111110000010111111111110000010111110111110000010000010000010000010000010000010000010000010000010000010000010111110000010
000101000101111011000101111011111011000101111011000101111011000101000101000101000101111011111011000101111011000101000101111011111011111011111011111011000101111011111011111011000101000100000101
000001000001000001111111000001111111111111111111000001000001000001111111111111000001000001111111000001000001111111111111111111111111111111111111111111111111111111000001000001000001000001000001
000110000110000110000110111010111010000110000110000110000110111010111010000110000110000110000110000110000110111010111010000110000110000110111010000110111011111010000110111010111010000110111010
000010000010000010000010000010000010111110111110000010111110111110000010000010111110111110111110000010111110000010000010000010111110000010111110111110111110000010000010111110111110000010000010
000001111111111111111111000001111111111111000001111111111111000001111111000001000001111111111111000001111111000001000001000001000001111111111111111111000001111111111111111111111111111111111111
000101000101111011000101111011000101000101111011111011111011000101000101111011000101111011111011111011000101111011000100111011111011111011111011111011000101111011111011111011000101111011111011
001010001010110110110110001010110110110110110110001010110110001010110110001010110110110110110111110110001010001010110110001010001010110110001010110110110110110110110110110110001010110110110110
111101111101000011111101111101111101000011000011111101000011111101111101000011111101111101111101000011000011111101000011000011111101000011111101111101000011111101111101000011000011000011111101
001001110111110111110111110111001001110111001001001001001001110111001001001001001001110111110111001001110111110111001001111000001001110111001001110111110111110111110111001001001001110111110111
111011000100111011000101111011111011111011000101111011111011000101000101000101111011000101000101111011000101111011111011000101000101111011111011111011000101000101111011111011000101111011111011
000111111001111001000111000111000111000111000111111001111001000111000111111001000111000111000111111001111001000111000110111001000111111001111001000111111001111001000111111001000111000111111001
000011111101111101000011111101111101000011111101000011000011111101000011111101111101111101111101000011000011000011111101000011111101000011111101111101111101000011111101111101111101000011000011
111011111011000101000101000101000101000101111011111011111011111011111011000101000101111011000101000101111011111011111011000101111011111011000101111011111011111011111011000101000101000101111011
111010111010111010000110111010111010111010000110000110000110000110111010000110111010000110111010000110000110111010111010111010000110000110111010000110000101111010111010000110111010111010111010
000101111011111011000101111011000101111011111011111011111011000101111011111011111011000101000101000101000101111011000101000101000101000101000101000101000101000101000101000101000101111011000100
000010111110111110111110111110111110111110111110111110000010111110111110111110000010000010000010111110111110111110000010000010111110000010111110000010111110111110111110111110111110000010111110
000010111110111110111110111110000010111110000010000010111110000010000010111110111110000010111110111110000010000010000010000010111110111110000010000010111110111110000010000010000010111110111110
111101000011000011000011111101000011111101000011000011000011000011111101000011000011000011111101111101000011000011000011000011000011000011000011111101000011000011000011000011000011111101000011
111111000001111111000001111111111111000001000001111111000001111111111111111111000001111111111111111111000001000001111111000001000001111111000001111111000001000001000001000001000001000001000001
111001111001111001111001000111000111000111000111111001000111111001111001000111000111111001000111111001111001111001000111000111111001000111000111000111111001000111111001111001111001111001111001
110111110111001001001001001001001001110111001001110111000111110111001001001001001001001001110111110111001001001001110111001001110111110111110111110111001001001001110111001001110111110111110111
001010001010001010001010110110110111110110110110001010001010001010001010001010001010110110001010110110001010110110110110110110110110110110001010110110110110110110110110110110001010001010001010
111110000010000010111110000010111110111110000010111110111110000010111110000010000010111110000010000010000010111110000010000010111110000010000010111110111110000010000010000010111110000010111110
111100111100111100111100111100000100000100111110111100000100111100000100111100000100000100111100000100000100111100111100000100111100000100000100000100000100000100000100111100111100111100000100
111010000110000110000110111010000110111010111010000110111010111010111010111010111010000110000110111010000110000110000110000110111010000110111011111010111010111010111010111010111010111010111010
000101111011000101111011111011000101000101111011111011000101111011111011000101111011111011000101111011111011111011111011111011111011000101000101000101000101000101000101111011000101000101000101
000010111110000010000010111110111110111110000010111110111110000010000010111110000010000010111110111110000010111110000010111110111110111110111110111110000010111110111110111110111110000010111110
000100000100111100000100000100000100000100111100111100000100000100111100111100000100111100111100000100000100111110000100111100111100000100111100111100111100111100000100000100111100111100000100
000000000000000000000000000000000000000000000000000000000000000000000000000000000000000000000000000000000000000000000000000000000000000001000000000000000000000000000000000000000000000000000000
000000000000000000000000000000000000000000000000000000000000000000000000000000000000000000000000000000000000000000000000000000000000000000000000000000000000000000000000000000000000000000000000
111011000101111011111011111011111011111011111011111011000101111011111011111011111011111011111011000101111011000101111011000101111011000101111101111011111011111011111011000101111011111011000101
111110000010111110111110111110111110000010111110111110000010111110000010111110000010111110111110000010111110000010000010111110000010111110111110000010000010000010111110111110111110000010000010
111100111100111101000100000100000100000100111100000100111100111100000100111100000100111100000100111100000100000100111100111100111100111100000100111100111100111100000100111100111100111100111100
111001000111111001111001111001111001000111111001000111111001111001111001000111000111000111111001000111111001000111111001111001111001111001000111111001111001111001000111111001000111000111111001
111110000010000010000010111110000010000010000010111110000010000010111110111110000010111110000010000010000010111110000010111110000010000010000010111110000010111110111110000010000010111110000010
000000000000000000000000000000000000000000000000000000000000000000000000000000000000000000000000000000000000000000000000000000000000000000000000000000000000000000000000000000000000000000000000
000001000001000001111111111111111111000001111111000001111111111111000001111111111111111111000001000001000001000001111111000001111111000001111111111111111111000001111111111111111111111111000001
000110000101111010111010111010000110111010000110111010111010111010000110000110000110111010111010111010000110000110000110111010111010111010000110111010000110111010111010000110000110000110000110
000010000010111110111110111110000010000010111110000010111110111110111110000010111110111110111110111110000010000010000010000010000010111110111110000010111110111110000010111110000010111110111110
000001111111111111111111000001000001111111111111111111111111111111000001111111111111000001000001111111111111000001111111000001111111000001111111111111111111000001000001111111111111111111000001
000010000010111110111110000010111110111110000010000010111110000010111110111110000010000010000010000010000010000010000010000010111110000010111110000010000010000010111110000010111110000010111110
111100000100111100000100000100111100000100000100000100000100000100111101111100000100111100111100000100111100111100111100000100000100000100000100000100111100000100000100111100111100111100000100
111110111110000010111110000010111110111110111110000010000010000010000010111110000010000010111110111110000010000010111110111110111110000010111110000010000010111110111110000010111110111110111110
111110000010111110111110000010000010000010111110111110111110000010000010000010000010111110000010111110111110111110111110000010111110000010111110000010000010000010000010111110000010000010000010
000011111101000011111101000011000011111101111101111101111101111101000011111101111101111101000011000011111101000011111101111101111101000011000011111101111101000011111101000011111101000011000011
111100000100111100111100111100000100000100111100111100111100000100111100000011111100000100111100000100111100111100000100000100000100000100000100000100111100111100000100000100111100111100000100
000110000111000111000111111001000111000111111001111001111001000111000111111001111001000111111001000111000111000111000111111001111001111001111001000111111001111001000111111001111001000111111001
111010000110111010000110000110111010111010000110000110000110111010111010000110000110111010000110000110000110111010111010111100000110000110111010000110000110000110111010111010111010111010111010
111101000011000011000011111101000011111101111101111101111101000011000011111101111110111101111101111101111101000011000011000011000011111101111101111101000011111101111101000011000011000011111101
111110000010111110111110111110000010111110111110111110000010111111111110111110000010000010000010111110111110111110000010000010111110111110000010000010000010111110111110111110111110111110000010
111100111100111100111100000100111100000100111100000100111100111100111100111100111100000100000100000100000011111100000100000100000100000100111100111100111100000100111100000100111100111100000100
000010000010111110111110000010000010111110111110000010111110000010000010000010111110000010111110111110000010000010111110000010000010000010111110000010111110111110111110111110000010000010000010
111100111100000100111100111101000100111100000100000100000100000100111100000100111100000100111100111100111100000100000100000100000100111100111100111100111100111100111100000100000100000100000100
000010111110000010000010000010111110111110111110111110111110111110000010000010111110000010000010000010000010000010111110000010000010000010111110000010000010111110000010000010000010111111000010
111001000111000111000111111001111001111001000111000111111001111001000111000111111001000111111001000111111001000111111001000111111001000111000111000111000111000111111001000111111001111001000111
000101000101111011111011000101000101111011000101000101111011111011111011111011111011111011111011000101111011000101000101111011000101000101111011000101111011000100111011000101111011111011111011
111100000100111100000100111100000100111100111100000100000100111100000100111100111100111100111100111100000100111100111100000100000100000100111100000100111100000011111100000100111100000100111100
111000111000111000111000001000001000111000111000001000111000001000111000111000111000111000111000111000000110111000111000111000001000001000001000001000111000111000001000001000111000111000001000
001001001001001001001001001001110111110111001001001001110111110111110111001001110111001001001001110111110111001001111001001001001001110111001001110111001001001001110111110111001001001001110111
111110000010111110111110000010111110000010111110111110000010111110111110111110111110000010000010111110111110000010111110000010111110111110111110000010111110000010111110000010111110000010111110
111110000010000010111110000010111110000010111110000010000010111110111110111110111110111110111110000010111110111110000010000010111110111110000010111110000010000010000010111110111110111110000010
000111111001000111111001000111111001111001000111000111111001000111000111111001111001111001000111000111000111111001111001111001111001111001111001000111111001111001000111000111000111111001111001
111101111100000100000100000100111100000100000100000100111100111100000100000100000100111100111100111100111100111100000100000100000100111100000100000100000100111100111100111100111100000100111100
111001111001111001111001111001111001000111111001000111000111111001000111000111111001111001111001000111111001000111111010000111000111000111000111000111000111000111111001000111111001000111111001
000101111011000101111011111011000101000101111011111011111011000101111011000101111011000101000101111011111011111011000101111011111011000101000101000101000101000101000101111011000101000101000100
111011111011111011111011000101000101111011000101111011000101000101111011000101000101000101000101000101000101111011000101111011000101111011000101111011000101000100111011000101000101111011111011
000010000010111110000010111110111110000010000010111110000010111110000010111110111110111110111110000010111110000010000010000010111110111110000010111110000010000010000010000010111110000010000010
111111111111000001000001000001111111111111000001000001000001111111111111111111111111000001111111000001111111111111000001111111000001111111111111000001000001111111111111000001111111111111000001
000010111110000010000010111110000010000010111110111110000010000010000010000010000010000010000010000010111110111110000010000010111110000010000010000010111110111110111110000010111110000010111110
000011000011000011111101111101000011111101000011000011000011000011111101000011111101000011000011000011111101111101111101000011111101000011000011111101111101111101111101111101000011111101111101
000011111101000011000011111101000011111101000011000011000011111101111101000011000011111101000011111101000011111101000011000011111101111101111101000011111101000011000011111101000011000011111101
000011111101111101111101000011111101111101000011000011111101000011000011000011000011000011111101111101000011000011111101000011000011000011111101111101000011000011000011000011000011000011111101
111100111100000100000011111100111100000100111100111100000100111100000100000100000100111100000100111100111100000100111100000100000100111100111100000100000100000100000100111100000100111100111100
000010000010000010111110111110111110111110000010000010111110111110000010111110111110000010111110000010000010111110111110000010000010000010000010111110000010111110111110000010000010111110111110
111011000101111011111011000101111011111011111011000101000101000101111011000101111011000101000101111011000101111011111011111100000101000101000101111011000101000101000101000101000101111011000101
000101111011111011000101111011111011111011111011111011000101000101000101111011000101000101000101111011000101000101111011000101111011000101111011111011111101000101111011111011000101111011111011
111010000110111010111010000110111010111010000110111010000110000110000110000110111010000110111010111010000110111010111100111010111010111010111010111010000110111010111010000110111010111010000110
000100000100111100000100111100111100111100000100111100111100000100000100000100111100000100111100111100000100111100111100111100000100111100111100111100000100000100111100000100111100111100000100
111100111100000100000100000100000100111100111100000100000100111100111100111100000100111100000100000100111100000100000100111100000100000100000100000100000100000100000100111100111100000100000100
111010000110111010111010111010111010000110111010111010000110111010111010000110000110111010111011111010000110000110111010111010111010000110111010000110111010000110000110000110111010000110000110
111101000011000011111101111101111101000011111101111101000011000011000011000011111101000011111101111101111101000011000011000011000011000011111101111101111101000011000011111101111101111101000011
000011000011111101000011000011000011111101000011000011000011000011111101000011000011111101000011000011000011111101111101000011000011111101111101111101111101111101000011000011111101111101111101
000111111001000111111001111001111001111001111001111001111001000111000111111001111001000111111001000111000111000111000111000111000111111001000111111011000111111001000111111001000111111001000111
000011000011000011111101000011000011000011000011111101000011000011000011000011111101111101111101111101111101111101111101000011111101000011111101111101000011000011111101111101000011000011000010
000010000010111110111110111110000010111110000010111110000010111110111110000010000010111110000010000010000010000010111110111110000010000010111110000010000010111110111110000010000010000010111110
000110000110000101111010000110000110111010000110000110000110111010111010000110000110000110000110111010000110000110111010000110111010000110111010111010000110000110000110000110111010111010111010
000001000001000001111111000001111111111111111111000001000001000001000001000001111111111111000001111111000001111111000001111111000001000001000001111111000001000001111111111111111111000001111111
