10111101110000010001101001001110011110001110100
10111101110000001111111000000000011110011000100
10111101110000011110101111011010010010101100111
10111101110000010100100111111110100111000011111
10111101110000001011011001111000010001101000100
10111101110000001010100110111100011101101001110
10111101110000000001010011110110101000011101011
10111101110000001111111001101010111000101110011
10111101110000010101001101010011010100000011111
10111101110000001111110000110110101111111000011
10111101110000010000101000011011111110001001101
10111101110000011111011010100010011000001101100
10111101110000000010101000110010110101011110011
10111101110000001100101001010100010101101101000
10111101110000000010000010010000100110011111100
10111101110000001000110010011100101110110111110
10111101110000001101011011010111110100100010101
10111101110000000101110101010011010001100100010
10111101110000010000110000011110010010111111111
10111101110000001101111001110010011000111010000
10111101110000001111110111100010010010110111000
10111101110000001000001110010110101010110100010
10111101110000011011101101001100101011110100001
10111101110000001001111110101000111110100010101
10111101110000000011010000001100011000011010000
10111101110000001001001111101101111010101011101
10111101110000000101111110000101011110110000111
10111101110000001010000001001100100101000001100
10111101110000000101001111100001000001000010011
10111101110000000110001010010010001000011110001
10111101110000001110010111011101010011110011000
10111101110000001101110001110000000011001001110
10111101110000010111111010000001110001001011100
10111101110000001001110011110000011101110111100
10111101110000010011010010011000001011001011001
10111101110000011011000010110111101111011111110
10111101110000000001011000111110100111001100000
10111101110000010101110010100111011100111100111
10111101110000011001111111110100011111011000010
10111101110000000011100111010001000110010001000
10111101110000011111110011101101010110011010111
10111101110000010100110101010011000100111110100
10111101110000010010001111111010000011010111000
10111101110000010011110111110010010101010000100
10111101110000010001000110011011011101111011010
10111101110000010110100001100110010010111000010
10111101110000010010001011101100101000100011100
10111101110000010011001100001101111110100110101
10111101110000011101100010111000110001000011000
10111101110000011010101011110010111101100000011
10111101110000011001101110011100000101001100011
10111101110000010100101101001101101100110111111
10111101110000010000010100000111101001010011110
10111101110000010000110011001011101001101001000
10111101110000011100111111111011101100110000001
10111101110000010100011011111010000001000110010
10111101110000011000001010111101111101101000011
10111101110000010101110110001011101110011011110
10111101110000011110101101110001011010011110011
10111101110000000011101100000101001011010001011
10111101110000010011001011001110011011011011111
10111101110000001010100110011101001111111101000
10111101110000010011001111100011001010001110111
10111101110000011011000010111111000101111001001
10111101110000001000001010110110000100100111011
10111101110000000011110100111011101100110011001
10111101110000011011110010000011011101001000110
10111101110000011001100111000110101010100100000
10111101110000011010100001110100010010100000010
10111101110000000101010110011110011001110000101
10111101110000001011001010100010111000100101010
10111101110000000111101001100011010010100001010
10111101110000000001010100111011101100111011000
10111101110000010110010100110000010000000101011
10111101110000001011010111001110110110001100101
10111101110000001000010011001001000110010100000
10111101110000001001101100011101101111001010011
10111101110000010000000000101001001010111000001
10111101110000011011110100001000111011000100101
10111101110000011100101111110101101000011011011
10111101110000001011000101111100110110001111111
10111101110000001011111101101111101001011100010
10111101110000000101100001010001000110110001001
10111101110000000111000011010010100000000011110
10111101110000000100100011101111111111000000111
10111101110000000010001000100000010011100110111
10111101110000000011010011011110101010000100111
10111101110000010001110000110011110111011101001
10111101110000000100110111011111111001011001011
10111101110000011010110010010100001001111110010
10111101110000010011000000010011110111000010000
10111101110000011001000011111001110000100010100
10111101110000010010100010100011100101010101100
10111101110000000111001110001010101000110110101
10111101110000000001111010101000110000011001101
10111101110000001011001011101111010000110001001
10111101110000010001111001001110111001000101001
10111101110000001001110010111101100001011011011
10111101110000011110100011101111011111111110110
10111101110000001000000111001101111100000111110
10111101110000001011001011110100011011110010110
10111101110000000101001011100000000110110111111
10111101110000001100000001011110101011100101110
10111101110000010111110110011000010101001100111
10111101110000001000110000001000100010011111010
10111101110000011110010101011001010101010101110
10111101110000000100101010000101010001100110010
10111101110000011110010000111110101101010100101
10111101110000001000001011011110101000001001000
10111101110000001001011101101001000010100110100
10111101110000010000101011001100111110000100111
10111101110000000010100000000101001110011001101
10111101110000001010101110101011101110001100011
10111101110000010000111110011010000100110010001
10111101110000000011000001000101011011110011111
10111101110000000100001110100011000010100100000
10111101110000010001101110001010110001011001000
10111101110000000001110000100001101110011001011
10111101110000010001001000001001010010100111111
10111101110000001011100110011111000010001101001
10111101110000010001011111100110110101000110011
10111101110000010001100001110001110110101011010
10111101110000011001001101100101011101100011011
10111101110000011100010000110000110110110101000
10111101110000000010001001001001011101000111000
10111101110000010111100111001100010100110011011
10111101110000000000100111000111111010111011101
10111101110000010111011101010011111001111001100
10111101110000001011101000111000011011000101110
10111101110000010101000011011011011111110011011
10111101110000001010100001011010001011110011000
10111101110000001010010111001000110111101010111
10111101110000001010110100100010011011000100000
10111101110000010111011011100000010001100101011
10111101110000011100000000011111000010000110001
10111101110000011111101111100001110010011011001
10111101110000011001010011001001000010101110111
10111101110000011001000010001100000010010101110
10111101110000011011011110110011010000000011111
10111101110000010100101111010000010001000110000
10111101110000001000001100110001101100111010100
10111101110000011111101111111110110010111111000
10111101110000011111010100001001011000110000010
10111101110000001101010011100000100110011101000
10111101110000000011111100110100111111100000000
10111101110000000100010010011010100100111001110
10111101110000000010100100010100110010010111011
10111101110000010001101011111001110111010101000
10111101110000001111001110010011001110000101010
10111101110000010100111110100001101010101001111
10111101110000010110001000010100011110011011000
10111101110000001110001100101001110011000000000
10111101110000000000010111010000100111100001001
10111101110000001111111110011100010101111100001
10111101110000000110010011100101101001001011110
10111101110000000000110000111000111101000000110
10111101110000001011000001110000111100011101011
10111101110000011001001100010011000111100110110
10111101110000001001110001101100001100010001011
10111101110000001100001111011011011110001001000
10111101110000001010101010110011111101010011111
10111101110000011101010001011101000100001101110
10111101110000000001100101011000000011101000011
10111101110000001110000000101100110101000000011
10111101110000001111100100000100111110011101000
10111101110000000011011110110000000111111000101
10111101110000001100100000111100100000100001101
10111101110000001101101010010111100010001101100
10111101110000001001001001110101001000100100010
10111101110000000110100000011001110000010011001
10111101110000001111100111000000011000111101001
10111101110000010110011001010000111100101010000
10111101110000000000001100010001111001111011001
10111101110000011000110100111101101011101110110
10111101110000010011100011101111001011110001111
10111101110000001111100100111010001001000000000
10111101110000010110010101011001010101101110011
10111101110000010110110110011010010000100001100
10111101110000001011001110110000111000001011011
10111101110000010101010100011010100101001100001
10111101110000000001000101110010100100000110011
10111101110000000100000010010101000111100110100
10111101110000001011110000011100111101110010000
10111101110000001010001110100000011001011011100
10111101110000000110110011111011111110001100011
10111101110000001110001011100101000010001001011
10111101110000001010111110000110011111110111001
10111101110000010110100011100110011001010110001
10111101110000011111100010100100010001000011001
10111101110000010010111000100110100100001010101
10111101110000000001000011000011000101111001010
10111101110000000011000000001001000110000111010
10111101110000000000011111110100100110000110001
10111101110000010011101011011001111110000101010
10111101110000001100110010111001010100111001100
10111101110000010010100001100100011111000111011
10111101110000001100101110010100011001001010100
10111101110000010111001011011011010100110000100
10111101110000000100111110111100001010001111110
10111101110000001101110111011010010101101100001
10111101110000011100011000000111011111111001010
10111101110000001010101011011000001100001000001
10111101110000011000101010110001011010101110111
10111101110000010000010110100001101101011010010
10111101110000001000011010111011110110100100010
10111101110000010100100001111111111010000101110
10111101110000010001110000110000111011000010000
10111101110000011101101011010101001100001101000
10111101110000000110011011101110101000101110000
10111101110000011001000000001010111111001110011
10111101110000001100000110100000101110101101100
10111101110000001100010011110100101101110101101
10111101110000000010001101010111000101101111111
10111101110000011110010100011000101111101101111
10111101110000010101101101000111100111111011111
10111101110000010111101101001011010000110111001
10111101110000001001011010000000000101110100000
10111101110000010110010000010100010001110010111
10111101110000011010111000110110010001101100001
10111101110000011011101111110000010000001011100
10111101110000010000101111001001010000111010010
10111101110000000000000110011100000101101100000
10111101110000001011001100101100110101001001000
10111101110000000011000000000111010100001010010
10111101110000000010010000110110100100011111111
10111101110000001000011111000101000010101100101
10111101110000001101001011011111000100010101100
10111101110000000101000100110000111011001000010
10111101110000011111101010010001000101101011011
10111101110000000111011001101010110100001100101
10111101110000010111001111100110001010011110001
10111101110000000111111010110101100101000011101
10111101110000000010000101011001000011111001101
10111101110000000110110010001010110100001001110
10111101110000011111101010101010011010001100101
10111101110000001000100110110011100000001000110
10111101110000010100000100010100110101101000100
10111101110000011001111011000111111110011011000
10111101110000010101110011101001100100000110011
10111101110000010100111011110111011000110111010
10111101110000001001111111000110111101100111001
10111101110000010100001001100101100110111001000
10111101110000000101100011111000001101111110110
10111101110000010010001110011110011111010101100
10111101110000010011111011000001011111110001001
10111101110000001011000011010101011000000111111
