00011001001110101110010110110001100001110001011
00101001010001110000000111111111100001100111011
00010000110101000001010000100101101101010011000
00101001101111101011011000000001011000111100000
00110001100100010100100110000111101110010111011
00110001100001110101011001000011100010010110001
00110001101001011110101100001001010111100010100
00101001010111110000000110010101000111010001100
00101001010111101010110010101100101011111100000
00011001101111010000001111001001010000000111100
00001000111101001111010111100100000001110110010
00011001000001100000100101011101100111110010011
00011000110101111101010111001101001010100001100
00010001010110110011010110101011101010010010111
00011001001010111101111101101111011001100000011
00011000111000010111001101100011010001001000001
00101001010010010010100100101000001011011101010
00011001101100011010001010101100101110011011101
00000001101111001111001111100001101101000000000
00110001100000110010000110001101100111000101111
00101001101011110000001000011101101101001000111
00000000110000110111110001101001010101001011101
00110001100000000100010010110011010100001011110
00110001101001010110000001010111000001011101010
00010001101100111100101111110011100111100101111
00000000011011110110110000010010000101010100010
00010000111100011010000001111010100001001111000
00000001100010101010100001001100100101000001100
00110001100110011010110000011110111110111101100
00101001100011011001110101101101110111100001110
00101001100001110001101000100010101100001100111
00010000110001010010001110001111111100110110001
00011000111001001000000101111110001110110100011
00101001101110010110001100001111100010001000011
00100001101110101100101101100111110100110100110
00011001010111000100111101001000010000100000001
00101001101000111110100111000001011000110011111
00110001110011001010001101011000100011000011000
00010001001101000110000000001011100000100111101
00101001101110111100011000101110111001101110111
00101001101110000000001100010010101001100101000
00100001010011001011001010101100111011000001011
00011001010100101101110000000101111100101000111
00101001010001101100001000001101101010101111011
00100001000000101110111001100100100010000100101
00101001100001101001011110011001101101000111101
00101001010011101101110100010011010111011100011
00011001001101001100110011110010000001011001010
00101001110010000010011101000111001110111100111
00110001100010100101010100001101000010011111100
00010000111111000110010001100011111010110011100
00100001000001001011010010110010010011001000000
00000001101000001111101011111000010110101100001
00100001000100001111001100110100010110010110111
00110001100001100011000000000100010011001111110
00010001010001101011100100000101111110111001101
00011001000100100111110101000010000010010111100
00100001100111101010001001110100010001100100001
00011000110000100001010010001110100101100001100
00011001001110011100010011111010110100101110100
00011001000000001100110100110001100100100100000
00101001101010010101011001100010110000000010111
00001000111000101100110000011100110101110001000
00110001100011000100111101000000111010000110110
00100001100101110111110101001001111011011000100
00100001101011111100001011000100010011001100110
00100001100100000100001101111100100010110111001
00010001011001100110011000111001010101011011111
00110001100111000101011110001011101101011111101
00100001100100111010101001100001100110001111010
00110001100000110100110101011101000111011010101
00011000110001011000010110011100101101011110101
00000000111100100001010100111011101100110011000
00001001001101101001101011001111101111111010100
00101001100000110100101000110001001001110011010
00101001100100110111101100110110111001101011111
00101001100011010110010011100010010000110101100
00100001001011101111111111010110110101000111110
00101001100000100100001011110111000100111011010
00101001010100000011010000001010010111100100100
00011001101001010100111010000011001001110000000
00110001100001010100000010010000010110100011101
00101001010010011010011110101110111001001110110
00011001010111111000111100101101011111111100001
00100001011111011011011100010000000000111111000
00101001011101011101110111011111101100011001000
00010001010010011100101100100001010101111011000
00110001100010101110001111001100001000100010110
00100001101110011011001000100000000110100110100
00101001101010100101001101101011110110000001101
00011001001100101100111111101100001000111101111
00011000110010000110111100000110001111011101011
00100001011000101101011101011100011010101010011
00011001011110111000110001110101010111001001010
00011001000010011110000101010111001111100110010
00001000110110110100110100010000101111001110110
00011001000010001110000110110001000110111010110
00110001100000110110001101000010011110100100100
00011001100101000001011100010000100000000001001
00101001011101110111111000110010000011111000001
00100001100111110100110100001011100100001101001
00110001101101011010110100011111111001001000000
00010001000011010011111110100001010100011010001
00110001111000101000001001100111101010110011000
00011001101000010111001111110111011101100000101
00101001100100000001101010100110101010101010001
00110001100001111011010101111010101110011001101
00100001101111100001101111000001010010101011010
00110001100011110111110100100001010111110110111
00010001010111010110100010010110111101011001011
00100001010010001111010100110011000001111011000
00110001100000011101011111111010110001100110010
00011001001010110101010001010100010001110011100
00000001101010101111000001100101111011001101110
00011000110001111100111110111010100100001100000
00100001101000111011110001011100111101011011111
00100001100011101110010001110101001110100110111
00101001100001111110001111011110010001100110100
00011001101110001110110111110110101101011000000
00011001101011110100011001100000111101110010110
00001000111001101110100000011001001010111001100
00001000100110001110011110001110001001010100101
00101001101001100110110010011010100010011100100
00101001101001000011101111001111001001001010111
00101001100000011101110110110110100010111000111
00000001001111101000011000110011101011001100100
00101001010100111111011000111000000101000100010
00010001001000101000100010101100000110000110011
00100001011111110100010111000111100100111010001
00101001100110001010111100100100100000001100100
00011001010011010101011110100101110100001100111
00101001010110110101101000110111001000010101000
00011000111010110101001011011101100100111011111
00100001000000101000100100011111101110011010100
00100001100110100011111111100000111101111001110
00011001100000100000010000011110001101100100110
00011001001100100110101100110110111101010001000
00101001010100000110111101110011111101101010001
00001000010100100100100001001100101111111100000
00101001100001001011010000101111101110111001111
00101001100011110111110011001110010011000101011
00100001000111000000010000000001001101000000111
00101001100010000000101011110110100111001111101
00101001100101010010101100011111011001100010111
00011001100111111100000011001011000000011111111
00101001010011111011101101100101011011000110001
00100001011100011101011011101011001101101000100
00101001100110101110010100000110001000101010111
00100001100001010000110001101100110001111010101
00000001001010001011000001011110010101010110000
00011000110011001001110111101011100001100100111
00011000110011110001110011010110001100111111111
00101001100001011111101000101111011000011110110
00000000101010010000000001100011101010000011110
00100001000011111001101100011010010110110100001
00011000110010111111001111000111000010111111001
00100001101100110100111110001111000011100010100
00101001100101100110110011101100111000011001001
00101001100111010110001110010011110011101110100
00011001100001010011110000100100100001110110111
00010000110111010101010101001100000010101100000
00011001001111000010101110100010111011110010001
00011001010101011110011010100111111100010111100
00101001101010110001111111010011001010111111100
00101001100011110000011011111011000001100010111
00100001001000011100100001001111111000000111010
00101001100110110011011111000011011111011110010
00101001010111110010010101101000011101110010011
00101001100010110110110110001010110111011011101
00010001011110011001011111100110001111101100110
00100001010000010000011000111111100111000010110
00001000110111110110011001010010111100101010000
00110001101000011111110011101110000110000100110
00100001011100100111001011000010010100010001001
00101001010101101100011100010000110100001110000
00100001100010110000011011000101110110111111111
00101001101001101001101010100110101010010001100
00101001101011001001001001100101101111011110011
00100001100100110100110001001111000111110100100
00101001101100001010101011100101011010110011110
00011001010001011110111010001101011011111001100
00011000110001011011111101101010111000011001011
00001001100111010100001111100011000010001101111
00011001001001010101110001011111100110100100011
00011001000010111001001100000100000001110011100
00100001100100010001110100011010111101110110100
00100001010111110101000001111001100000001000110
00101001011000101001011100011001100110101001110
00000001000011000000011101011011101110111100110
00100001011100101101000111011001011011110101010
00100001100101111110111100111100111010000110101
00011001001000011100111111110110111001111000101
00101001101010011111100000001011011001111001110
00110001100001101100010100100110000001111010101
00110001100000110011001101000110101011000110011
00001001100101001101011110011011100000111000100
00011000111001110011010001101011100110110101011
00001001000000001000110100100100101011001111011
00010001000110111011000001000011110101110000001
00010000110001010010001000100101101010010011110
00101001101110100011100111111000100000000110101
00110001110110010101010100100111110011110111110
00011000111010000111010101001110100101010001000
00100001010000001111101001011110010010100101101
00100001010111110111100101000100001001011011101
00011001000010101011011110000000000101111010001
00011001100010001110001111001111000100111101111
00011001011001100010010100101010110011110010111
00101001011001011001100100010001010111010001111
00110001100010100110111111110101000000110001100
00110001101110010011111001011111010001010010011
00011001100101110011101100001011010010001010010
00001001000011011101110010101000111010010000000
00010001001100000001101011100111010000010010000
00011001000011001010010010111000011000000100000
00011001001010001000010010110100101111001000110
00100001010110010110100101111111111010001011111
00011001001100001001101111101011101110001101000
00100001010110000101000111001001101110010011110
00000001101000111011101111110000110000001011100
00001000010110110000101111000001010000111010010
00100001000011011111111001100011111010010011111
00010000111101110100110011010011001010110110111
00010001100001011100111111111000101011110101101
00100001011001111101101111001001011011100000000
00101001010110010111100000111010111101010011010
00011001000000110010110100100000111011101010011
00010001010001011010111011001111000100110111101
00101001101010000000010101101110111010010100100
00100001011001011000100110010101001011110011010
00100001100111001000110000011001110101100001110
00101001010011111000000101001010011010111100010
00100001100010011101111010100110111100000110010
00011001100110111001001101110101001011110110001
00101001100100000000010101010101100101110011010
00100001010000010111011001001100011111110111001
00010001000110001011111011101011001010010111011
00110001100000000110000100111000000001100100111
00101001100110101010001100010110011011111001100
00000000110010001011000100001000100111001000101
00011001010100010110000000111001000010011000110
00101001101111101011110110011010011001000110111
00110001100001111010011100000111110010000001001
00101001010011001101110001100001100000101010011
00010001000001101100000100111110100000001110110
00011001100010010100111100101010100111111000000
00011001011000100010010111001001010100001101101
00011001000010100100000101010010001101100001110
00001000011100100000111000110010001100000111100
00110001100101010000001101100000001101011001111
00100001011000110101010110101101110111101110100
00110001100110101001100001001101011000011110010
00110001100000111100000010001000101100100010011
00011001001000110011111100101111010100111100101
00011000110000110010001000101000101000100101101
00010001001101110101001101111100101011100101111
00101001100000110101000111110110011110001011010
00001001100101011011011010111011010111100111011
00110001100010101000101101111101010100000111001
00010001001101011101001000010001000100010100110
00100001011011110011011001001101010111000000001
00101001100100100000101000010101011001110111001
00100001000111101111111101111000010111001110010
00011001001101110010011111100100000000000000111
00001000100001111111111111110001011011000111001
00110001100100110100110101000011100011001101101
00101001101011010001110000001110011011011011001
00100001101101000101111100010111000001001100111
00100001101110010000010101000000010000100110101
00100001100010000101010001110100001000110101110
00011001000000101100000010000101001100111101101
00101001101010000011101001001100000010110111010
00101001010111010110100101111000100010011110100
00110001111100101000101010010101101100110111100
00011000110000000100010000110010001100101100011
00011001010001100010001001111010000011101000111
00101001100011001101011011001110101100111110110
00011001000110100101011011011011101001001010111
00101001100001111110010110110110000001111011010
00110001100000000011111000101110010010110000111
00101001010100100000011000110011001100000101000
00110001100000100110111010100000000111101110000
00101001010001001000011010000111101000101000010
00001000010000111100101110110010111100101111111
00101001100101110111101101111010101000001010110
00110001100001010100010110111011110000110100100
00011001100100010111010011010010110100001011100
00101001010010100011001110101101101111111011010
00101001100100110101011001101101101111001000101
00011001010001011111110001010001011011110001111
00010000110101000100001010011111001111011111111
00101001101010110100001101101110100011111110100
00100001101101101001101011101110110000101001001
00100001010010111010101001001100100000011011111
00010001000111010110010100000001011011110000101
00011000110010001011011110111000100111001001000
00101001101010101010001111011001001111011100000
00011000110100101100110100100000011100010010001
00011001001111001010011010110111011100101000100
00011001000010001010100110000010100111111100110
00110010001000101010110100001111001010100101110
00010001001010011011111110010101011101011010100
00001001101111000100010111010111001010100010010
00110001100101000001011111110111111000110100111
00011001001010111101000000100000100000001000100
00100001101100101110001101001000100101101110011
00100001010000100010101111011000110101110100100
00001001011111000110101110011101010110110110100
00011001000000011110010000000110000000010010010
00010001001101100000110100111001101100010011010
00001000100000011000110011100011110011000101100
00101001100001111110110101011010011111101100111
00101001010011100000100111011101000010100001111
00110001110010011110010110111111000100011101011
00010001000101100001001001001100010100110001011
00101001100001110110101111011001110010101011000
00100001101011110011110111001100111111001110010
00101001100001001110010011111100010101000100000
00100001011110110000011011001100101001000010010
00100001010010010010110110011001100100111111001
00001000010011010110111010011001001011001010100
00110001100111101011001010101011000101000001101
00000001100000100001001111101101011100111111101
00011001010010010100100100110101110100100011101
00100001000101001000010010101110111110101111100
00100001101100000111100010001100101100010010101
00011001001000110101111100100000100010110011000
00101001101001101110101001111111000010100101000
00011000110001110000111100011001010100000111001
00101001010001011111110100000100110011010000110
00010001100100010110111010111100010101100011111
00011001001110110000000001010000101011110111011
00011001011001010010111000000011001111110101001
00011001010010000000011111110000000011010111010
00110001100000010100011100011111010110101010000
00101001100111001111100110111111001011111100011
00011001101111010111011001100011001111101001001
00100001100111011000011011001111101111101000111
00011001000001101010101110101010110011010101110
00001001001111100011010111000111111010101111000
00100001011010000110010010000001011001101100100
00100001011001100111001111111010110001110100010
00001001100111111011110110100100101100111111001
00010001010001100011010011011101101101011001101
00011001001110110001010001111111101101010011100
00100001100000110001001001000101001001110010010
00110001100010101010011010110101100110000010010
00100001100010011101110001001000110110011110000
00100001011000001101010101010010001010000011110
00100001011000101111100001011001001010000101010
00010001100101101001001101010010110000000111101
00100001001010010010100010110000001001010011100
00101001010100101001010111010001111010001011111
00110001100100111010010000110111100011101010100
00000000111101001111010100110111011010101101100
00110001100110101000010110010101100110111011100
00110001110001111010001001101111111111111111011
00100001011011101000110000001100110000111100010
00011001001001000110011000010011101100001101001
00011001000111110010111111111010100001011001100
00000000111100100000010011110101011111110100011
00011000110110100011001110001100111101111000111
00011001001110110110001011101010000011110101010
00110001110010111001000101110011110001101110011
00110001100000100110110001101110010011000111001
00011001000000000000111101111111111001000001110
00101001010000110110011111010001110111001011011
00100001010001001101101000001101110100110111101
00011001010011010111011101001111111100000101000
00100001011101010011110010111110110000000010110
00011001011110110100001010010111010100101111100
00100001000000010111001101100000011010011011001
00011000110111011100000111100000110011011101010
00001001001101100100101100110111110101101001110
00011001101001100110110111011001110010111100010
00110001100110111100111000010101110011010011110
00100001011011000011101111001111101010000000101
00110001100010010101011011011010111010010100000
00010000111100011100010001100001110010111100000
00010001001010000110101100111101000011001111101
00101001101110011010011001011110010011111011101
00100001010001110100111011111111110100101001111
00100001100011111111111001010110010110010100001
00001000110110001110010101100001010011010010110
00101001101000101010011000000111011101111101101
00101001100111100100011001001100110000010010101
00110001100011101101010100111001000111110011110
00101001101000000101010101111111110001101111111
00101001100010000011110011110100100111101001011
00011001101011101111100110001000001111111101111
00011001100010011100011111110111111010111100100
00011001000111110001001010011101001110110010011
00100001011110000101111110000110100001000100110
00000000100000100110010111011001001001101100011
00011001000101000010100100110110000100011010111
00011001011010100110001111100110000000101001101
00010001011010111101111110000011111111110101100
00100001000101010001101001001100111101001100011
00101001010011011000111100110010011100111001101
00011000110011000100010101010111100111110110110
00101001100101101001001100111101110101010011000
00011001001000011000110001100111011000011001110
00011001010001000100000111110011100001111011100
00011001101000010111110001010110111111011101110
00101001101011101110001000010100111100010000111
00100001100001000110110101100010010111000000011
00010000100011001111010100001010000100001010100
00100001101000000110101100011101000110110101100
00011001010001001111110011110110001110011111110
00011001000000011111010101010111100000100010010
00011001100110100111101110001010010111101011111
00100001011011101100110110100111000100111100010
00011000110001101000101101001111001000011000101
00110001100001000101010110010010011000001110101
00000001001111100011111100111110101001010110010
00011000111101001100010011111010011111110110000
00100001000001100000101101111000001110011000011
00101001011001101100100011110110001110101001001
00100001101011000101001000111000110111011001110
00101001010101000100111000001000011101010001111
00101001101101100101010011110010000101101001100
00101001010111001111000101011110101101011111111
00000001010000101011101101100111110110011100000
00011001000111000101011111110110110000000000010
00101001011100100101101010000110100111110111000
00110001100100000010111000110010011111111100000
00011001001100100001100001100000011000101101101
00101001101000100000011011001110100010111001100
00101001100011101110110110100110100001110111111
00001000111001100101001110010111010111110111011
00000000100111111001000101010010110110100000100
00011001000011111011100101101110010010110110001
00001000100001101111010001000110110101011110011
00011001000011110101110110001001011001110011011
00010000110111001100000110010001100101101101001
00011001000010001101101001011110001010111011100
00011000111010011000001111100100111011011110001
00110001101010111101110000101010011100100110111
00011001000001101101011110111000010000000000010
00011001001111001111111101110001110010101111101
00100001000110001111010010011011000011001100011
00101001011010110001010000100011000000010000010
00011001010110110101100101110111001001010000000
00010000110110111110000101100101110010001011111
00000000110100111000010101000011001011110010111
00011000110010100001111000000101011111011111000
00101001100110010010110110100100010010011000101
00101001010011011111001101010010011010000001110
00001001101011110001011011111001000010111111111
00011001001100101011001101101101111110000001000
00110001100001101001110110010011010111110111101
00101001100000100100001100110110010110111100110
00111010000000011110110111000011111111010101110
00100001100010010100110001010110001100100101111
00101001101111110111111101111110101010111110110
00110001100000110111101101010110100101100011100
00100001010010111100001011010101001111011101111
00100001001010110111101011100010101111011101001
00100001100010110001000100110100010100010110010
00110001111101000100111000011000101011110111010
00101001010011111100010100100011110101000100001
00001001100000100111010111000111000111010110000
00100001000000100111001011101111000001101101011
00100001010000001110011111011001101010111001110
00100001100110000110110010110000000010100010101
00100001100100010100100000110110111000001001110
00110001101000111010111000010011001110100110111
00100001101101010110001110000101111010100001000
00100001000000001010011111011100101110011010100
00010001010110010111001110101010110000001100110
00011001000000000001001110011010000111101101101
00011001101010010100110001100100011100100011111
00011001000001110001011110011111100001110110001
00110001100101010111011101110001110011000111110
00101001101000111110101011111000010000111010110
00100001100101100110011010001011001000101111000
00000001100010011011010000101011100001111110000
00011001011100101000111111001000001000100100010
00010000111101110001110011001010101010000010110
00000001011101000110010011111110100100101010111
00011001001110010101011001011111011000101010101
00001001011000111110011010111111011100001100110
00010001001001100000110011101001101001010011001
00101001101000010110101101111001101011101010101
00101001010111110010101001111110110011010001110
00011000110010101010110010011100011111101100011
00011001000101111000100011000111110001000111101
00011001001001111111101001001110101000000010101
00110001100010101011001110101001110110000001000
00101001100100111110010100100000010101010010011
00011001101000000101100101011110100011010000100
00011001010100011000110001111010110101100110110
00101001101010001001001100000000110010001110101
00110001100010100011010000101000111010011111011
00011001101101101001010001100101010011101001001
00101001010001001110110010000011001000110000001
00001001000001111001101101000101101001100001011
00110001100101100011110011011010011000010110011
00101001010001010110111000101001011100010000010
00101001101100101101111100010001001010111011011
00011001001110010110110100001011011111110110110
00001001011100100101110110001011011101110010110
00011001000100011000011001110100100100000001100
00101001100111110111101101100111001110101000100
00100001011101110011101100001011100000111001110
00110001100000100100010000100100011001111100111
00011000110010001011111110011010000001010101010
00011001101111100010000100001111111010110011000
00011001011010100111010101100100001100100110001
00101001010001000010010001100001001010110000111
00101001101100100010111000001101010100010011101
