00011000110110010001101001001110011110001110100
00100001000111001111111000000000011110011000100
00100001010001011110101111011010010010101100111
00011001000110010100100111111110100111000011111
00100001011000101011011001111000010001101000100
00100001011001001010100110111100011101101001110
00011000110101000001010011110110101000011101011
00100001000100001111111001101010111000101110011
00011001010001010101001101010011010100000011111
00011001000001001111110000110110101111111000011
00011001000100010000101000011011111110001001101
00100001011000011111011010100010011000001101100
00011001001000000010101000110010110101011110011
00100001010010001100101001010100010101101101000
00011000110101000010000010010000100110011111100
00011001001001101000110010011100101110110111110
00011001000000101101011011010111110100100010101
00100001000000100101110101010011010001100100010
00010001000000110000110000011110010010111111111
00011001010001001101111001110010011000111010000
00011001011111101111110111100010010010110111000
00011000110111001000001110010110101010110100010
00011000111011111011101101001100101011110100001
00011000110100101001111110101000111110100010101
00011001000111100011010000001100011000011010000
00011001001111001001001111101101111010101011101
00100001010110000101111110000101011110110000111
00010000111000001010000001001100100101000001100
00011000110000000101001111100001000001000010011
00011001001110100110001010010010001000011110001
00100001011010001110010111011101010011110011000
00011001000111101101110001110000000011001001110
00011001001111110111111010000001110001001011100
00100001010000001001110011110000011101110111100
00011000110111110011010010011000001011001011001
00011000110010111011000010110111101111011111110
00100001010111100001011000111110100111001100000
00011001000111110101110010100111011100111100111
00010000111000011001111111110100011111011000010
00011001000000000011100111010001000110010001000
00011001001000111111110011101101010110011010111
00100001011110010100110101010011000100111110100
00011001011100010010001111111010000011010111000
00010000111101010011110111110010010101010000100
00011001100000010001000110011011011101111011010
00011001011001110110100001100110010010111000010
00011001011111010010001011101100101000100011100
00011001001111010011001100001101111110100110101
00100001010100011101100010111000110001000011000
00010000111101111010101011110010111101100000011
00100001000001011001101110011100000101001100011
00011001000111110100101101001101101100110111111
00011001001011010000010100000111101001010011110
00100001010010010000110011001011101001101001000
00010001000010111100111111111011101100110000001
00010000110000110100011011111010000001000110010
00101001100010011000001010111101111101101000011
00101001010011010101110110001011101110011011110
00100001001000111110101101110001011010011110011
00011001000000000011101100000101001011010001011
00101001010001110011001011001110011011011011111
00011001101110101010100110011101001111111101000
00011001000010110011001111100011001010001110111
00011001001100011011000010111111000101111001001
00011000110011101000001010110110000100100111011
00011000110101000011110100111011101100110011001
00100001011001111011110010000011011101001000110
00010000111010011001100111000110101010100100000
00011000110100111010100001110100010010100000010
00011000111001100101010110011110011001110000101
00100001001010001011001010100010111000100101010
00011001000011100111101001100011010010100001010
00100001011001000001010100111011101100111011000
00011001001001110110010100110000010000000101011
00010001000110001011010111001110110110001100101
00011000110100001000010011001001000110010100000
00011000110011001001101100011101101111001010011
00011001000110110000000000101001001010111000001
00011001000110011011110100001000111011000100101
00011001010110011100101111110101101000011011011
00011001000010001011000101111100110110001111111
00011001000011101011111101101111101001011100010
00011001010100100101100001010001000110110001001
00100001001000100111000011010010100000000011110
00100001100000000100100011101111111111000000111
00011001001000000010001000100000010011100110111
00011001001100000011010011011110101010000100111
00010001000001110001110000110011110111011101001
00011000110000000100110111011111111001011001011
00010000111010011010110010010100001001111110010
00011000110011010011000000010011110111000010000
00011000110001011001000011111001110000100010100
00010001000110110010100010100011100101010101100
00011000110110100111001110001010101000110110101
00011000111010100001111010101000110000011001101
00011000110100001011001011101111010000110001001
00011001000100110001111001001110111001000101001
00100001011010001001110010111101100001011011011
00011001000111111110100011101111011111111110110
00100001000000001000000111001101111100000111110
00101001011100101011001011110100011011110010110
00011001000011000101001011100000000110110111111
00100001011011101100000001011110101011100101110
00011000110011110111110110011000010101001100111
00011001001010001000110000001000100010011111010
00101001010011011110010101011001010101010101110
00011001000001000100101010000101010001100110010
00100001001001111110010000111110101101010100101
00101001010011001000001011011110101000001001000
00010001001011001001011101101001000010100110100
00010000111010110000101011001100111110000100111
00011001001111100010100000000101001110011001101
00100001010111001010101110101011101110001100011
00011000110010010000111110011010000100110010001
00011001001101000011000001000101011011110011111
00011000110010100100001110100011000010100100000
00011001000011010001101110001010110001011001000
00011000111011100001110000100001101110011001011
00100001000101110001001000001001010010100111111
00011000110110001011100110011111000010001101001
00011001001011110001011111100110110101000110011
00011001100111010001100001110001110110101011010
00011001000010011001001101100101011101100011011
00011000110000111100010000110000110110110101000
00011001000010000010001001001001011101000111000
00101001010000110111100111001100010100110011011
00011001000000100000100111000111111010111011101
00011000110111110111011101010011111001111001100
00011001000111101011101000111000011011000101110
00110001100000010101000011011011011111110011011
00011000110011101010100001011010001011110011000
00100001000011001010010111001000110111101010111
00100001000001001010110100100010011011000100000
00011000110100110111011011100000010001100101011
00011000111011111100000000011111000010000110001
00011001100100011111101111100001110010011011001
00101001101010011001010011001001000010101110111
00011000110101011001000010001100000010010101110
00001001001011111011011110110011010000000011111
00011000110100010100101111010000010001000110000
00100001000111101000001100110001101100111010100
00100001011001111111101111111110110010111111000
00101001010111111111010100001001011000110000010
00101001010111101101010011100000100110011101000
00011001000111100011111100110100111111100000000
00100001011110100100010010011010100100111001110
00100001011100100010100100010100110010010111011
00100001011001110001101011111001110111010101000
00011000110110101111001110010011001110000101010
00010000111101010100111110100001101010101001111
00011001000100010110001000010100011110011011000
00011001000100101110001100101001110011000000000
00011000111011100000010111010000100111100001001
00011001001010101111111110011100010101111100001
00011001001100000110010011100101101001001011110
00011000110001100000110000111000111101000000110
00101001101000101011000001110000111100011101011
00011000110001111001001100010011000111100110110
00011000110010101001110001101100001100010001011
00100001011111101100001111011011011110001001000
00100001000001001010101010110011111101010011111
00100001001000111101010001011101000100001101110
00011000110011100001100101011000000011101000011
00011001000110001110000000101100110101000000011
00011000111001001111100100000100111110011101000
00100001000100000011011110110000000111111000101
00011001000110001100100000111100100000100001101
00011001000000001101101010010111100010001101100
00011001000001101001001001110101001000100100010
00010001000101100110100000011001110000010011001
00011001000111101111100111000000011000111101001
00100001010101110110011001010000111100101010000
00011000111001100000001100010001111001111011001
00101001010010111000110100111101101011101110110
00011000111100110011100011101111001011110001111
00011000110011001111100100111010001001000000000
00011000110001010110010101011001010101101110011
00011000110000010110110110011010010000100001100
00011001000000001011001110110000111000001011011
00101001101111110101010100011010100101001100001
00011001001110000001000101110010100100000110011
00011001001100000100000010010101000111100110100
00101001010001101011110000011100111101110010000
00011001011111101010001110100000011001011011100
00110001100000000110110011111011111110001100011
00011001001011001110001011100101000010001001011
00011001010101101010111110000110011111110111001
00011000110000110110100011100110011001010110001
00100001011010011111100010100100010001000011001
00011001001001010010111000100110100100001010101
00100001010000000001000011000011000101111001010
00011000110000100011000000001001000110000111010
00100001001000000000011111110100100110000110001
00100001011001010011101011011001111110000101010
00010000110000001100110010111001010100111001100
00011001001000010010100001100100011111000111011
00011001000100101100101110010100011001001010100
00011001011000110111001011011011010100110000100
00100001011100000100111110111100001010001111110
00011000110010001101110111011010010101101100001
00011000110010111100011000000111011111111001010
00011000110000101010101011011000001100001000001
00011000110011011000101010110001011010101110111
00010000110010010000010110100001101101011010010
00100001010001101000011010111011110110100100010
00101001011101110100100001111111111010000101110
00101001010100110001110000110000111011000010000
00011000110010011101101011010101001100001101000
00011001000000100110011011101110101000101110000
00100001000101111001000000001010111111001110011
00011001000011101100000110100000101110101101100
00110001100000001100010011110100101101110101101
00011001011000100010001101010111000101101111111
00011000110010111110010100011000101111101101111
00010000110000110101101101000111100111111011111
00011001001010110111101101001011010000110111001
00100001000000001001011010000000000101110100000
00011000111011010110010000010100010001110010111
00011000110101011010111000110110010001101100001
00101001101111011011101111110000010000001011100
00011000110011010000101111001001010000111010010
00011000111010100000000110011100000101101100000
00011001001100001011001100101100110101001001000
00100001000000100011000000000111010100001010010
00011001010010000010010000110110100100011111111
00100001000111001000011111000101000010101100101
00100001010001101101001011011111000100010101100
00101001010001100101000100110000111011001000010
00011001000100111111101010010001000101101011011
00011000110111000111011001101010110100001100101
00011001010010010111001111100110001010011110001
00100001010000100111111010110101100101000011101
00100001010101100010000101011001000011111001101
00100001010001000110110010001010110100001001110
00101001010010011111101010101010011010001100101
00011001000011001000100110110011100000001000110
00011000110001110100000100010100110101101000100
00010001000110011001111011000111111110011011000
00011000110110110101110011101001100100000110011
00011000110010010100111011110111011000110111010
00011001000000101001111111000110111101100111001
00011000110000110100001001100101100110111001000
00011000110110000101100011111000001101111110110
00011001000101110010001110011110011111010101100
00011000111000110011111011000001011111110001001
00011000110100001011000011010101011000000111111
