011111110010110001110011010100101101001101001101101001010111101010110001101000010101101101100111010011101111110110110000101100010101101110001101010001110010101011010100010111001100010111101010
011111010000001101110001101011001001110000010011110000010000101111010000110001010001010010001101010010001111010001101011101101001101001110101110010110001100110001101110010011001111101001010101
011111011001101011011100011001101010110000101000010101100110100111100100101011101101101010101011101010100011101011100100100101010100100111011001101100101010011100100111100100010001110000001110
011111001011101011010100100110101100101100101001101110101010010010101100101111101001110000101100010100011001010100010000101101101101101110101011101110100101001111110101110000101011001110110010
011111010010011001101010001111010000101110101010101100001101010111101000010011110010001111100111101001110010101010110010110000101111010000110010101010010011010011010101001110110000010010001011
011111110000010001001101010110101010101111101110101001110001101000010000110001001101001111111101101110001111001111001011101101101101101001110100101011101110111010010011101110101100001010101011
011111101010101110101111001110001101101110101100110000010000010001011001001001110101010011101010011100010000101100010000110010010001101101010100101010001011010101001111010100010111101101101011
011111100111010001100101010010101111101110010000101001010110101111101001100101010101100100101011010110001101010001101100101100101000101100010110010010010110100110011100101011101011101100010011
011111101001001111110000101100010001010001101001010100010100101111010101011010100100110000001111101010101111001110101011010101100110011010010001010011101101100101010001010111101000101100101010
011111101010110011101100101111100111011100101100100101010100010010101110110000100111001111011100001100110001010010101100100101010100011001101110101010011001100111101011001110011101011010100100
011111101010110010010110001101010011101100101110101100011100101010101110101010101111101111101010010000011101010010010110101111010101010101010110010100010010010100101010101000100100101010011001
011111101001100110101101010111101010100101101010110010010011011100011000101101110010010010010100011100101001010111010001010001010001011001101001101111101011010000010101100101101101101101010011
011111010010110011110110110001010010010100001110010001101100010001101000010001101011101110101011101100100110001010101010010010001111001111010011101001011000001100100111010011101100010101010101
011111100100100100100111101101010111100011101000101101010001100010011000001011101101010001010010101010010111010000010000010111010001101110010111010010101010101100010001100001101011010011100111
011111010100101001100101010011110001110010010010001101101110001100010010001110101111010100001101010001101110010110101100110011010010010101101101010011110100101101100110010011010010101101001011
011111101100110010010100001011010001001010001011101001010010110001101101010010101111110100110011110100101101011010101011010010110001100100011010010000010001100101100111101101001111010011001100
011111101001100111010011101010010000010001101001101011011010010010010010101010101011101101101101011000101000011001010111011000100100101111010010010011010010001110011000010000001100010001010001
011111101110101111110001001110111000010101110001101000010010110110010101110000101111101101110001001011010110101010010001111010101010010101001110011011010001010001101100011000001101101010011001
001101010101101101001100001011101001010101010011010100110111010001101110101110101001101110010111010101001000010110010011001011010111101001101011110000001101101011101100010010011001110010101000
101111110010010100010001001011001111110001101010101100001110101111100110010001110100101011110011101110010110010101101110101100110001010100101101010001101011110011101111001110101010101101010011
001001001110101111110000001100001110101011110001101100010000010110010110101110001101010100001101101001010010011000010011010011010101010000101101101000101000001110001110001000101101101011010100
101101010001001001001101010101001101010010010001010110001100101110101011101100101010010100010111101111101011110010010100001001000111101001100101010001001111110010010101001110001101010111101111
010011011000101101011111101100101010101001011010010010010011101110010010101010101110011111100111100101010011010111011011100110110001010000101010101110101010011011101010101101100111010010101001
010111010110010110010101100110011110110100101111100000101110101010110011001101001110010000010100110000010000101001110000001110010010101001110101110100010110101100101011010111001110010110100111
100110101001100110010010010101100100011011101001010101010101010111010111011000100111011010010100011111010101100111100000011001011101100101010010100101011101010110100100101100100110011011100111
100110010111101011101000011101100100100011011000010110010011101001101010010111110001011010101011010110011010010100110101011011011000100011100110010111101010101011010100010010101011010110110010
010100100110101000010110110100101011110101001111101011010101010010110100010101011000100111100111101011101101010001101000011001010100101100010101101000101111010011110001101101101000101100101011
010101010100101010101000010101101001110010010001100110010111011000011001100111101001001111100101100100010100101101100101001111101001100101100111110000101011010110010101010011101011010101101000
010111001111101010110000101100001100101000100110010110110001101101001111101101010110100111101101010001010010010000110010001101110000101111110011000111001111101111001101101011010111001000011000
101111101111010110010111101000101101001111011110001111101101101010011011010111001111101100110010110000011010010111010001010010110001010100101010101001010011101111010000010101011011010111100010
100111001111110000101010101110001101010111010011110110001100010011110001010110001011101011101111010101101000110000100111101000010101010111010001101001010101101100101111001111001011010111110001
101010010100101111101100101100101011010100010110011000011100010000011000010010100110010101010010010101011010010111010100010010101110001110110001001111101101010100001110010101101100101001101000
101011001110010011010001101001010101010011101010100110100001101100101001010000101010010001101110110000010011110000100011011001010110010011010110100100101000010011010100010011101100100111010111
010110100111010011001110010101010010101010011000100000011001010011011000010011010111010110010100010101101101010100001111010100010110010001100111011010101101100111011100100000010001100101101111
101110101000010101101101110010001001110011100110001011010101001111101101110000101111110011010110011000110011010110001101101101101100110000010001101001001110110111101101101010101100100101010111
101001011010100110010011100111001101101111101010010000101111100110101100010001110000010111101000101101101111101101010100100000010011101000010100010100010101101010101100010001010100010001101111
101010110000101110100010110011101101101011010101001111101101110000010000101101001011010110101101011000100001101010100010100110011011010000001110101000101110010110010111110010010100110010101010
011000101110101111010010110101101001010011010110101101101100100000101101011000001111101000101100010001010110011010101110100101010001101010010110010011101001010110010101011000011000101000101000
010101101010010000101000010011100100100010101101101010110001010011001110001111101010101011001110010111010011011001010001100110001111001110110011010000100101100100001100011000010001110001001110
010011101110101100010010101001011010001101101100100100010001001011010011100110010000010100010101101011110001101100011000001110001110010011010101101100011010010110101110100110010001101011101001
101100100111101001110011010111010101010011101011010001101101101111101010010100110010101000101010010010101011001001001010100101001010001111010000101111101001110010101111001011010010010111101111
101011101010110010010011010101010010101010010011011011101100101110010010010111100111101101101100010101010111101010101110100111010100110000011000100110010100101011011011001011101000010110011111
101000011001101001010001010001010100100000110100100111010001110001110011010111001101101110011001101010010100001110010001101000110001101111110101110101110010010010010001110010101111101110010010
100111110011010100110011011000110011101100001110110000010101101010101010101010011010101101010010010101010110010111010010100001100111011000010111011001011000101111011000011011101010010001001011
101011101101100110010011010011010100101010010011011010010101011000100110001111100100011001100011101010100011101000101000011001101101011010100011010100010010101011101100101000101000101001010011
101100011001101110001110001010011100111001010101101110110011010110100111001101001110001000110100010010010010101101000110101001101101001000101111010010011011010000001100010111101000010101010110
101101011000101101101110010111101101011110101000110011101111101100001110001111101000110000010000010101101110001101110001100011011101100101010110100100011111010111011000100110010000101010100111
010011101111101110010100110010010101010011010010001101101010101101001110011011010001011100101100110000010010001111101011010100100111010001101101110000001101110011010001101100010000010011101100
101000110010010111101100101110001010010011001011010011010111010100010101101100010100100000010101010010101101110000100010010100010100101110110001010111010101101000010111010011101010101010010010
010110100100101001110000001111100010100101001001011000010011010001100101100110010101101011011011100111010111101011011000010110101001101000101010001110100001010000101011011000010000101010010111
010100101001101011100101100111101011010010101000010100101100010000101000010111011011010100101011100011010010010110010111010110101011100010011011011001100111101110101010101000100101101110010011
001110010000010001010011011000001001101011010101010000010110101110010011010101101100001110110010110010110000011001010001101100010110101011001101001100101011010110101100101101101101010000001101
010001101101010011110001010111010010010111101111101011101000110001100101010101010100110001010101110000010111110000010110010011110000010010010001101111011001001100101001101111101000010011101011
110011001110011001101101010100001111101100100101010100001111010000010101010101100111101010110000011100011111100111101110100101011001010010101010010101011110011011011000110000101000100111010110
101000010101101001010010101100101010101001010010101101010101010001101000010011100110101000101110010011010110101001011000010001001111110001010101010100011000010111101111010100100111101011101110
101101010110010100011110101011101100110011010000001101110011110000101101101011001101101001101110010010101101101001101111101000101111110110001110110010011000010010001111101101010111101110100101
001101110001010111010111110000100110010100110010101000010011100111010000010011101100110001101110100011001010010001100101110111001101001001101011010011110000101110010101011001010101110001000110
101010010011010111101100010100110101101110001110010111011000010111001101010000110010110000010011001001010110010110010101010110101110001111101100010100001110110000010100010111110011010100011001
001100001100101100101111101110101110101101010010001001011000010100010000001110110111101111011011101110001111000110101100010110110000101101101011110010001011101011101111100111110000010100101110
101111010011101100101010010011101111101101001111101110110110101111101010101011110000010101110000010000011000011000010000010100100001101101001101101010001010101010101101010010101101101001110010
101011010010101011010011001010010010010011010000010110010111011011011100010001010011101011010011101011010101101100100111010000111000010110101011010101101100001001010011100110010100010011010101
100110010010100100010111010011011000110000100110010110011101010100001110011111101110101010110001010100101010101011010110010110101000100111100110010011101110101010001110001111010001100101101111
101010100110101100001000011000101011101110101011010010010001101110010000010100101101001110100111100110010011101100010101010011010011101000010000100100101001101110100100011000010100010100011110
011000010100110010100110101001110011001110010011101010001110110100110001010011001111101011011000101100011001010100101001001110010111010111010010011000010101011000010110101101110001101000100100
110010010111101100101111101101011000101111101000101100100110110011101100011000100111101001010111110011100110010111101011101110100101101010110010101011010000010111100110010111011010101001010000
010110010101010111010001001110001101101010110001101010011000010000010100011000101100101010101110101101010111011011101100010011100101101110101110101100010010101010101110010101011010001111010001
101101011000100111010011001110001010010000011000010011010000011010101111001101110100001010101100010100101111101101010010101101101010010110110000110010010001101110110110001100001101101100010010
010011110000101010010001010101101000110000101100101010010001101010010011010001010111101011011000010100101000110000101110001011101110101100010100011001001110101101010010101111101101001101011011
101111100100110010011000010100101100101100001110010100010010110001010110101110011001101011011110010000010101101101101010011110100111010001101001101000010101010111011101100110010011101010101001
110001101010101001011000101101101011101110010011101101101010101111100111001001010010010100010010101111101101001110010001011010101101010110101010010110011010101110010001001111100101010000010101
010101101001100111100100110011101111001110010101110001001100010011101101100101001000101001101110001111010101001011100100110101010001001101101111011001011010101011011100100110010110010101100101
101100010101101100101010011010100100100110101101010100010010011100010100100101110001011010010100101110101000010101010100010101101110010100101100101010101011011100010011011011101001010010101100
101000101100101110100111010111101110101001010101100110010011101001101001101010001110101101100110110001101001100000010001010110101011101101010010010000010000100111101010101010101110010111110000
010100101011011000001101101100110000110010010001011001101110100111101011110100100110100110001111011000010001010110011100100100010100001111101100010010010111101011101111100111100111101100101101
110100010010101100011010101101011001010101101101010001010110101011101001101001101101110101010011100111011010010110101001101110010111010100101100101000011110010111010111100110101010101101110001
101110101110001110011001110000100011010010011000101001110000100010010010110011010110001101101011101100110000010111001111010111010100011100010001101100001111010010101111101000011011101011101011
011101010110101010010011101001110000010101011001101101010101101111010111110000101110101110101101010010011000110001101101101101110001110100010001101111101101101100100110001001101000010001101010
100101101011010010010000001010010011100100101100101001010111101001010110011000101011101011011000101111100100101110101011010001110001110011101011101100011011010110101001101100100111101111010100
010011101001101100010011101100101010101011101001110001010011010100011011010110101100001111110001010001010000101100101001010110101000011000011010100010010011101111010101001100010000101000100110
110000010001010011010001101110010001010001010010010010101110010110010111010001010100011000101111010001101110101100100111010110101011010001110000011001010100101101101110101011100011001111100110
001110011000101011010111001110010110011010101001101000110010010011101011101011110111101101010010001110101101010011010101010001001110110010010001101000010101010100101101100010101010001100001001
010100010010101001101101011001010011010111010101010110010101110000010111010011011110101100101110101111110010010010011001010100010101101100010011010000010000101011101111010100100110010000101010
010111010111100110011001011000101100101100100001010111010110101010100100010100100010101010100011101110010101001101101110010100011000100101010101011011011000100011100111010101011000100101101011
011010001010001011101100101010010100010100101011101110010100101010010101011001101011010000010100100011010011010001010101110011110011101101010011010010101110011001110101010100101011110000010001
110010010100011001010100110010010111001110101101010101001110011100001110010111101011110001010111110101101100010011010110011000001100010100010011101101100111101110010101010000010111001011001101
010011110100001101101110010000001110001111010110010100011010010001110011100101011011110111011000101101100111101101010101110000100100010100101110010101101010110100101100010011010111110000110100
101010010110110100010100001110010000101111010111010000110010010101101010010010110000010010010101010010001110001110110000101101101101101100011011010100010000010001010011010101010011110000110100
001111011001101011110000101100100011010100010011001100110001010110110001010101010000110000100101011001010101010000010000110000010110100000011001101001010111011000101010100101101100001110011000
110000100110110100001111001111011100001101010110011000010001101010101011110001101011010100010101010100101011110000101100101100101010011000101101101011101010010100101011101101101100110011100111
010110010000001111101011010011101000101110110000010110011001001111100110011001010111010100010110101000001111010100101100001101010101010100100011101001110010110010010101101011100100101011011001
101110010110101110110011101100010110010110101011101011010010010110110011010011110010100111101010110011101001110001010000010101101001101100110011101011110001101101101011001100101000001110110001
100110010010011100101001011011100111101001100110101100010101101010010111010001010011010111101100010010110100011011101010010000010100100101010011010100101001011001101100110100010111011001010100
101001110101010100010110011000010010101001010001010011011001010111001111010011010000010111010110010010010010001110101101010001101011110101001111101010001100100011011010100100100110101111101010
010011010111010010101110110001001010110001110101110010101110101110111001110000010001010111001110010101001001001111111001110010010000001111101011010001000011010001010001001100110001110110011001
010010111011110100110001010001110011101100101110110001010011101101101101100110101001110010010000101110101111101011101101010100010010101110101110111000101100010100010110101010110001010001010110
010011100011010101101110110001011010100110010010010000001111010111011001101010001100101110010001010010100011110010010001101101001110101010101101101001110011101110001100010110110001011010100001
010010010011101000101111101000010000101011001010110000100101001100101000010011001111110110001011101001101100010000101000010000101010101110011000010101100110110000101100101110010011101110001110
010101100010101001101101101101100101101001011010101100001111101000001111010101101001100110001100100100010010010100010011010100100110010011101101011011011001110000010001010010100111100101011001
010011010010001111101100010000010011110011001001110001010101101100101011001111001111010011001111101101101011001110110110101100010110100011110001010100101101001110010010110100101110101010101011
011001100110001101010110001111110010010011101101101100101000110100101110110011010100010001101010101101101011110011010110010000010011010101101001010101001101010011101101010110010011101001110000
100110101000010010100001100111011000011010101001101011110111101111010101101010010110101111100010010000100101010001010110100111101100010001010100110000010111010110010100101010010101010001001110
010110010101011000101011101101010001011001010111010110101000010010100011110011011000101001101110110000011000100101010101010100101110010110100101010100101000100110100110101110010100101001011011
010111100111101111101101010001010110011011101110100110010100010001110100010101011010101110011001101110101011101010011000100000001111101000101111001111010001001111110000010011101010010011101111
100010101110010001001110011011001101101110110011101100001111010101110000001101101100101010010011010011101111101100010101100110010000001111101101010010010010110011100000001100101111101101010111
101100110000010101001110011000110010001101010100110010100111101111100101010000101100101000010100010010101011100110101100010100101100110011010110101010010101101011101100011001101000100001100111
100110010101110001100111110001010100110000101001010101101011010101010011101101001111101011011101101100100110101110010000010001101011001111101100101110010110010010101011101001101101011001010001
100111001110101101001111010001011010110000101001101101101101100110101011010101010010001111010101101000010001101011100110010001101000101010110000010001010010010001010010101110001100001101110000
010100101100101111101010100111101100101100101100001111011010100110101010101110110101001011010010110100010011101011110011110011101011101101001001101100100111101011101111101011100110101111010000
101011010001100111010010101110110010101110001100010010101001100111010001101111010111110000101100101000110000101001101001011001101111010111100101101000010101101110110000010110101011100111100100
001111010100001110011001110001001110101111101101101000100110101100010001011100101011100111101101010011011100101000100001010011110101010111011001010000010010001111100110110000011010011000011010
010001110001110010001101101010111001101110101011101110101011011000101100110011010011010100110000001110010010110011110000010111110101001111010101101011101010101010101010001000110000101110010001
101101010010010000101111101101101011101110101000101010010000010100101101010011110000010100110011101111010011110100110110001111101011001110100101110111100111001111101010010100101110101011010010
101101100110101000101001010011100100010001101110010111010001010111010100010101101111011101110000010011010110101010101111010010101111101001010100010001001110010110100111010011010010011010101001
110100101111010111010111101010100111011100101010101101101100010010010100010101100110001111101110010111010101101001010100110000101000011101101100010110101001101011101010101100010111001101101001
100101110100011000010000011010010000101100010010101100001111010001101000101011010111010110100101101110101110010110101011110100010100101110010110101100010111010010010010011100101111110000101101
101101101011101010010001010110011010100101101010101100100110011010010101100101101001101010011000101001001111100000010100100000101000010110101101101110101111010011010001011000101100001110010100
101000101001001111101111100110011010010100010001101011011101101000101111010010101011110000101010010000100110101011100011101101010101010101101010101010001001011000010100010001100101100001010010
010011010001011010101001001111101011100011101110101110010010010101101010011010010100010010110000101000011000010000010011101101101000100011110011101011101001010110110010101101011111010011010010
101000110001100011101111100100101111110010110100101100101001010111011011101010101001101010101000101001011110100101100101101100110010101010010101101010101010011001010001110001010100100100010101
101011010100010010001111101110101101001010010101101001011010101100010110101001010100100111100001010111101100101011100001010111011001101010110000010010100111010001001111101101010100101001001111
101111101011010100011010101011011010010001010101110000101010101011001111001110010000010001100111101100010111110011100011101111101000010000010001010011011101010101101000101011010111010001010001
010001101100010001011001010001010110010101101010010101010011010110001100001001010111010001010101010011010101001110011000101010010001101001010001101010010101101010100111010110010111010011100100
101110010001101011011011110110010010010101011010101110001111110001100111100101010011110000010110010011010111100100001101010011101110101010010000010100101010010100010010011001001111110010100111
101011001101100110011010011010010010110001110010101100010111010001101100101100010011010000010011010100101100101110010101001111001111110001001110101111101010010110101101001110010110110000001111
110010010110101010001111100110010101101011111000101001010011101100010110010001101000101100101011010101101100011011110111101110101011100111010010101001101100101000101110001011110011101110101010
110011011101010011010111100101100101010010010001110000101010011011011000100100011000011000101011101101100100100110101110101111100111010000001111010010010011001101010101101100110000011100100001
101101101001011011101110101101010010101001101010101001110011010111010001100000010100100111100111011001001111010111101111100111010111010000001110010011010110110000101101100011101001100011010100
101010010101010000100111101001101111110100010010010100101111010100010010011010110000101110010111101010101110001111010101110110101001010011010100010000110011110110101101101000101011010011101001
101010101101100011101001100101011001011011101001100101010000110001101110010010101110100101010000100110101000101011010101100110101110010111011001010011011010010111100111110000101011010110110001
100111110000010111100110101010101011100011010101101100001110110000101001101000010110101000010111100110011011010101010111011001101011011000101110011011101011100111010010101010101011101011101110
110011010011110011101110001101101000110101110001110010001110001011010011010100101010001110010101101011010010010010101011101010001111011010000010110000010111101011001010010110010001101001010000
001010101000001100101110001111010101110010111001010001010000101100010100010000010011110000010110010100101001001100010110010110110000010000010001010001101001010010001011001111011011010011101000
101010010110110000101111101001010001101000010110101101101011010010100010101100101011011101101000101001011010010110001110010011011000110001101111101000101000010111110010101001010010010100010111
010011010110101111101111011000001101001111101101001101110011101111001010101001010100010100101110011000010101001111001010011001001111010000101010010001101000001011001101010011101011011011001011
011001010110010000010001101011011001010111101010101001010010010110010100010000101010101101100110010101101010110000110001010110101000101100100111101110101110110011010111010100101011101001101011
101001110001010000001001110000110011010100010000101011101011101000011001011000110001101011010010101011001101101110110010010111010000100110010111110100110001100111010100101111001100010000101010
010110010011101101010111101001001110010011100011101000010010101100100111011010010010010110101100101111101110100001100110011110010111011001101111100101101011001110100111101010010100100111101011
010000101010010111110100101101011001101010010111010100101001110001010110010111100101010000101000101100001010010011010110011000010000010011110110010111101010010101110010101101010010010001110001
101100110010010000010001011001101000110011101010101100101010101010010011010001010101101101010111110011011010100100100101101110011010101110011010101000010110110010011011010111011001100000101111
010010010010101100001011010111110010101111110011101100010010010011001110001011001101010011001110010100010000101110110001010000110011010000101011110000001101101010010101001111010001010110101100
101101101101101100011011001110010000101011110001010110101010010011101110101010001000110000011010110011101111010000101111010100010011000110101101000111100111110001001100101000011000010101010011
101111001111101001010111101011010100010011001100010010011101101100110000101100001001101101001010101111101110101111011000101011010110010010100110101001101101010000010011110000101110101001100111
101000010001101001010110100011010110100010011000100000110001100101101000101110011000011000101100010110100001100110101001101010010011011000011001101001011010100101101010100001100101101001010101
110011110100110000010110010000110100001101010010010101110010001111110001101101010011010000001110101100101101110010001011001101010111001011101011001111010011110010101001010000001100101110001100
101100101010010000101011101000010111010011101000010110010010101111011001110001010010101101110011010010010000001111010011101010101011100111100010100100101110101110101010100110101101101101010100
101101001101110111101011101011101100101010100111101011010011101110101011010110101110101111101100001100011011010000010100010111100111101101100111011010100110010010010101010001010111101101010101
101101101110010111010110010010100100100000010100100110100111011010101001101001100110011011010110100111010101011010010110011001110000100011010000101001011111001111010110010100010011100101010101
010010100101010010010011011100101001101100010001010110101001010101010011100111010011010011100101010001101010010010010010010110011110101010101000010100101111011011010110010100101101010000100111
010101011111011010101011101101010000101010101010001111110110101101010000010100011110010001001111101101001100110000010001101010010001101001100110101000101000101101101010010000110011010111001101
010101001010001001010111100101011000111001010011110110001010101101110011101101010100010010011111101111110110010111110011101100101010010000010000010011101110010100010010101000001110101011001110
100111100111010101010101010111010011011110100011011000101001101001010110010100011100010111011000011111010000010100100110011110011011011011010010010000011101011101010001011001011011101000110100
101101010100101010101110010110010011010011010001100110100101010011011000011000101001010110010111010100100010110000010100101101101000101011010111101100110000110100100110101001010101101000110011
101110101110101010010100010010101001010011100100100000010101011000101010100110010100101100101111101110101000010001101001010110010110101101010010101111101100011000001111011101110001010100100111
011100101011101110110001011010101101100101101011001011101110011010010110010010010000010110110000100111101111101101110100011000110001101000101010100110010001100100011001010100001100010100110110
101000101100101101101011010100001111010010010001010000101100011101100111101010001101001111101001010110110101010000101110110000101000011000010111110101100111010011011000101011101100100001101000
001100110010010100111010010101110100101011111010001111101101010100101110010010010101011000001110110000010110011010010011101101101110010100110010011001110101101001010011010001101011010100001101
101101101100101100010110110010101110010111010001101101100111010000001100010100101001101100010101010110101001101111011010101011011101101110010110010100001110010001101101011101101111101100010001
001001010100010011010000101111101101101100110111101010001111101110101110101001010011101100101010010100101111100110010100001101010111010110101101010010100111101100101010100111100110101000101101
101101010010011010011000010111100111101001101100100100100010011011001101100011001110100101100111110010011010010101101011101110010101101100010010100100101001100101011001101110011001011110101010
100111100111100100010101010100101010110011010001010001100100100111011011101001101011101010101001001111010011011001010111010111010001010010010110110000010100011001101101011100101111010101011101
010101011011010111010100101011100111010100011000011011011001011101101010101000101101011000110000011001100010101100011001010011100100011010101101010111101001110000010110101100010100101001011011
101011101010001111001100011001010000101110010000100111011000101000110010110001010001101101010001101101110000110010110000010000101000010011010110001110101001110001011001101100010000010101010010
010111101111110101110001100110010101101101101100110000101011101111001111101011101101010010011001101111101000010110101011010010010001101101101101011001101101110000010101011100001110010101010010
001111010100010000100111001111110110101101110101011010010011001001101110101111100101101010101111110101101100101100100101110101001101110011110100001100101110010101110000101100101111010011001101
100011101001011001011011010110001111010011110101101110100011100110011010010011011110110000001110101100101101101110101111101000100110010010101111101111101100101110010000110001101100010110101110
010001101011001100010110001110101111110000101101110011110001101111101100110001101011001111010111001111110000010101101111101110010001011000110001010101101001101011110000001001101110001110010010
001110110001101000110100010010001110101110101111001101001100101001010110001001010110001111011000010001101010011010010010110000010000001111010010010100100111111001101111101110001010101110101101
010100101111010100010101101100101010001110010101010011101011010101010111100101010001010011101001010001100000100111100000101110001111101111110011110010001110011000101011010011011001101000101110
101011011001101001010001101111001110101111001111011000011001010000010011011010101111100100010101011000101000011001001101010100100011100111010101010011101001101101011001011101011001010111101100
010110010010101100101111001101001101101010110101010100010000101010001011110000101111110000110111110010010111110100001011110111001111001111010001010100110110101100010001001100110011110100011010
101010010011110101101001010111010111010000101000010000010110001100101000101010101110001111001111010111010111110110101110010101100110010101001110110010010101010100100000010111010101101010110100
110000001110110001010010110001010100110000101010101011101101010011010010101101101111101111010010101100010010101101010101011010010010010011100110101010010101101101101101101101101011010100001010
110111010111110001101010101101001011101100010000010100101100010001101101010001010101010010010011001100010011010000101100010000001110010111010100010101001110101010111000001101010101101011101101
010000011000110011010100010011011000101110101111101101101101010111001101001011010101101110001010101000101100010001010110101000010100101111010101010011001100010110010000010101110000001110100100
010000101011110010001110001011101111001110010101001101101101010010010111001110110001010001010011110000011000100011010110110001010010101000010001100100101000110001010100010110110001001010101100
010111101110101110100011101010101000100110101000101000011101110010101110010010110010010100101100011010010011100001010001101100010111101000011100011000101100101101010001011001010000101000010001
110010010001001101011011001110010111101001010001010111101010101111010011101010011010110100101001001110010010101100011110010000100111010010010111101011010100101111010100010000010011101100010101
010000000101001011101101001011101100110010101001001001101011010001010000110000010010101101011000010101010001101110110000100111101011010001010000101100101010101100001101010010110101000100101100
011001010000010000101100001011001110010101101011101110010001101000110000101110010001101101100111001100101011010110010000010000100110011000101100110010110010101100100111001111010110101010001010
001011001111010101010010001100100111010010101100010110010101101000010011010001001110101110010010010101010101010001010001101000110010101111101011011001101101100111001110011000101011100110010000
010010101110010010101010010101101011010101010100010110010001010111010101101110101100101011110000010110010011010010001100011000110000101110101011101000010111100100010001101101101001101011110000
110000101011011001010110101100110000100100010010010010101001010000101000101100100100010100101101011000110000101000001111101000001110101000100111010110110000101110100110101010010101101100010010
101010101000101011010100100110011000101011010000101010011001010111101001101010001111010100010100010001101001010100001110101100010001010001001111011001010100010011011000011000010100010001011011
100111010001010110010111010101110011010001011010101100001111101101100100001101101101011111100110001101101010101001100111011001110000110001101110101010101000100100010100101000101011100111100111
101001011001010101101110011101100110101001100010101010010000110001101000011000010011010000010010101011101100101111101000101101101011100110101100010000101100010010010101100010101000011111101100
101010101100101101110000110100011000010101100101010011010010110000010111010111011010011010101111001111110111101100101011101101101111001011101110010010101010011000101011101111101011101100101110
101010010010010100101011010101101100100001110010101010001011011001010111010101110011011010101101010111110001110001001110010011001011010110101010101000010011010101110011101101010010101001100110
101001101010100110101000101100010111101011010101010100100101101101010110100111101011100111011001011001100111100110100110101100011011101011011000101100101000100100101111010110001110010001010111
010010011001011001010110101000110011101101101101101101011001101010101101101101100101001111100111010101001111010110101101001111101011101000101100101111011010101001101110011001101011101000101011
100100010101010010101101101110011000010110101100110001010110101000010011010111011011100111011011010110101011101110110100101101101010101010101010101100100110011111110011010010100101100111101110
010100010100101001101001101100101000010111010010010100010110101000101010010110011000101100011001010110010100011011100100101110001111010100011010100010100100101011101001100100110000101011010011
101100010001010011101100101001101011010011101010100110011010110000101000010010101001101011100110101101100110011001010000110010101100101010101000011001101001010100010111010101101001010010100111
101001011000011001101110010101011011010110011010011001101010010110101101010000101111010101100010101011100001010001010001100101011001100011101001101000101011100101101000101111010111101011100010
101110110100101110001101110010110011110000100111010001100110000100010001010011001101010001010010010000010001010000010011110000000111101101110010010000010010010101110101101101101101010010001111
010101010011101101011001100111010000101011010010101001100110011010010101110000101011010110101011010000100110101110001111010011010110101010010010011011100101001111100110101001101111001111100101
110010010110101010001011110011101100100110010001101101001101101010001111010001001101110011110001100110001100001011010010010110010110010110101110010010001111011110001111101110001100101100101111
001110101011010110100100110101010010010001101011101001100001010110010110101101101100010111101001101110101110010001101010101001110010101010011001101101101011011000101010010010101101011100101100
010001010101101010101010010011011001110101101011110001010110001100101110011000110100010110010000010100010111101011010101010100010100101111101010010101011011101101010111110100010000100111101111
011000001101010111101110101001010010101110101100010010010000010111110011001111101010101000101010011001101000101010101000110011010011110010010110010100010110100111010101101010101000100110101010
010110101001010110110010010111010101010010010111101000010100001100010110100110010101101011010101010110011001100111011010010111110010101011101110101001010111010100010010101110101110101001100100
101001001101101001010110010101101110001010110010010110101100101101101101010100101001010100010110010001100101010101010110101101101010001001000111101011010101010001110111010011101111010011010101
010111100110010101010101010001101000011010110000010111010111010100010100010111010111101000101110110000011010100100010110010110100111010010101111101001101100010000110010101110011011011001101000
100110010010101001110011011000010111001001110011101110010000010001000111010111101100101101001100110010010000010000010101101000011010110000101001101011001100001111101101101110110010100111010111
010100011101010100011111010011101001101101101101010101110000010110010001101010010111101110100101101100011011101000101101010100001110010111010011010100011010101000010101101111100111101100010011
001111010011010101101111001010010110101001101100010100101010110000010101001111101100101101100101010011100011101000011100100111101011010111101010101010010000001101010000101110010001101000010110
101111101101101011010100010111011011010111110010010000101001001111100111001101101111011001010101010010110010101100101001100110101010010100010100010001110000010100110010011001101010010100110101
001111111001101010101110110010010010101110110000001100001100101110101001001111011000001000010011101010110000010100001110010000001111010110010100111000010101101011001011010101101010001000110000
010100010100001111101001101110010000110011110001011000100100010100101000011011001100110000100001010100101010010011110001010101010110001101010011101001101100100011100110100110101111011011011011
001110011100010010101100001111101110010100011000010110101010010101010001101100101010011100001110101001010011100111011111001101010111001111100111010101011000001010010100010100101110001111110011
100111011010101101010001100111010110101001011000101011011111101000100110100110010100100000010100101110010001010110101011010100100111010111101111011011110001011011010110100100011010110000011001
101000010001010111101000011000101011101001101011101100101010101000010010010111010101101011011010011100100110011111011000101101011111100010100100010100010101101001010101110001101100101011100111
011010011000010111101011010111101101101100010010010011110000010111010001010101011000010100001110010110101100100110101010101111001110001110010110010101010001010100100111001111110000010011011000
110000101110101010100111010100100011001100010010110010101101101000001111010101101011001110101101101010101001001110100100101101010001101011110001110000010001101110101100010010101101010001010101
101110001001001111001110101100101101101101010100110001010100001101110001010101101110110001110000001100010101010101001111010001101011101011101010010100001100101001011000101011001111010011010101
101010001111110011001101101011001110101011101000010000010001110010101100010011010000101010010111010000101100101101001101101000010000110010001100001111010100101011001100101110101010010101101100
101110100111100101010010110000010111101000010100110000101011001110001110101011101101101000110000011100010101110000010100100110101101010001101101010010110010010101110010101010001111011001011001
100111101010010110101001010100101100101110101010101100110011101100010111010011101100101001101111101100010001001111010000010100101011010010101011101010010011001101100111010110101001010010011001
101010001011101100010110101110001111101010010011110001010111101000101011010000010101110001101101101010010100001101001101010101011001010011101111101110101010110101010101010111100010100111010010
011001101101011000101011010011010010010010101111101100011001101001010001001110101001110000101100010001101111010100101010010001101011101110010000010001010010101111101110010110001111001011010100
110011101101101001001001001010111000101010110000101011110010011001110000101011110000101111001100110100010100100111110000001111010011101010001110101100001111010100001101101010010101100110101000
101101101011110101100010010011010110010001101000010110010100101001100110010001101100010101010100011000010010010101010000010001100111100110010011101000010110101001010100101101001101011000110000
011001100011011010100111011000010100101110010111100110100001110001100110011111011001101011010111001011010001010011010111010010101100011111100110010000011010011001100101101001010100110001101010
011000110011101100010101101001010101110100100100101100100110101101010011010100011001101010011001010101100011011001100101110001101101010111101001101011101000010100010100101111100101010011010110
101111101011010101101100101101001000010101101011110010010101101011011000010011010001001110101111101110101110101100101111100100100111010000010111110111101011101101101100101110101101101001100110
110010101101101110010001001110010110010101100111010101101110010001101100011000010111101011010010101001101111110000101010101010110001101101110100001110010010110000001111010100101110010111100100
100100010011010011011011001110110011101010101110101101100111101111001111011000011000101001101100101111100110011011010010010111101000001110110010101001010011011001100111011000110010101010110001
101001011101101011101011010101010001011010110001001111101011010101010001001101101110101010101111100101010010110000101111110001101000011001001101010111101001100111010000101000001010010101001110
010000110100110011101111010100101101110010101010010010101111110000110010010001010000001010101010110000010001010000110000010101110000101000010010101111010110001011010010100110001110001110010011
101101110100110001011000101101101111111000010110101000101111010011010100101110110011101011110000011111100100010011001101000111101101010110010001001001101001010001100111010010001111110010101101
001110001101011100110101110011010000010001001110101110101100101001010001001001100110101011010000010110110001101111110100110001010111010001101100101001010001101011101011101111010011001011010001
010101001111010100100010011010010110101010100110101010101011010110101010100101010010010100010010101011011101101100101101010010010110110010101111101010100110011001100010101000101011101011010111
010110100001101010100111010111010100010010100110010111101000010010010101100101100111101001011001100100010111101110101010011101010000100000100111100111101111100101100111110001101010101011010101
110001010011001101101000101100010011101001010101101101010100101011011010101010010111011010101110010001011001010001101101011000011000001100010011011101101011010001101100010100101101010011010100
010011110101101111101101101101001111010101101100101100101110001101110001110100110000101101100100110000010000101110010111010100010000010100010101010101101101010010110110101110001110101010010001
001100101011100101110101110000010001110001101000101100101001001110101000101001101111100110001001010101101110100111010101101001010010011000011000101010101111101111001101010011010010100100100111
010011010000110000001100101001011100111001101111101011010111110001100110110011101100110101001100010101101111110110101110110000101110010011110001101010010101110111110111100101001111011001001111
010010101001101100010000001010001111010110101100101110010000101110100101110000110100001101010011110000011000010001100101110001101100011000010010101100010010010001101101101011011001010011100101
010010010110010110100111101100010110101101010100101100010111100111101110011000101010101110101110010101101001101011010001010101101001011110101001010011100110001100101100100001011001010101001111
100110010010101101011110101110010100101010110000011010011100100100010111010110100101101011100110011000110000010100101101101110101010011000100011010110100100100111010010100001010010100111010010
010100010010110110010010001110101111010000100101101010110001100110101001010001010101001111110001101101010011101010101110010110001111100110010100110011111000110011101111101110101110001011010011
010111101110100111100110011001110000100011010011010011001110010100001110101011101100011000010111011000011000001111010111010110011101101101110101011010101110110011100011010010010100001100010000
010101010101100101010100011000010100010111101101001111010001101111101111010011010111101101100110010001001100101100001110101100101010110010101101101011010011011011011011100111101010010001010101
011000010001010100101010101010010010101010011000010111101111011010101010010100010110101100101011010111101001010001011010010011100110101101011011010111101011101000010001101001010001011001100110
110000010001010011011001110010100111110011011011010011011010001111010011011001101011101010011001101011101011001110100100011011010011101011100000101001100100010011100110100111100111101000101101
100100100010110001101011010000110011110001101110101010100001101101101000010111101000010000011001010010101111010010010010010001101111011101100110101000101100011010100111101100001110010011101000
101010001011001100001000001110010011001100010000110011010111110001100100100101001011110001001111010101110001010010110010001111101001101010101010101000010101101101010101010011010100010100110000
101001001101010001010011101100001111011000101111101111101110010101010111010010001100110111110001101010010011010111011001001110010011100111110100101110101101110010101110101001010001101111001110
010101101000110000101100001111101010010010001101010000101100101110100101010101010010010010010011010101001011001010010010001010010100101110110000110001101100101001010000001100101111101001010000
101100011001001101010010010011010011101000100110001110101101011110010101110001100111110000010000101010101011010000101010010100010001101110101110101011101011101010110001001111110100100111010011
101011010110011111101010101100100101100111101010001110101000101110101101011001010111010100101010010010010001010110010011110001010000001110010110101010101011110000100100010001011001100111011000
010010101011010101101001011011110100010100101100010000101110100110101001010011100111010100010010010101100110011010011001100111010110100111101111010110011010010111101010101011100110010010110010
101110010100010010101100011000101110010001010001101011101111101001001010010001101000100111010001110000010001011001010100101101101100101110011100001101101101011010010000110000100111010110101011
010110101110101000101110110001101101101010010111110011101101001101010001010011010100010111100110010010001110101010100111101101010111010000101000100111100100010000011111101100101010010110101000
101011010001010110100011010001101000010011001101010010010110101010011000110000010100010111010100100111011000010110011001011101100101101001101011101101010111011000010100010111010011010000011000
101001010001101000011001110001101000100011010111101011010100101111010111100110101001010111010010100011010110010101011001100111010010101101011010011010110001100111100101101011100010011010100010
010001010011110000101101101000010010010001010010010010101101100111101011101010101001110010010000110010011000011000110000010100101111101100101000010011110000010000010100101000101100001100110001
011000011011010111011111101101101101100100011101101001010111010010101000010011011110101110010000110000101100110010010100101001011001011010101000101110011100101011101110011101101101011110101000
010010010111101010100100010000011001101011110010101010010001010111101010010101011111110110101111011100101101010111010100101011011010011001011001100110101110110001100111100100101100010010010111
010111101100101100010110001111010010010001101010010010011000101000110001001111101111100110010011010011110100101001101010010110010001010101010110011111010111011100110101101101100110011001101111
001010001110010001110011100111101101111010010100101010001101010001010000110011101100010011101000010010010100100111001001110000010011011001110010101111010000001111010101101100101100010010010111
010100101011001110101001101101010000010001010001011101100110101111100100101010100111010001101011100011101010010100001101011001100101001111010101101000100110010011010011101011101011100111101111
110100101101101101001010010001011010110111101110110001110001101111101100110011010100101111110001001001101101010001001101001111110000101110010000101110110001111010001111010010010000110001101010
010110001111010011101101011011110011101100010011110010010001010010101000010101100111101001101000101110101011101101010011101111010100010101010101011101001011010101011100001111001111110011101000
011001010001100010011011011000010101010001110010010010110000101010010000001101010000101110101101010000101111010000110010001101101011100100001101110000010010100110010001001100010111010010001110
100110010100010010001110110001011000011000101010010011100001011100011001010000101101101010110000101011010011010111100110101110101000101111101110101100011000100101101011010111001101101110101001
010000101110101000110010010001010000010000110010100111011001010001101001101101101001101000010101010100100100110000010110110000110000010101011001010001010001100111101010010011011001010111101111
010110010010010010011101100111101011101100011000101001010111100010010101010101101100101011101100100110101110010111010000100001101100101001101011100111011001010100010101100100101010110000011111
010010010010110011101100101110001111110101001101110110001001001100101110101110110011001111001101101100010010110000001110111000110001010100110010110101101000010000100111110000101101001011010010
110101010000010011010010110001010100110101010001001010110101110001101110101111000010001011001110110011001101010100010001101000110101010000110100001110001111001100010001001110001101110000001011
010111101001010001010101101010010101101101101010101001001110010010011000011100010111110000101100101101101110010110011101010011100011101001010100100111110000101100100110101110100111101000010011
111011110000110011110001101101001110101111101001100101101011110110101000110011010100100111001101010100010100101101110111010111001110010000010110101001001000101101100111010100001110010001010110
100011101100010011100000010011110000010101101100010101101110010001011000010011101000010100011100010100101100101010100110100101101110101001010001010100100110100101011000101011100110010010100111
010011101000101100001110101010010101001111010100101110010110101111010010010101100100010100010000010000101111011010010010100101001110100101101110101001100110001110101100010111101011101000101100
100010101110100111101110011010100111110101100111101100010110010110101101010101101010011101101001101111110001011001011001101010010110100011010110101001011001010001101100001110101000010011010010
010010010001010010010100010110010010101000010010101101010000101110010010101011010010001111011000001111100101101100010111101110010011101100101001101101011001101011101111101000101011010101010111
100110101100010111101100100110101001101010100111100111101000101110010101100101100111010110101111101110100111001001010101100111101000100101010011101110110011110011001110100101010111011001010011
101000100111101100110000001111010100010000101111001111010110101010101110010010100000101010010100110001101011101010110000101101010100101111010111101100101011001110010101010011011011101011001101
010101010111101100100101100100011111101111101001100010001110010111100110011010011100110000010111011000101011001110101011010001101101010100101101101001010111110010101010100001001011100110101011
100111101101100011010011101110101110010101010101100100101011101001010110101010110000010010100101100111100111010111100100101110100010010111011010100111100111011011101011010011101100010001010110
101110101010010100110001101011010110101000101111011001101111010010101011101001101011101010010000101100101100101000010000101011101110001110010010001110001101101100100100101101101100101011101110
110000110000101010101101010001011101010001101100011000010100011000010010001110010010100111010011010010100111101101110010010100100100010011001110101001101010010110010100010000010001101111100101
010101010001101111010010110110101100101001101101101011110001101101110011001001001101010001101010101111001111001101001011010111010000010001101011110110010100101011110001011000101100010110000110
001110010111010110011110011010010100101011001011010011001111101010010111100101010000010001011011010001101000001111010000010100001110110000101101010101010110010011010101010010010100011110011001
101100101011100110010111100110110001101100010011100011100001010011101010101100101011110000110000010001001111110000101100110001010100101000101101010101010100010110001101001110010100100111101110
010001001110110001101100100101110101010100101100110001010101010000110100010001101101010000110010001110101111101011101011110001001100010000100101001110010011101111010000001000011000010100110010
010100001101001101101111101101010100010010010000001100101100101100011001100100101110101100101110101111101011010110101100101000110101101010101010001100011001101111101111001110010001110011010101
110001101000101011101010101001001111010000001011101011100111010011001111100000001111011000001101101110110001011001010110101011010011001110110101101000010000101100001110101101010001010111101111
010010010001101011010011100101010101011010010110011001000111001111011011011010110011100111101110100011101010110000010001001110010100010011010010101100011001010100010100010111010010101001011110
100110010000011001010111101010101010100010101110010000010110100110110001010010101110101110101001110101110100100111101010010101101101001111100110010100001110010011011100101100101000110000100100
101111010010010001001000001101101110100101101000010110010111110000011000101000100111100101101000101101010011101001010000011000010110110000010101101010010100100111101101010010101111001110010000
110100101100101110100110001111010011110010010101101101101101100000101001010100011100101000101011010010010111101001101100110011011001101111100111110010100101110111101100101101101010010010010001
101011010001010001101111101001101010010101010101101100010000010011011000010000010101001110011000011001110000010001101011001100011000011000110011101101101111101010010111010011101000001010010010
101001010011001111010001011000001111101101010101101101101011001011101101101100110001110000010101010100101010010110010111100100101010011010101010010111110000010110010101101011101000101101011011
010001010101110011010011101011101100101100100111101101010101101111101100101001101110011101101100101000101010000110010001101101010111001000010001110000101000010110001100010101010000101100101001
110001011000110010010001110000011000010010001110011101010000101110010000010000101110010100101100110011101101011000010011010110101101100101110001010100001011100100101110001111010000101100010101
010100101100100110011000101001010010101010010100101010011000110001101101011000010001101101110000010010100101101100101110101010010101010001010110101000110000010110101111010101101010011010100101
101011010010110011011000101101010001011010010110101011010111101010001110011010001110101011001111010010101011101011010011010101100110101110100111101100101001110010011011010011010000101010101100
101100010100100100100100011001101110100111101001010001101001011000010011010111010100010110001110010101101110101100010100101001101011101000010001101010001110101011010001100000100101101101110000
010001101010101001101010010111110011010010010100010101101111010110101010010001101001010000101100101110001010010100011011010100011101100010010100010011101011010010011000101010101101010101101101
001101010111110010100111001110101101010001101100010001110010101100010010001011110000101101010010010010001111010111110000101011110000101011001110101000110010101111101100010001101000010011110001
010110011110100111001101101011100111101011010011101001101000101101110011101010101000010011010100101001101111011011100000010000010011010010010110011010011000101011001100110010101000101101101011
011101100111101111011010100011010100101011101001011001101111010100101010101100100111110000101010100100010111101101110101010010010011010010110011100110010100010000011000011000100111010011101010
101001010101101101011001010000001110101100101011001111101100010001100110101110101011101101100111101101101111110000101000001110010011110001010101100100011000010111010001011000010111010001010100
010101100111010100010011101000101110010111101110010000010011010000100111101101101110011000010011101101010000101101100101101010010011110110010000101001100110110011010111100110010101101010100110
101101010100101111010000101011011000110010101000010010101011101110001110110001011111010000001001010000101110001110110010101100100110001001011000101011001111101000101011001011110011110010100110
110000110011001001010011010010101100110000101111001011101001110001001110010110101101101101110000110000010101001011010001101101010110001111110101010010010111010000101010001011110000101101001001
010011010000101101010001011100100010110011010101100101010110010000010101101001101000101111100001101110101010010101100111100101010011101101010111100101010101101110101100110010101101101011101010
101000101001010110010111101101110010101101011000011001010110010001100101100111001101011011100101010011101111100000010100101101101100101101100011001111010101010110101001011011010100010111101011
010110011001100110101101100101010110101100110011010110010011110000101000010100101100010011101101010010001111010110100011110000101110010110101111101011101110001100011000101000010001010010010001
010110100100101011011001010111011011110010101011010110011010100111010011101101011001010001101011101100100011010110001111101101001111100111010110011011101101010111011011010111010100010110001101
010110010100101000101100010110010111110000101100011010010000010111100101010100101010010010010001101000011001010111001101110010010000101000101101010110001101010010101111100110110001011011110100
110001010101101010010100010010001110110001101010101010110011010100010101011000010011010111010100110100110010110001010100101100101100010111110001010111101001101110001111101100011010010110110100
010011101010101010101110011010110001011000010011100110010011101111101000100110010010010110100111101000001111101110100010010101101011101010101010010101100110110000010101010011011010101100011000
101010110010010110010100010100101101011000100110100110010101011011101101010010010110101111010111010011010000101100101110100101101000101110011011101100100110101011010100011000001101010101100111
110010010010110000110000010101010001101011101010001101010101010100010000101010101111110000010111001110001101101100010001101111101011010110001101001100101011101010101111101000101101001000011001
010010010100101111001111110010011101010010010110100001010110101110001101010010001101101001100101101111101111010011011000010001101111101100010001011010101101001001101101101101010011010111110001
101101000110010011101011101111101001010010101100010110010110110100010000010100010010001110001011010011110001010010001010010010110101010001101010010000000101101010010011101111100101010111010100
001111010100010011110011010111010011010100010001010000101111110011101010101001010000010101101101010111011101001101101110010111110101010110010101110000110011101110001110110000010110101001101010
010001011001010101101001101010101101101000100010010100010101010000011100100011010011101010010000101110101001010001010001110011101011001101001110010101011001011000100100010100101001100111011001
110100110001100110010110100111010011010100101101101100101011011010001110101001101101100111101011101001100110010011010010010010101111010100101011101100101000010111010110101101101110100101010110
101010010010101110101110010000101100101010100101010111101000101010010000101101100110101001100111010000010111101101101000011000101000101101101100011000011100101010100110011001100111100101100001
001101101100101111110001010101101101010011001110010000010001110001110001010001011100110000101011101000101110001110000110111010010100001111101011110001001011101110101110010111101010010001001110
101110010000010000101110110110100110101111101111110000101111101111101100101101010011010001010011101001101101010000110001001011101000010100001101010101101001101101110110100111011011110010011001
100101100001101100101111001111010000110000100100101010010100010011010100100101101100011001100110010111101000110000101011101100010101011100101011010001010110010111010010010010101000101000101011
011111101110101001101101101111011111101000101100101001100111011100101111011110100100101111101011101100010110010100100010010011101000110100100110010001010100101110011101100110100111110001110000
001010011000110010101100001110101011010111101111001100010101101001010011101011110100001110010101010011001000110001011000001001110010110011010000001100011001101011010001001111010000101011001110
100111010101101001010110101010011110100100110001100100100011100111010110010110010111010111100111010011010110011011010111100110011001011000010010010100101000011100011100011000100011010111011011
010100101100010100100001001110100111101011101101101010010010101011100111010001101001011000110000010100010010001110010001001110101000010001110010110010101011100111010011101101101010010110101111
101110010100100110101011001101010000100111100110011111010100100010101101101111010000101001110010010101101011001111010110011001010001110010101110010011101011101011101010010111100110101110010111
101011110010101110101101010111101001101110010000101010101000101111010100101111010111010101010101101101010011101011101110011011101110101100110000101010110010010111101111010101011000010001100111
101100010111101101001110010100001100110001010000110000010100101001101001101110010101110111101100011001010000110010011000011001001111100101010100010010110100010010010111001100101011101001010001
110010101010101110001110001011110000101010010000101101010010010100101011101111001110001111110001101010010101010000101111001111101011101101101001001111011011101100101111101111010111010101110000
101100100110010111100111011000101011010110010111010100101010010110101001010101101011010010011010100110011010010100100101001101100111010100101010010110010110010110100110100110010111101010010000
010100010011101001001111101111001111001110100111010001100111010011010010010101100111010011101100100110101101001110010101010010010111010100101111011010010101101111101001001111010011010011100100
010010100110101011101010101000101101100110101111101011011011110000010111110001001111001010101001101011010100110011101100101000101001101100101100101000110110101101010101100110101100101010011010
011111100111010001010010010111101111100110100010110011001111101010010110110010101000010011100111010100010010010001010000010010101110100000010010101011110011010100101110011011101100101010010001
011111011011010011011001101100101111010101010011010111110000101010011011011010100000101100100101101001011010100101100111011001101011011000101100010010101010101011101101101010100100101110010010
011111101010011001001101001110011010101100011001011001101101011100010111010010011111101001110000011000101000101010010110010100001111010100101100010011101010100011101111100111101000010000101001
011111101111101001101111100111101101101000101111110010101110010001101011010001101101011000100110010101011010101100010101101101110000101100010001101001011000011001100111100110010111010011101001
011111010100010100101001101011010011101111101011010100101001010101010111001110100101100111101111101011010011100110101001100000011000100101010001010110110100101110110101101000100110100111101101
011111101001010111010111110000101001101100101101100001001100010110100100101100100100010010101001101111101101101110101011100110001111110101101011101001100100110100010101001001110001101011010100
011111101011010111010000011000100111010100100111100110001101101010010101100100101010110000010010101100110011101011101100100101101000001111011010010001011100010001101100101100110001101110010010
011111110001101100010001110011010001110000010101010101110101001111001110001111001110101101101101110011101111101011010010100110010000101110110000100110010011011000010011001100110001110001010010
011111101111101100101111100110101001100101101010101110110010010110110011101101101111010100001111010100100001101001101110001110010111101010010001101111101100010100101010101011010011010100010101
011111011001101011101001011000011011010011010000100111010001101010101010010011101011100110010111110011010110101000101010100101010000101110010011101011110000110010101011100010100111010100001111
011111010010100100101111101100011011101101010110101011101111010111110001011010010111010010101001101111010011110011010001100111011010010011010101101101101001101101010101010100101110101001010001
011111010011101100001111010111101010011000011000101111010111101110101011110011010100101111101101010110110001110100100100101000110011100011010011101111101110011001101011010101010011010011100100
011111001110110010011010110011001101011011101010101111100111101101100110101011010101101101101011101100101011101010010100100001010011010101010011010101011011100011101100010100010101100101100111
011111010111101100011001011000101111101110010011101100010110010111110011100101100111011001100111010010010111101001010001011001010110010001101110010010011001010001011010010000010100010100001111
011111011000010111011011101000101100010000001111101011101010001100010111011011011100100111101001001100010100010110011100101001010011010110011011100110110010010100010001010011101010101000101010
011111101011100111011010101011101100101111101000101000011111101000001111011000010011011011100111100111010110100000101001100011010111101000011001100100101001101110010110010101101111101001100001
011111101110101010001111011011010011001101010011010100011000101100111001101001010101011001001101010001100011101011001111010100101011001111101101111000110001110000001100100101101000001111010100
011111010001110010010111110011101101100110001101101110010010110100101101101111010001100110101011101101010010010000101101010100100111110011100011101110010101110000101100101101101101101100101001
001101000101101001101110010000001001101010110000101001000100101111011001001101101101100010101100101111101110100101101011010110110000001111110011010011101010001110010001101011001100001101110001
101111010000100111100111101100101010101100011000010111010110010010101000101011101001010010100111011111010010101011101001010110011110101010010011101011100110010011010010001100100110101010101110
001001001111101100101001010010101100010001101011010000101010110100001111001101110010101011111101010100101101110011100111101100010001101101001111100100011000010110101101110100101011010000010000
101101101110101110100110011001010000010111010101010111011111110000101011101100001101110001101010101110010111001110010101010011101010010111101011101100010110100110010100100100011010010101101000
010011101011011000101110010010101010001101110101011100101010100101101110110100110101101001101011100111010010100100011001100101011011010111101110010101101011001111100110001100110000010010010111
010111101000101100101110010101001101010111010010110001010100010011010101101010010101010000001111010110110000101110101110010001101000001111101101101101110011110011110000101010101110010111001011
100110010001001110101111101110101111010010100011001110101010101011100011010101100100101010011100110000010111011011010101101000010110001110011000101100110001101011100000010110010010101100101011
100110011001101010101111101000010001011101011000010001010101010001101010101001100111010101101010010110011111100110010110110111110001101001101101101011010000010010101100101110010111101101101010
010100101100010010010001010111100111110010110000101111101010010101010001010111101111010110010100010100010110010111010101010110101000011101110001101011010111010001101011010010101111101011101011
010101010010101100001001101001010011101010101010011010010101101111010001101100110010101110101011110010101101001111110000010110101110101110101001011010101101101011010010110100101100010001110001
010111101010010011010111010110101010010100010110100001011000010101101100010111101011001100010010001111001010101011010000010100011101010110010100101101010110101110101111010110100101101111101111
101111011001101011110100011011010010010001011000010111010101100110101101101100101101100101001101011001010110010101101100010000010111010101100101100100101001001111110000101010011111101000101100
100111010101101001010001010010010111101110101001101110101011100110010100101111101111100101110011101101001111010010101100010110010101100011101111010111001111101010100110101110010100001111010011
101010010100100110001011010000110001010011101110101100101001100111010100011000101111010101101101101111011000001100010000010011010001101010101101110001101101001111101010010011010100001100100111
101011010001001011011011101110010001110010101000101101011000101100101000001100101011010011110001110101010101010110101010001110100100101010010110110000100011010110101010001100010111010000010101
010110011000011001010111010110010000101010101001101000010100011000010101101010101111100001010111101100101010001111101101101110101000010000101100011100100110101011100111011001010111100101001100
101110110100001101010110101011111000110010001101101110011000010100101111010100101001001110110011001111010011110000111001010011010001101001110000101110110000010010101010101001001111110000010100
101001010011110100010110101101101001011000101000101111110010010111101010010101110100010100001101010001011001101110101101101101001101101010001001010111001111010011010010101110010110001011010101
101010010110101011101011100011001111001101010000101101101000010010011011011000001101011010010111010001100110100001010001001011100110110001100101010000010101011000010001101011110011110000010101
011000101011110100101011101101001110010001101110010110101010010001010110101011101010001110100111011000010111010011101000011110010001100111011001100110100100010110010100010110110000110000100111
010101010101001111010110001110001101101010101011010100101111011010001111101110101110101101010100110010101111100100010011011010010000010000010101110001101111011001110010110000101001001110001101
010011001101101110010011010111101010101001001010101101010100101000001100010000001110110000010100010111101000101110110110110101001111010000100101001011101000010001010001001000101011110011001110
101100101001011100101011101100011110101100010100010111010111010101100111101101100111010111101011101100010101010000010110010101100011010011010100010010011100010101001111010100101011101011110100
101011001101010100010111001111100100010100001110010001101111010111101100101100110001110000100111001100101101101111010110010110001111010111101100011000100011101010101000010011101011001110110011
101000100110010010010101010010100100100111010010011000101000101100010110010101011000101111100101101000010101100110010101100100100110011000010110010001101011010100100111101100010001011001100111
100111010010110100101110111000101011010010101101001101101000101011011000101001101001101101101101110000101000110010011000101110010010011010101101011001110000010110010010011100011011101111110110
101011011101010101010100010110101001100111101100100110101100010110010001110000010110101100110010011010101001001111010101010111001110010000101010101000010100101000101101011000010010110110101000
101100010011101000110001010100001100101111010100110001010010110001010010101100001111001100101111001110010001010000101100101101010100110001110011001111001110001101101110010001101011010001001101
101101101101101001101011010101101101101001110010010001101100010001101110011001001011010100010010010101011010011010010000010001010010010000010101110000100111110000010101101101101011011010010001
010011111001001111111010001000001101010101101111110000010100101100101001011001100110010111101110001100110000010010100110010110010111101100110000001000110110110110101101110001001100101110101101
101000010100001101010110010110101011101111010111100001101100011011010011010001101010011001010100010101011000110000110011010110100111100110010001100110100100010111101101101101010100100101101010
010110011100010010010000110011010101101100010111011001101100010111010100010111010111101111010110010110100100010111101001010001101011011001010001100110010101100111100111101011010010101010011101
010100011010011000011000010001010010101101001110010111010001010100100010011000101111010010101000011000010000010100100001010100100110010011010000011001010111101011010010010110011001101001011011
001110010001101111010101101101001001001011001111001001101111110001001010101110110000101100101101010001101110110000110000010100110010101110001110011001101011010010001010011001010001010001010010
010001011000010001010100101111001101010011000111110101101100110000010100010000001011101111101100001101101101010001110110110011110000010000010010110011010110010111001011001110011000101001010010
110011101110010101001100010000101101101100101111001110101011001011011001110011001111101010001110101011110010101101101111011000001110000110001111101011110000001011110010001011101110010011001101
101000001001110001110001010110101001010000010110101011010000101100100111100110101010110000010101001111010101010000010100110000010001010010001110010111010111110011001101101100100101101101101110
101101001111101101100111010100100100001011110011101110101011010010010110010010010000010000101010010111010011011010101011101101110000011000010100100111101100100111010111100011001100100001010010
001101100111101111011011010011011010010110110011010110101001101111010011100111110010010010101100011001101100101111010100110000101011001011011001001101100110001110010100101000101101011001101101
101010101010100111010110001111010101101110101011010110010111010110001110010111100111011001011001010101100111100110100011101100101111100111101110101010101100010101100111110000010111001101101110
001100001011001110110100010001010010101000010010010000010000101000101110110000001101101110010010010110001110010101010011001101001011101101000010010100001110110010110010101010010011101111101100
101111101101110010010101011100010100010101100101101000100110101100110000101111011010100100100011010110010101011001100101010101011011100011010001010110011000101010011011010110101101100111011010
101011101101010000010001001111110011010101010101010110101010110001101000101100100100001001110100101101101011101100100001010000101011101010101111010100101100110001010101001111110011011000110100
100110101011101000101111010110010100010101010101001110001101101010110001110100001110001100010000101011001111110010100011010001101010101001101010010011101000010000001100101001001110101110001010
101010100011010111101001010100011100100111101010101011110001010011011001101010101000010011101100010000101001010110011000110010001111010000100111011001010001100101010011010011011011101011101101
011000110011011000010010101111101101001110101110101111010000010011101011100101010001101110010101010000110100101100001101010100101100011011010111010000010100110010101010010100010101011010100100
110010101011101010101010110000010101010100101000010100010110101100101001010101010100100110011011100110010010101110010101101101011001101011101111011001110010101110101001101111110001001101101100
010110101101001111010100010100001010010110110000110001010100100101010011101100010101110001101011101110001001010101110111010000000111101101110110001110001100010010101010101010001100110000010001
101101010011011010001110010010100010101001011000001111010100001111010000010111011011010111110010010100101111011010101110010100010110101000011010010100101010001111010101101101101100001110010101
010011011101100011100011100111101011010100100111100001011100101111110011010110101100100110010101011001100011100111101111101100010110011000101011100101100101011011010110010111101011100001101100
101111110100010010011011110011001001101100010000010101010011101110010110101011010100101011110000010110101100011001010101010000110010010100101101101111010011101101010110001111101111010011001010
110001110100010100101101010011010010010011010110101100101100011010011000101000100111011001101110010001010010110100010101100111010100101110100110110000101110010100101010101000100110100100010000
010101001101010001101100001111001111101001110011100111010001010101101010001011100110011001101110110000101011110110010111010100010011010110011001101000001011011101010010110000011001101001110000
101100001111101011010010101010101010101011101001000111101110101101010110001100001101001111101110110010101011101101101011100000110010101100101011001011010110110100010001100001101111010001010010
101000100001100110101010010011101100101110001101010110010010101101100111010010101100110001010011101100100101010000010110100110101010010010100010110000101101011000100110010000010100010011011011
010100010011101010010110100101100110101000010011010111011010101001101110100111110010010011011011100011011000010001001110010100100111011010100111101001011001100100001111100110010000110010100111
110100110101010011010100110100110101101111101000101101010010010011001100010111110111010000110000110010101011100011001010010001011010010011010000001110010010010011011001010001001110110000101100
101110101011011011010111101110101110010101101001010000110111011000101110100111110000101010010011110000101111100001110001010001001110101101101000101011101011101001011000010100101111101110101110
011101010000010000101110101101101111011000101010101011001110011010001101101000010011010010110001101010101011101100110010110011101011110011100110110010011000010001010011010100101100011100100110
100101101001100011110000101000010010110011101110010101010000011101011011010100101110010001100111010011100110101110100110011001101010010010010000011000101010101100101101010000101110100011010111
010011010110010111101011101000011000101011101100010000001100010100101010010100101101100110011000010001010001010110010110010011001111011000010010010100110100100101101010101000001010010011101011
110000010010110011101000010010101011101100010000011000010011010000110010101001001111010100010111100110010011010001100101010111010110001111010111011000010001011001011001011001011001010110101110
001110010010001100010110101101110011101010101001010111101110101110001111101001100111010010101110101100110000010010110001001111010111101111010010100110010010110000101101101001011001101011010011
010100101110110000101101011001011000010011101100101001010101011011101110011110101100010000101100101001011100101000101111010010100111100111101010001111010001110001010110011101110011101001100111
010111010101101111101001010010001101100110101110101111010011100111011010011111110100010000011000010101010010001110011000110000011111001111010111010111001101110000011001010100010101010011100010
011010010001010000101100101101001010101010101010110010010101011101101100101111010111101111011110101100010011100111101001110100001110010101110010010101101011010101010101101011101011010100001111
110010010001010000101110010000101000010110001110101000010111101000010110101100011001010011010010010101010110101000001011100000010001010011010110010101101000101110110000010001010101011011100101
010011100010101101001101011010101100101100101000101111110001101111010111100111010010101000101110010001010101101011010011101101101011010111101101101110001111101011010000011101110000101001101111
101010001011010111011001110011101011010001010010101100101101001001010011010100001000101011010100010100101110001110010100101101010000101111010010101101101010111001110000100111110001010000101100
001111001101010000001011010101101111100010001011010011001100100110001011100111110001110001100110101111001111100110010110101100101101101000010110001101010110011000101111101110010000100111101111
110000101000101100100100011000100100101101101001101011011100101111101000010000001110101000001111010100100110101101010010010111101011101000101101101001011101101101101011011100010011010001101010
010110011001101100101010010000101110100101110001101001100001101001010010101101100110101101010011010010011000110100010001101111011001010010010110100110101010101100011001101100110101100000100100
101110010110101001101110101011110000001110010011010110011001010101101101101001101101110000101011010001011110100100110011101010101011010001101101100110101111010100010001101100010110010110010101
100110101011101001110010001111011001101111101010010110010101010000001101101100010110010101101101100011101100010000100110010011010011011000110100101011101011101101100000011100101011010101101000
101001010100110000010110010100100011100100110001010011101111101010010111110011101110101100011000101110010111010001010100001111100111101111101111101101001111101010101101101100101001101001010111
010011101110010000010101010101110000101100010001011010101101001100101110000010101011001101110001101111010101010011101001101110101100101110110001000101010011010110111000110001010101101001010011
010010010001110111110011001110010011101111011010010000101100010011010011010111101100001110101111100110010111001111110100101111101101101000010010110011010101110001010000001001010100101110010110
010011010001010111011111110000101010110001101111110011110001010001010000010100010100101100010010010010101100010010101110100111100111010001110011011001101101101101010100101110101011101101110101
010010010011010010101111010101010001101101101001010011010001010111110000101000110111001101101110010001101100101010010011110110110001110001010101101000101000101111010001010011101000101101110000
010101011011011010010100100111010110100110011000010101101101010010010011100100011110011100100011100100100100010101011010100110101000100110010001011100101101101100010100011101101011100101011011
010011010111001001101110010010010011010000001111010101101100110010010101101010100010010000010100110001001111101000010100011001101000001011001110001011001110101100001101001100010010010000110011
011001101100010101101001101001101100010000010001010110010001101111101000010010101011101001010111011101101110011010101011101010110000010110100110101001010101100111100111010111001110010111011001
100110001110101010101100010100010100010000100110010110010101010001101001100111101011011000011000010111101000010110010111010110101101101011010100010110101110100100001110101101101011101011100111
010110101011101010010001011111010111010111011110101111010101101000100100100000011011101111010101011001011011010110011001010011010111101000010101010100101001101110010001001101100101101000011000
010111101101101110101000101110001110100111010011010101110011101000101000011100110000010100100101010000010010010101110000011001010110101010010001011001100101010011100110010101110000101000010101
100010001111101101101011010110010000101111010110101011101111010111010111110000010000010111010101101110101001101101101011010110010000010100011100101000011010100100011000010110101001010100010101
101100010001010100100111011101100011100010101010101000101010010000010111101011101011100101010110101111011010011100100101010111011000101010010111101011101001010010010100011001010111010100101100
100110010100101100001110101100011100010011011000010001010111010111010110010010010111010000101010011000010101101001101111011110010000100011010000101011010100011000010101010000101101100001011001
100111101110010011001101010100101000011001100110101111010011101101101101001101110010010011101100101001101010001110101111011000010010101101101100110010110010010101101011010010101111010100011001
010100010010011010010010110001010110101111101010010100101100110001010011010000010011101010010110110000001101110001010010101110101110101010101011110100011000100100110011001111001100101100010010
101011010010100100101001110101100111101011010101100111010110110000101010101011010000011011001110010011101110011111100000010000101100010110101011011011010010101001101111011000101101101000010100
001111010000010111010110010100010010101101010110010101101000011001101000101101010001110000010000011000001010101011001101010100101001101010100111010110011011011111101110101101010000011110101000
010001101001001111101011001111001010100111101101100011001111101101101101101110101001110010010001001100011010011000001011101011101010101111001111010101011111101011110011101010101000010101110000
101101110000110101001001010101110011010101101100010010010101101010010001001111001100101110001011101001010000101010101110101010001111110010101110110110001101010100101001011000101110101001101010
101101101100010000100010101010011010101010101011010100110011101000010101110011001111001101001100101011101111100100010101001101011101101011101100110011010101100101010111101000101111010101010110
110100101000011001100111101110010000010000010011101000010011101000001111101110101001101110001111101111101110001111101100101010101010001001101110101010100001010101101000100010011011010101100110
100101101110001100010101010011100101010110110100010100011000110000010110100111001111101001101010110001100001001101010110010111100110010010101010101010100111001111110101101111110010010011100100
101101010001101000101100101010010011011000001110010010011000010110101110011100010100101000100010010011101101010100010110011001010011110000011000011000101011011110100110101101100111010110110001
101000101100010100010001001111110010101010010011101010110110000100110011010101010110101011101110001011010000010000010001010110101111010111101100110100011001011000001111010110010001001110001110
010011100111101001011011101100011000010011010101100111010111011010010110110001011000011000011001101011011011001101011110101010101001010111101010100100011110101101101010011001101010101110010011
101000010111101100101011011000010001001111101000011011011101101010101101101110011010010101010011010001010101101010110000101100010011010100011010011100011000100111010111010010101010101000101101
101011101101110101101111010010010110101000010010001111010001010110010100101110101100101100010100100110101010110000010000011110010100010110101000010011011000010100010101100100101111010111010001
101111101010110001011000010001001101010011001011110000001110001100000111010001101100101100011101010001001100010000010001101101010001001101101001101100110000010001010010010101101110110100010111
010001110000110001110101101110110010001101001001101101100110010111010001001110001111110000010101001110110110010111001100010110010000001111110010110000001110010000110111101111011010101010010101
101110010001110011100010110011010100110000101000101110011000001100010101010100010010001111010010011000010000100101001111011000010110010111010010101001001011001111110010101101101100010100010100
101011010111110010100111101101011010011000010101101001010000101101100111101001110101001110101100010110100010010100101111110000101100100010101110101110001010101000101101101001110000101011010001
110010101011101110101000100111101100101011101111001100010001010100101001110000010111101100101101011000101000101001101010101101010111001110011001011011101100001101010101101110101101001110100111
110011001110001101101101010100110010010101100101001101010010010001101000101000101011010010110000101100101111101111010010101011100101101011101010011001101110010100010000010010001111001010001111
101101001101001011110101001110001110110101010010110101101010010110010001100111010011010100110011101101110101101100101111001101010010101011010110110010101001101011110010110100101010101000100101
101010101000010000001100101110111001010010010000110010001100110000100110101011110000101010110000110100010110110001110000101110101111110010101110101001010101100011001011101010001111101100001111
101010010001010101010000011000101011100011110010010001010010001111010010101110101111100111101110010100101001100110001101010111011001010001000111110001010000001010100110101110101001000100010010
100111010000010010100111101100100100011000001110101111010011101110010001011111100110010011100101101010101111010110110100010011011010010010101111010101010010011011010100010011100010101010010011
110011010010011001011110100010100111110000010010010111101110010100001111101101010111001001011000101101011010101110101101010000010001010011101001101010010001101001010110101110001111100110010000
001010101100101011010010110010010000101010001111100111010110010101110001101000101001110000101010101011010011011011101010010010010011101110010011100110001110010100010101101110010101101011010101
101010010001010110100110010110011010010110010000010110110000101000101100001101101011100001110000101111100010011001101101110101100101101010101010011000010101101110100111101111001101101100100110
010011010011010101010100011011011010011000100110101010010101101000001110101100010100100101101000010011110000010001010111101000110000100110010100010110011010101001101100101110010100010001101101
011001010101101101101010010111101011101001101011011111010111010111010111011001101001101101100001100100101000010000010101101110010100011111010100101011011010101011011000011001100101100111101000
101001011000010100011001001110101111101110010011011000010011101000101011101010010100101011100111101110101100101110101110110000101011010111010011110011101011010101001100010101101101011111110000
010110101100100110101011110001101101101000101000010010101110001101010001010011010000010001010101010010101101001011100101101110101000010000100111110001010000001101110010100110101110101100001110
010000010010011001001000101101011010101001110001000100110010110010110000010010010111010100010110001101110000010001010001010100110000101101101111010000010111110101100111010100110010101001010000
101100010100010010010011010001010110001101011000010110010101001110100110010110010011100111010011101110101010101011101101110111101100001110100100010111011110101111010101100100001010010001010011
010010101010101001101100011101010010101000101100101010010110101100100110101111010011010111101011010100100000101010101110010101110001011001010110101101001111010100101110110001001110101000011000
101101010111010011010010101001010010010000001110011111010100101000010011001101101000010111101011101100101000100111010111011010110101101000110001010110101101101001001101001111001111010010100111
101111011110011001101010010011010101101110010011101010001110101001011000010010011000100101100111101111010111010101001110010000100011010110101010101001011011011001010100010010010011010110101011
101000100111101110101001101101100101101011010101010100011010011001101100010000010100001011010111110001010111100100011010101000001110010001001100001111010011010100100101101011101011010110010010
110011010101101101101100010011010010001010101101101010110010101001001111010011110000101101010000100101010010010000100100110001101110101111101101101101010100101101010100101110101010010000101011
101100100111101010101110101100101111010100010101010101110001110001010001101101101110010000010111100111010011101000010010101100001110100111101011100011010101110000101100101010101101011010010010
101101010100010110100011101101011001001110010001101010010001101101110010100110010110101011010101101011101100101000110010010000010110010011101111100110010000011001001111010110001110001100001111
101101110011101010011001100110101011010010101101010101011001101011010100011100101010100111010110101011011000101100011001100111010011010101010000110000011000100111100111010111010010011110101100
010010010000010111101101010000101000101101011000011000010010010001010001010011010011101011101000100111010011010100010010010000101000011000001110001111101110001011010000010110001111010010011100
010101101001010110011111011111010101101100011001010101010101101111101010101100101011010011101110101100010010010011101010101000010100110001010011010101100111010001010010101010011001011001100111
010101011001101001100100101011010001010100101100101011011001010101010101100100010100100110100110100111010001100111010011011000101101010010100110100100101010101011100111101101011001010010100110
100111100100010101010110011110001101110010101001101001101110110000011010110100101010101011010010001111101011010110011001101000100010101001101001101111010000011001101011101001010010100111101001
101101010100101001110011100111011001101111010010011000010011010011110001010111110001010101101100101000010101011111010100101100101110100011010111101000010111100101100010101111101110110001010011
101110010101010100101001010000110011011010010111010100001111101001101000101001010010100111101000001111010011100110100111011001100100010100110100011100101010010001100111101110010100110011011001
011100101010010101001010101001001110010111010111011000100101010110100110010000100101110000010111101111110000001110011001101101010000110101110010100011110010010010101100010100101010010010100111
101000110010101011101101001100011001101100001110110010001111010010100101010111010101110010001110101011101001010101011001101101001110101101001101101011110001101111110110011000010001101110101100
001100010010101010011011110000101000010100001111101000010101101011101110010101001101010101011010110001101010101101110000010011010100011011010010110000101001110111001101101000100111010111101000
101101010100001111001110101011110010001110000111101010101000001101010111001110001000101100001010101010101100110000010100101100001100100000010001010100001100010001110111100110001110110000010100
001001000110010010110010001111010000001111101111101111110111001110101001101011001001110001101100110100110111001111010100001111110101100110101100001110000011001100101101010010010100001011001000
101101010100101101011101101101010100101111010110010100101000110001001110100111011000011010001110010011110001001101101010101101010011110010101010100111101100100111101100101111010001110000011011
100111011001010111101100101111010110010100110011010111010100101110101111001111010011101100110011010111100111010100001001101110010100100000110100110110110011110011010010101000101111101000001111
010101110001010111010010101111110100001101110011101111001111100111101010101000010010101001101100110000001111100111001101110010101101001100110000100100100110110011101111110001110100010001110000
101011010010101010010101011010010111101110101011101000100111100100010011100000101110100111010110101010101011010101001101100101010110010100101110010101011001011011100011010100011001010010101011
010111101100001111110001101101101100010110010010101000101011100110101000011111100110100101100101101010010100010011010011110000011001011000010110010111101101101000011011101110100110101000010011
001111010000110011100000010011100100101001100101101100101101010100100100101101010011110000001111101101100110011001110010010011011000010011101111101011001101010011010001010011100111010011010001
100011100001101100100101101001101001101001010101010010011010101111010111100101011110100110011111100101100001101100100110010110101010011000011100010110010111011010100110100101101010010101010011
010001101110100111010110100111010000110001010101101100101001011010100101100100010100101111011000101011010001110000010110101001010111011110101000110000101000101101100111101011010011011001010101
001110011000010010101100010001011000101100101010010100100110001111010101101010011100101001010111101110100110011011010000010100101101011000101011010111010001110010010101100001100010101011011001
010100010101010111011000101001010011100110101110101100101011101101101101001110101001101100010010001010001100110000001110110011010101100110011010101100010010101001101110100001101100100110010010
101011101100101100101001011011010011101011101000101100010000110001101001101111010100010110101101001111101110010000010001010111100110101101101000100110010101101010010000101110101101010001100111
010110010100101100110101011011101001101001110000010001010001010101001010101011010000001111001111101111010111010011011101101101101011110010101000101100010110110000110001010010101100101011001011
101010110010100011011010101010101101110011011000101111101100101110010001010111001101011000010111010111101000101111110111010110011101101101011001001110010010010111100100100111100110101111100110
110000010111010100101100001101001111010011100111101100001111011110011000010100010101101100101001101111011001101100100110101000110000101011010110011000100111011010101010101001101100010110011000
110111101010101010010101101111110100011010010000101011100110101110010111010101101001101100101101010000100101101110010010010100010011011101110010101100010101010000010000100111101011011110110001
010000100110101111101110101100101110011001010110010000011101100110101011100111010011100101101011101110011010010001011001100111010011101010010101101000010010011000011111101100010000100111010011
010000010011010110010011101100101101011011110011101011010010101001101000011100001110101010100111010101010000101110010111100110010011100111010000010001101010100111010100010011001111010100101001
010111100110100110101011010011100111101110101001101001101001001101101010010011101011011000101001101010011011100111010101010000010011101110010101010100100111010000100101101001010111110011010111
