011111111110110101111010000011111010000001000101110110000111111000111011110110000101111011111001000011111110111100110111110101001001111010000100000100111101111010001000001000000010001010110110
011111000110000101111010110101000001111011000110111010000110111001001000111101001000001000000011001011000110001010110111110101000010000110111000001010000110111000111010001100000110110110001010
011111001010110011001100001001110110111101110111001000110110110100110101111010111010110111111011110100110010110110110100110101001000110111001011111100111001001110110010110110000101111110000111
011111000100110110000111110011110110110111110111111001110100001010110010111010110101111100110110000110001011000101000010111001111000111010111000111011110110000101111110111001110100000100110111
011111001001001010110110000101000101111101110111110111000100001001110011000111111000000101110010111001111101110111111001111101111010000101111010111001001000000101001010000111000000000101000000
011111111100001000000010001001110011111000111000110000111011110100001011110110000100001001000011111001000111000101000110111010110110110011110111111001110100000000001000111010111001000110111001
011111110010110111110100000100000111111010110110111001000101000110001111111111111101000111110110001111000101110101000101111011001000110101001010110101000010000111000111001010001100111000111010
011111110011000010110001001011111011111011000100111001001011111010111000110011001001110101110110001001000010000101111000110111110101111000000110000101001001110101001101111001110110111000000101
011111110111000100111110111011000111000111110011001000001011111000000110001101110011111000000010110110111000000100110100001000110010001011001000001011111100110100000100001001110101111010110101
011111110100111111110110111010111000001101111011110011000101000110110101111000110101000011010000000011111101000010111010110100001001001010111100111001000111110110110110000100001110001001110000
011111110111111100001010000100001000111001111011111011001010110100110101110100111010111110110110001001010001000011001010111101001011001100001001000110000111000111111000110101110010110110001111
011111110111110110111001001000110111110101110100111000001100001110001010111100111011001001000110001100110111001000000011000100000101001110111010111011111011001010000101110011111011111011001000
011111000100111101111110111100000101000111000111000110111001000011110100001001110110110111110111110111110100000100110110001001000101000110001001110101001001000111110010001001110111001000001001
011111110001110010110100111001001000110100110100111000000111110000000101000011110111000110000100111001001010000011000011001001000011110111000111000100111001111011001000110010111010001001110110
011111001001110100110001001010111100111011001100000110111000111100000111000101111001001000000100001000110110001011110110111011001001001001111000000110111100110101110011000101001011111001000011
011111111000111011000111111111001011000101000110110110000101110100111010001010110110111010111101111010110110010000110110001010111001110001001100000110000111110101110000110110000111001001000011
011111110111110100001001111001000110000101110111111000001001001000000001110100110110110110111000001011110101001010001000001010110000111000000111001001001010000011001010000101000001000111000100
011111110100110111111011000111111011001001110100110111001000111101001011110111111000110110111001000011001010110110001010000010110101001010000100001110000011000101111001010010001000110011001101
001000001011111011000101000000110111001000001001001110111101000101111010110110110110111000001110000111000000000111000111000100001010111000110110111000000011111000111100000111001111111000110110
111001111111001010000111000101000100111011110110111000000101111010110001001001111001110110111000110100001000000111111001110100111001001101111000000111110110111101111011000111110101110101000110
000001000011111100111001000000000101110100111100110110000111001000000111111000000101001100000011110110000111001101001011000111001101001011110111110100110011000010000101000100110011110100001100
111000000110000011000101000111000011000110001001001101000100110111110110110111110100001010001011110110110010111011001001000001000001110101110000001000000011111001001011001001001001001100110101
001010001000110110010001111010111000111000001101001001000110111011001011111000111100001111110010110100000111001001001011111001111011001000110110111010110110001010110111110110110111000011110101
001001001100001011000110110100001110111111111100101111111001110110111100000011000011000101001011111110000100111000111000000010000101111000111010111100001000111001110111000111000111001010110100
110110111000111001000100000100110111001001110111001010000011000110000111000111111000001011000111010001001001110101110010001010001010110110000110111001001011001000110100111010110100001011111000
110101001010111010110011001110110100110100001000000110000111110111111001001001111100001100111010001010001010001000111011001100001001110100110011001011110110110100001000000110111000000110111010
000111110101111000000110111010111000111111001000110110000111001000111011000111000111111011110110110110110110000110110101001011001001111010001011111000111010000011111000111001110011111001110110
001011000101111010110111000101111001111100000101110101000111001000001010111000110111000110111010111000000110111011110110000101110011110011110110111010110110001000001010000101110111001000110111
001010000101110111111011111000000110110110110001001100111010110101000111111000001101110110111001000111001010001000111010000101111001110101111011000011000110111010000110111001001011111111001000
111110111101001011001011110100111001000111001100000110111000111001001101001001000100111100111111111011001000000111000111001001111101000100110110110100001010111010000011000111001101001010110010
110011000111111000110100111010000010001010000101111011000001001001111101000110000100111000111001001010110100111101110100110001001010001011001011110111001001110110111001000110000010001100111110
110100000101111111111010111010111011001000001000000111001100001000001011000101110101000101001000001011001011001000000110000010111100000000111101000100111010000110000101001010111001111000110110
110000000100000101001000111001000110000111110111110100110010110101110101111111111010000111110111110111000100111010110001001000001001000110001000110010110101000110001000000100111001110110001000
001011111001001000000001000101000100110101000110110000000110000101001100001010001000001001000111000111111010001100000101001000001001000101110101001001110110110110001011101110000011110110111011
111001110111001001110101111101000101111101110000000011001001001001111001111001111010111110001000001100111100001000000010111000110100111100000101110101000100111100110001110101110010110001001101
111000001011110110000110110111000001110111110110000010111011110011111000000101110111001010111010111011111001111000001000110001000101110011001001001000001001111010111100000100000101000110111000
110101111101111000110010111110111000110111001001000111110111111100000000111011000011000101110100001010110010110100110100110101001010000101000011110101111000000101000110111110000111111010110011
001011110111111000000110111101110100000110001010111000110110101111111000001011000011110111111000000110000111001110111011110100000011110111001100000101111000000111001010000111001100110110110110
000111110100000111110111001000110100110000111100111001111000001010000011001001110101110011000011001001001011001011000101110000000110000010111101000001110010110011000100001001001001110110000010
000111111001110111000011110111001100000110111010110010000111000001000111110010000100001010001011110100111101111000001011000101000110000111001000111000001101000111110111110101000111110101111000
111010110100110011111001001010000111000101110100000110111000111001110010001100111001110011110100001001111001000101000000110100000001000111000101110111110100111000110110000001001001001010111001
111010110100111001001100001101001101110111000100001101110101111010000111001001110100110111111010000110001011111001111000110101000101111010001010110011000101111001001100000011111001001010010010
110111001101110111000101000100001001101100111101110001001010110111111010001011000110111011001011110110001010000100000110110101111010111100000001111101111001000101000101111001111011111001000110
110100111000001010111100001101111011111001000010111001001101110101110101110111001001111000000111000111001000001001000110101111110100001011001011010000010000111000001011001011110100000010000100
111011111000110110000100000110001001111010001000001110000011000101110010000001110100001011110100110110110000111000110111000110110110001001110101000101000101111000111000111000111000110111000111
110101001100110101000111000011010001000000001001111000111100001010110101000110000110000100111100001000001000110110000001110111111001001000111010000110001101000101000101001001110101001100001111
111000001001110111111010001010111100001011110111111100110111110100000010000100110111111000001000001000110111000101111000110000001100110011000110110100001111001011001000110011000110111001110111
000111111000111000001001110111001001001101001000001010111001111010000101010000001011010001110100111100000101001000110110001001110111000101111001111000000110111111000101110111000110001010110111
110110110110001001111010111011000101000110000011000110000111000110001001111001000111110000001000000101110111111001110011001001001000111011111111001000001010110100001011000110110110110100000110
001010110101110111111101000110101111110100000101001001001011000100110110110111000111111100001110110110001000110110001110001011110111111000111011000010110000000010111001001001000010110110001010
000110110101110110110011111001111001000100110101001010111000000101111000001001001001001000110110110101000101001000000111001010110111110011001100001100110101111101111000110110110001111100000111
000101000111000111001001001010000000110101001010000100000111110111001000000111111000000100111001111011111011001100000101110110001100110101000011000110110110001011110101110110111001000111000110
000110111000001000111101001011000111001101111011111000110011110111110010000110000110110111000111111100001100111011001000000111111011001001000100111011001111111111111000111001110000000110110100
111101000100001000111000000101000110111000110010001001000101000010000111000111111000110111110110001101010001110111111010110011001010000110111000001011010010001101001001110111110101110100000110
110101000111110111001000110110110101111011000100111000001010000101110111000111110010110111110011000110001001110111001100000110001010111100001001001000000101001000111011000110110001111000111011
110111001000001001010001110110111100111101000101000011111011111010110110111001000110110101111001001001110111111000110110110101111011111110000011111100001000000110000010111011001001110110110101
000011111110001011001100111011110101001100111000110110000110110100000110001011110110111001110011101110000011000111110000000000000010000000110111001000111011110111001010001010001010111010111110
111000000111001000111001001000111111111000000011001001001010000111000101000010111100111101001010000101001011001001000111001010111010000101111011001011001000111100000111001011111100001000001100
000101111111111000111011111010110110110111001000000111001010001101000101000110000011111001001110111011000010000011111001001010111010111001110100111101000010110111110111110010110110000111111000
111101001011111010110101001001111001111001000011111011111100111010110110110101111011001000111101000011001100001000001000000111110001111001000111110111000000110111110101001000110111110011111110
110101000110110111001001000101000101000101000101001010001010001110001110001000000110110111001001110110001110110100110101000010111011001001111000001011110111000010001001110010001000000110001010
110110001001110101001010000111001011111001110011001000001100000100000100010011111111111000111101000110110100111000000110001011110011110100110100000111111001110110000100001000000100110110111011
110111110110111011000010001011110111111000111001001001000111111011000100000110111000000010110101111001000110111010000101000101000101110110000101110010110110111011110010001001000101001000001110
001001000101111101110110111000111100000100000011110111000100111011111101001000000101110011001001110100001001000101111001000110001011001011000111001100001010001100001001111010111100110110110010
111010001000111001111101111110001001110111110010110101110011111010110111001010110100110111001001111001110101001100110111110111110011110110111110111001001010001000110100001010001100110111000111
001011000101001000000101000100000001110011110110110111001000000100000101001100111010111000111001111110001000001100111011001011110101111100111001110101001010110110110100000110001010000011000100
111001001001110111001011000010000101000100001001001010000110001110000000000111111100000101110111001010111010111001001000110011110111001001111011111100000101110110000000000110000010110110000110
001001111000110111000110001000110101111001111010111000000111110101001010001001001011110100001100000111110101111100111001000010111000111001000111001010000011110110001001111000110100000110001110
111101110101111100001000001001110110110011000111000010000110111100001000111010001000110111001101000101001000111001110110001101110111001000110111110110001001001011001011110010001100111011110110
111010111000110100001001111001110110111010000100111000110101111001110010000011000111001001000101111001111101000110000100001011111000001101111000001101001011111011000110000111110001000101001010
001100110011110001110001110111111010000111000110111101000000000011110110110011000110110111111001000101001001000001110100111100000111000100110101001110001101110100001010110001001010000111110011
111100000111110101111000001001110101110111111010000101001000001001000110110111111011001010001001111100111001001000000100000111111010000111111000111000111010001010000101001010111001000100111000
110111110111111110110010000110111010111000001010110101000010110110110011111000000001111001110110111000111011110001000100001001111000111011000110000100000100110100111010111000111010001001111011
001011111000000111000100111000111001111111001000001001111100110111111000110111110101110010000100001001001001000111001101110100001000000100111000000110001001111000111001110110110101111010111011
111110000100111010001101111000001011000111110111000111000110110111111000110010111110111011000110110110001011001000111011111011001011001011111010110100001111000111001011110110110110110110111010
111011111101000100001011111100110010001000001001111000111111110010000100111010001001000011111001111011111001001101000100001011001010001100000110111000111111001000111011110100001110110110110111
001111001110110100000101110010111001001010001101110111001001111000001010111011110110110111111000000111001100111100111010110110111101111001000110110110111011110101110101000001111000000110110101
110101111010000111001000111110000100110011111001110101000110110111000110001001110110111011001010111011110100111001111000111111111000110111111010110110001110000111110011110111111000111100000111
001000110110110111000101111000110101111010110111111011001001001011001011000100111001000111111100000100000000111001111001000111110101000111001010110010001001111000000101000101000110110100110100
111011000101000101000101111011000111001000000101000010111010000101001001000100001000001100111010000100110101111001110100001010110111000101111000001000001000111100111001111100110101000111110100
000110001000111001001010000111000111001011111001110000110101000100111000110100111101111000000110000101110111001000001010000110000001111110000101110111001010001001110111110010110111000011000100
000111000100111000111010001011000111000111001011000111000110111010001001000110001100111010111000111010111110000111001010001010000101111011001011001001000111111110111001000011110010000101110110
000111001001110100001011001001111011111001110001001001000110111001110010000110110010111010110001111010001000000011111010000110000110110101000001001010000110110011110110001000000111110110111010
001100000010000011110110110101000101001000111010110111001001110101000111001111111000000010001001110011000110000101001001111111111110110111000101001011111011001001111110001010111010111010000010
111100001000001111001000111011001001000101110111001001000001001111111111001101111001111001001011111101110100001001001000001111000101001110000111111000101111111001001011000101001101000001000111
001010110111000111111010000101001000001010001110001000001111000101111001110001001101000001001001110111110100110111001010110111101111001001111000001001110100111010110100001000001100111010111101
110101001101111010001001000110000100111001001010000100111010000111110011000111111100000111000111000101000111000111110110110110110110111000001100000111000111000111001010001001000110111001111110
000100001001111000111101111010110110000100000111000110111010001001111101001001000100111000110100001010001001000100000111111000001100110000000110110100000011001101110101110011110110001000001011
111011110001111010001000000101001011000000000110001010000101110110110111111101111001000111001100001011110011111100110111110101110101001011110111110101110111001000111000111001111001111010110101
001011000001000011110101000111111000111011111101001000001000000111110100001010001000000101000111110101000000000110110111000011000110000101110010111001111010111110001001110101110101110011001011
111000000111111001111100111001001101000111110111111001001001001010111010001001111010110011111010111100110100111010001000001000110100111000111001110100111101111000110101000010110101000110111000
110110001001001101110111001011110101110111110011111010000101111000000110000100000111001000111000000001111001001000110101000110001011110001000011001000110111001011111101111100001000001001001100
110101111010001000000111001011000111111000001000000110001011001001000011000111000100000111000111001000000110000111110110000111110100111111000111110101000001110010001011110001110100111101110110
001011001111001000110110110110000101111001111101111000110110111000111000111100001001001010000110001100000010000110111111111011001010001001110100001100111101001001001001000110110110111011010000
001010111111111100111001000101111000111001111000111010000111111001111001110110110101111011000100111000111000110111110101001010001001110101110111111101110111000101001011110011111001001100000111
001010110100000101110111111010001101110100000101000110000001001001001110110111000010111000000101001000110100111110000001111000000100110111110110110110111011111010000101001001111011001011110000
001010000110110010110111110100000110111001000101111101110101000100110001000110000010111101000100111000110110000101110100000110110100110100001101000110110100111010110011111011001000111000000011
000100110010110101111001111010110010110001001110110001000010110111001001001001110011110110000000110010000101000101001000000110110001001000111011001011001001111100000101000101110110110101001100
001101001001000110110100000100000110111111111111111011001010110110110101001000000110001001001000111000110011001000111010110111001010101110111000000111111001000101000101111010111000110110110111
001101110100000100000110000100111011001100111000110110110001111100110101111011000110000101110101111000110100111100000111000100000110000100110101000111000100000111110000001000001000110111111110
110111110110000011110010110101001100001100111010110011111011111100001000110011001110111001110001000110110101000101001010110111111000000011000111111100001010000111001001111010001001000101000110
001001000110001011111000111000001000001000001001001001110100000101110011111101001010111000111000110101001010110101000111000110111011001010110001001001111001110110110101111001001000110110001000
000111110110111100110111001010000110001110111001110110000101000100111001001000001100111000001011111010110100111000001100101100000011110110111011000011000110000011111101000110110101001001110111
110010111001001101000101001110000100111001111100111010000001001010000000000010110110110011000110000111111100111000001000110100000101000010111100000101000101111101110010000011111001110110001100
111101111010001000000000001011111011000001001001111100111000111011110110000111110111110110001011000111110111110100111010000111110111111110000110111000001000110101111001001100110110110011110101
110111001101111110110100111101001001111011110111001100111010000111001001110101000111110110001111110111110110111010000110000101110100001001110101110110001010001000111001110111110100001011000101
110101000100111100000111000101001011111101111010110111111001110011111001000110000110000110001000110110000100110100110010000101110100110111111100001000000101000110000100111001000101000101111011
001000110110111010110110110101110110110111111001000111001010110001110101110100000000000100001010111100000111101111111100111010110110110101000011110011110100110101111001110011110110110110000010
110111000111110011000010111000111000111101000101001001111000110100000011110011001001111100111001110111111000110101110111001110111000000111110000110110001001111010111101000111110101110110110100
001000001000000011001000110101000101111000111010110100110110111001000110001100110101110001111011000101001011110100110000000111111000000110001011000110000111000011110100111101001101001001001101
001001111010111101000101110101000001111010110110110110110111001101110111111010001000000110110111000100000111111100111010001100111101001001001001111000110110110110111001000000111010111000000101
110101001001000110110111111001111000111011110111110101000011001000111000000101110110001001111000111011000110111110111110000110110111000100110010111111110101000101110010001010110101110111001000
111001110011110101110110000110110100000111111011001001000111001101000101001001110111001111111011001000001001111001111000000101111100110110000110000100000100001001110100000100000011001110110101
111101111101001001001101110111110101001101111001111010111001000110000111000110110110000100110111001001001001111000001000111100111010001101111010001010111001111000111000111010001011000001110011
110001111111001011000101001011000101111001001011110101000010000011110011111001001001000111110110111010111000001001111010111101001000111010001000111100001001000101000101001100111001111000111001
111101111010110111000101000111001100110101110111110111110110001010000100110010111001110111000111111001000101110001000101101111110100000101110111111011111010000110000100001011111001000011000101
110010111000000010111010110010001100000111000110110100001111110100110111000010111001111011111001001000110011110110110101111001000111001000110110111001000011000111000111000111110101110010000011
001000000100001010110101000100111100110100111101111101000101001000111000001100001001000110111001110011001010000101001011110110111000110010111100111001110100000111111100111001001101001000000111
111010111101110011111010110011111101111011111110111011110101001010001110111010110111111000110110110100010000110011110100111010111100111000001001110101111000001101000101111001001010110110001010
111001000110000111000010110111111011000101001001110110001011111001000101110110001001111000110100001000110101111010101101000101001000110111111100000101111001000111000010111010000101111001000110
110101110100001000001011110110001110000101001001111010110101111000000110000100000101001001110100111100001010111101110001111100111000000001000010001011001101001001110101111011001101000110000101
000101111000001000001010001000001100001001110110001000000111001001000111000010001010000111001010001011001010000100001001110011000011110100000001111001001001111000110111000101000110001010101110
111011000110111011001100111110000010001000001100111001000011111100110110110110000100111010001001000110001010110011000101001000111000111010000101000110110101001000000111001101000001111101110100
110110000101110101001010010000000101111011111100110111001001000101111000111011000110000110000110001001110111111001001001001000000011111100001010111011110100001010111010000011001001111010000100
111011000111111010000101110110000111110100000000110000000110110100001000001010110111110110110100001011111001001010111111111011110101110100000110110101110111110110111010000101111011110100111000
111011010001000111001011110000110011000110001001111001111000001100001010101110001011001001111010111011110000110100111101111000110011000101000100000100001001000001001001110111111100001110110011
110111110101001010111010111000000011111000110111111001111011000111000110101111000110111000110111001011000100001011111110110111000110000100000101000110001011110110111001110001110001101101001000
111000001010000011110100110100111101111111000110001000111001001001001010001010111000111011001010110100111110000110001000000000111000000111000110000110111000111010110101110110110101001001110011
110111110111101110110110110100001010001001110110110011000111111001111000000100111001110100000111111000111000111001000110110101111000000111001010001001001011001001110100111100111001000100111001
110100111010001010110011110110111000110100001001111011000100111101110010110101001100110110001010110110001001000110001001001100111001001000110111001110110110110011000101110111111010110111111010
111100000111111101110101000011110011111111111010111000000011000010000110001001110110000100001010110011000100000111110110110101000101001110111111111000001010110110000000001011000111110010001000
000101110101000011110111001000000110111100000000000110000101110111001000000110001011111011001001001011110110000111001010001011111101000111000110000111110110001010000011000101010000001011110110
111011000101111010111101110111000001110110001010111000110111000111110100111001111010010000110110110101001010001011000100000110001010111010110110110100110110001011111100111000000110000110001000
001000001001111000111010001010000011000111110110000110111011111010000000110000001001001000110111001110001011000110000100001001001000000110110011001000110011000111000110000111110101001101000011
001010001100000100000011111001001011001010110101110110000111001010000111000100111010111011110111001010110110111000111100001010110110110100110101111010111000111001000111001010110110110111111001
110110111010000101111110110111111001001000000110111000110111110010001110001010111011111000000110110100000110110110111011001000000111110101001010111100111100110101001010110111000001001000110111
001000000110110111001000110011000010000111110011110111001010111010110110001011000111001001110101111010111010110001110100001110001010001000111001111001110110000000110011111000000110110010110111
001000110111001011111011111000001011110101001011001110110110111001001000001000110001000111110101111010000010001000001011001101001011000101111100001011110111000111111010111000001001000101111011
111010111001000111000110001011110011111101111000111000110110111000000101000101001000110110001110111010001100110011110011111000001011110111001010111000001011111001001101000101000111101111111001
000101000110110011000011001010111010110111111001110110001000001001000100111111000011000111000100001100000110110111111001000010111100000111111000111010000110110111001001000010000110001011111010
111000110111111001001101000011001011110111111001001101110011000110110111110100000001111011001101111101111010000110111000000111001000000000110110000011110010111001000110110101001101000110000101
111010000100110111001010111000001001000110000010001001001110111000110111111001000110111010000101111000110111111001001000111010001000001010110101110100111010000100000110111010111010110010110110
110110000110111000000101110101000111110000001011101111111010110100110101111010000111001011110101000110110011110110110111111000000110000111001000110111001001110110111001101111110011110111001000
111011111001111001001001001001000000000110001000001010111101000101111001110111001001001000000011111000111011111101000100000101001101000101110001000100001001111001110110000100000011111001000111
111001110101000101111000110001001001000101111000000110000101111100001101111010000100110011111100000011001001000110001000111010110111110101110010110010111001111110111000110101111001111001001011
111011000101111100110100110111110111110111110110110110000110111000110110001001111001110111111000000011001010000011000101001001110110111001110110001001110011000111000111000111001011111001001000
111101111000001000001011000101111000101100000011110101111000000111111000111001111000001001000110111000000011001110001010001001111010110100000100110101001101000011000100001000001011110110000111
000010110101001000000110001111110111111001001000001100111000001000001000110110000101000110110111000010110101001000000111001001001110110100110111001000110101001100001110000110111001000100110111
001011010000001101110110110110000110111010110100000110110111110111000100001001001101000111001000111010001001111100001000110011001011110011110100110101110100110111110111000011111101001000111111
001011000011000011001100110001001010000000000111111011000101111001111010110111000110001011010000111010111011001100111100111010110111000110001001000101110110001000000111110010000110111000000100
110110111000000110000110001001001000001011110101000111111011111000001000000101001011001000001000001110001000000101111000001100001010001011000100000001001100001101000111001000001011110111111110
110110000110111100111100001010000011001101000100110100110100000101001010000111111001001011000111001010110001111010000101110100110100110111001000111000111010111100110010110101000111110111111100
111100111010111000001000000011110100000110110110110000001000001001110010110011000100111001110111111010110110000111110110001011001010110110000110110111111010001010000101001011111110000101110111
001011111000111011110111001011111001110100111011000011111000001010000111000100000100001011111011110100111011110111111100001011111100110101111001110011000110110001010001001000000110000111000000
110101111000111100110110000110000011000100000111000010111011001100111000111000000001000101110011001001111011000100111000111011111010001000001001111101110110001000001001110111111010110010110101
000110111010000110111111001011111000110101000000000111111000001010110110001001001010001011000110110101001110001110001100110111110111001010111001010000110111110010000111000100111001001000000111
110101110111110110001001000000110100001101001000111000110101001000000110001000111000110110001001001010110011111010001101110100010000111000001011000101001000000010111010001110110110110100000011
000010001001000111000100110111111100111000111101111001000110111010111000110011000110110110111000000111111011110100001100000001001101000111110101000110111000111000110110110010110111110100111000
111001000101001011001001001010111000111011111000110010110100001100000101110100000110110000110100111001001100001000111011110110000101110100001001110100110111110110001101111100001101010000111001
110001110101110100001011000011110111111101000110000110110101110110001011111000111000110101111000000001000010001000000110001001000100000101000110111000000110001010110110001011111011000111001100
000110001001000111000101110101110110001100001011001101001001001110111001110110111011001001111011001000110101111000001010000100110100001000111010001000111001111101000111110111000111111000001010
110111111010000011000010001001111111111000000100110001001001110111111101111101001010111011000111111010111000111011111011000011110101001000001001000010110110111101001010110111000101001001000111
001000110110111111111100110011001010110111111001111001110011111010001001111010110101001000001001111101110111001001111001001000000111111001111100001100110110110111001010001100001000000111000111
000011001100000110110011000101000001111001110111001110000111000011110111111010110001110111111011111101110101111001110010111101000101111011111101000110110100001011111010110110111011000111001000
110011111000001011001011001001000011000101111100111000110000110011001011000111001101111100001001111000110110111001111100111001110011001000111011111011111001111000000100111000110111000111111000
000110111000000100001100000100111010111001110111111100110111111001111000110110110100000101001001111111110101001011111011111010000101001110110110001011110011111001111000000011111010000100000111
000101111010110101111010001011001001111000110111001010000110110010001100111111000111001001001011000111110110001100000111111100000110000111000111001000110100111101111001110110000010110101110101
000110110110001000001001111011111011000100000111000110111001001100001000110011000100000111110111000111110000110101110001110111000100111001111001111100000100001100111010000110001011111000111010
111010001011110101000110111010000110110111000010001001001101000100000110001101110110110101000101001010110110001111000001001011110010110101000101001000110011111011001010001101001011001100110111
001101001010110001111000000100000110110011111000001010000110110101000101111000110101111000111000111011001110111110000110111011000110000111001000001011000100110011001001000110111100111010001111
111000000101111011111001001000001010000100110010000100000111000000110110110100111100000011000100001100001011111101110111001010110111001000000001111101000111000111110000001100001000110101111011
111000000010111100001000111100001001111001111001111000111010001000000100111100111001111110000100111010000111111000001001001010000011000111110100110111001010111000110101111010111000001011000100
111100001000111010110110111001000110110011000100001001110111001000111011001001000110001001000111000010000111000100110100000100000110001001001001001011000110110111000000000101001000110111111111
000100001100000000001000001010001010111010111000111000110100001001000110000011001100110111000011110100110100000111001010110100001001110111000111000111111111001110000111001010111010000100110010
000101111001111011000101111111111001000111001001000011110111001001001001000101111011000110001001110111001011101100001100111011001000110011001000110010110010111011001011001000111100111111110011
001001111100111100110111111001111001110111110111110110010000111100111011001010111100001000111010001001000111110010000111110111001100110100001010001100110101111000000111001001000011110101000110
111110000110000101001110000111000111111000000100001001110110111101000111110100001011111010111001001011000011110111001111000110110111000101001000111001001110111110000101000110000111110110000111
000110000000111111111001000000110111111111110101000111111000000100000110110111000101110110001010001001000011110111111011110100111010000110000111110101110001111010000011000110111101000010110111
001010000101000101111011000101000011000111111000111011000011111000111001110110000101110110110101000011110011001001000101000101110101000111110101111100111100110111110110001001001001111010000100
000100000100001010000110000000110011001000111000001010001001110110000111001001000010111000001000000111001011000100000111110101111011111010110111001010111001110110000101001100111010110101001000
001001110110001000110110000111111011001010000110001000001010001011001010111000110110110110111010001000001000001001000000001001111110111000111000110110001001110101001000111001110111110111111010
111100111011001001001010111010111001110011000101001001110111000011110011110111110011001100111000001000111100110010000010111001000100110101110111001101111010111110111000110011000111110100000100
110010110100111000000101110100000111111010001000110111001011001010111010111000000011001010001000000110110101000110000101110110001000000110000001001110001001000111000111001010001011000100001010
110011000100001001001000000100111001001000001101110101000110111001110001000011111001001111110111000011110101111001110100001001111011111001111101111000110110110011001001110101110110110011111000
110111001010000110111011001110110110111001110011110111000100111101110110000111000111000101000111110100111000110110110110111011110110110110111001000100111011001000000011110010110111001110110101
110100110110111000111001111010001011001011110010001010001011111000001001001001001100001011111011000110111110110100110110111001111011000000110111000110111000001001111000110111110110110101110111
110111001001000111110110000101111010110001111111111000000100001011001010000111111011001100111010001001111011111010001000001000000011001010111001110100000110000111111001111011001000110100110010
110111110110110101111000111000001001111010000111000010110111111010000111111000111010111011001000001000110110110010110101111000001100111001000111111000110111110100110111001010000110000111000110
000100001000001011001100110100111100110111111010111000001000110111111010111000110110000110110111000111000100001001111011001001111000110101110111110110001010111001111001001001111011110111110100
110001000111001010111100111010001001001110110111111101001000110110001001001001001101110110001100001100110111111001111111111100110111111001111010110110110011010001111011000110110111110010111110
001001001000110011110111111010111010001010000101000101000110110111111000000110000110111100000111000100000110001100111000110111000110000111001000110010110100110111110111110100000000111001000111
111000000100000111111011111001111011000111110111110101001100111100110100000101110111111000110101111000110111001011000011111010111000111000110110001000110111000111001011001011110111000100110011
110111001010000111111001000101001011000110001010001001111000001001111001111111111010000101110000110110110001000100000001110011001000110110111001110111111000110110110111111101000101111001110011
110100111101111011000110111101111111111101110010000111110011111111001100001010000100000111000111000111000101001001001001111110111111110111110111001001000111001100111100110011110111000111000100
001011000110111000001101110111000110110111000100111000110101001001000100111001111000001001110011000111110101111000000110000111000110110010000100001010110001000010110110110110111010000011110010
111111001010110100000010111110111001110011000111110111000000110100000001000101000101111110111011110001000101000111001001000110000110001001111010001011000111010011000110111000000100111001110111
000011111010001001110100111101000011001000110111110101110000001000000111111011111011001010110111110110111001000111110100110111111001110111001110111000111000001111110111000110111100001100111010
000110001001111000110111001000001001111101110110111011001001000101111010001011111110000101000100000111001011111000000111000011001100111001110101001001001101110111001010111110001010110010111011
001000000111001101111001110111000110111000111010000010000110001011111010001001111000110111111001001000110111111010110101111101001010111010001010000111000110110111000101111000110110110011111001
001100110111000001111011001010001000000101000111110000000111000011000101110010001010110011001010000111001011110100001110001000110111110011111000110100000110000110000101111000111001110111110010
111000000100110110001110001101111000000101111000000111110101111000111001001100110101001010001011000101110000001011001000110011111000000100000001110101001100000111000001001011110111001001001011
001010110111000110001111000100110101001110111001001001000110000111000100001001001101110011111010111101001011110100001001001000110111000100111110111001111001001011111011111000001101001001110110
110101000110110110111010001101001001111111111011110111000111001001000010001011110110110111000110111000000110000100001000110111001110111101110101110100000110000111110111110110111011110100001001
000101001101000111010011000110111001111000111001001001111010001011001001110111001010111011110110111100001100110111111011000110000100001001000111001000001111110110000111111101110111110111001001
000101000101001010111010000011000101111010110111001000110110111011001011000001111010111000110101000011110010110111001001110110111001001011110111110101001001000010000101110111000101110110001000
111101111011110111001001001010001011001001111110000100110101000110110110000110111001001011001100001011111010111001110111110001111000000111001000001100111100001010111011001000111000001001111101
000111111111110101111001110111000110111001110111000110000110111000110101000100001011000100000101110100111000001010000100000110000100001010000100111101001000110101000011001010110100000011111000
000101000110000110111000111011000111111100111010001010110101000110110101010000000100111000110010000110111000000010111000001001001010000011001000110110111101110011110100110000111000001101001000
000100001011001000111011000110111001001001000111001000110110001000000110111001110101010001000111111001000101110100010001000010001011000101110011000110000111000100000100001000111000000110111011
111001001001111001000010111001000110110111000111111001001110110111110011110111001000110000001001111001000100000111110101001000110101001000111001001011111000010000000110110010001101111010001010
110111000100001000111000001010110111111010111000111010110111110101000101001001000111111100001011001111110011001110001011111000001111110101110110000111001010110111000101111101111001111011111010
001011001010001011111000001011111001111001000110000110111000000111000100000111001011001000000101001001110110110101111000111010000011000111001000000111000111001010111000000011111110000111001001
111101111000110110111001000101101111000101001001111000111000110011000101000110111010000100111011110110111000000110110001110110000100111000111011111100000110111001111001000110111000000101000110
110111000000000111000111110110110110111010001010111010001000000101111011000111110110110111111010000011001011001101000101001000110110110111111001001001001001110101001011110010000111000100001010
110100000110111011000100110110000101110110110110000110000100111100110110000111000100110111001011001001111001111001000100110101001000111101000001000011000110111000000100110111110100001001111000
111001110011111001000011111011001100110111000110111101110111000010000001111001111010110111111001001100000110111100000111110010111001001000111001000101111011001001111101110111000100001011001100
110100110110000111111001001000110110111011111010110001111111110111000110001011111001110101111110110111000010000110000110001001111010000100111010111000000101000100110110001001110101000110001000
110100000100111100001010111010000000111001001000111011001011110110111000000010001001111001111011111001001000000100000100001011001100001010111000110110111010111101001001000101110011110100000111
001101111000001100111001001001000101001011111010110110001101110110000110000110110100111101111001001000111001001010110110000101111010111010000111001000001000111011110111001000001000000100000110
111000110111110110111111000101111101110111111100110011111100001011111010110101111000111001111111111010000101110001110111000101001011110101000110110011001001001001000010110110001100110100110100
111000110011000010110000000111000111000110110101001001000101110011110001001000111000001000001001001011001001001011001001000011110011110011001010110110001101110110001001111000000000001010111000
001100110010001001110100001011001000111101001111110110110001111010110010010011001101110111001001000011000100000110001001001001111000001101110110000110001000001100110010110101000111111010110110
001001111111111010001000111000001011111110111001111010110111111001000111000110001101111000001110000111110100001001110011111001110110001000111001111000110111000011001001111000110111000011001000
111000110111000111110111111110000001001001111000111100001101110101001011001000000110000010111011110100110110111100111000110000110011001000001010111111110110111001111010111100111010110101110100
110110110100111011001100000100001010001001110101001100111010000100110111001010001101110011000101110110111000111101110100110101111000110110111111000100000110111011000111000110000001001001101110
110101000111000110001100000010111011110110111100110111110010111010000110001100001000110111111001110110110010001000001001001010110111000110111110111001000100001111111000001110111101110110111010
110101001101111011111011001000000100001100110110000111111000000101001000000111111000111000110111110100001010111010111001111001110100001100000001001001110111110011000101110110000010001010001000
000111111111111010111001001001111000111100110010001001111001110110111010001001001001000101110000111110001001000101111010001101111000110100000110111010001011000100001000110001000100000111000110
111000111011111010001101111001111000000000000111110100111001000110000111111010111000110100111011010001110001001011000101000001110101001101001000000011110101000101110010001011000010110111111010
000100000011001100111100110111001010001001000011110110110011110110001000000011101101110111000101001010110110111011111011111011001011001000110011110100000110110011110011111001000111000000000110
000111000101000111101010001001001011110111110110110101111011000111111001110011000111001001000100110110001110111001111001000101001000111010111000111000110010001101110100110101110101111001001100
001000110000110110110100000110000111000110110101001001110110000110000101110111110110110111001010111000001000111100111001001010000100101111110011111001111110110100110110111001110111111010000110
111110001010000010110110111000000111110110001000111010001001110101001000111000001001001010110110000111001001000101111010001001001011000110000101001101111011001000111100001000111101000101001001
000111111010110100110011111000000110001001110100110101110100001010110110110111110111111001110001111011000111111011001001001001000011001010001010001001110110001101000001110110001000110101001011
111111111001110001111110111100001100111010110101110111110100001000110011110010111011110010000011001010111001110010001011110011001011001011001010110101111000111010001000000111001001110000110101
001011000010111110000011110010001101000000111011110100001011111100110000111010110101111011000110001011111110111100111011111001111011001001110111110100001000000000000010110011000101001111000111
000110111010110110001001111110000101001010110110111101001010111100110010111011111010000011001010110111001001001010101111111101111000001010000101110111000100001001110001110111001110001000101110
001001001100001010110111111000001000110110001000111011001001110100111100001001111000110111111011000111110101110110001000001010110110010000110111001001110110000110111001110000001110001001000100
110110000011111001001111111011000111110101111000001011001011110010001011000100110100111011110111001100111000000101111001111100110111001010110001001011110111110101000111101111000100110110001001
000101000111111110000101000111111011000110110011110101111000110101110011000100001111000111110110111011001011110111111000001001001001110010001001111000111111111100110111110101111000000011001010
001000111101110100110110001011111100110011000100000111000101000101000001110100111010001100001001001010001010000101001000001001001110111000111100001011111011111100110011000111000111000011000011
000101001000110001001000001001001000001011111011000011001000111011110111000110000110111000110101000110001000110101000100110100111000111010111100110110000111001011001011110011111011000100001100
001001000011000111111100110101000011111000001000001001111001001010111000000110000011111010111000001001110100000101001001000101111000111100001100001010111011111001000100110111000100001101110111
111000000100001001001011111011111000111001001001000110001010000110000101001111110011111010001100110100110101000100110100001010001001110101101110110110110001000110110111110100110101110110111011
110101110011111011110101000101111101111001111011111000110001111100110101001101110100000010001101001001111011000010000110000011111000001101101111110110111010001001110110111001000101000110111001
111000111100000101000001000110000110000010000111111011001011111100101110110001000111111001000111000110111110000011111011000110110100111000110011110011001001111001000111000110001100001100111010
110011000100000111000111111010000101001011111100111001110111001110001000000111000011000001111100110110000100001000001110000110000101110010111110111000110100111011111010110100000100110101000101
000111110100111001111001000101110101001000000100000111110101111001110011001001001001000111001001000111000100000100001001000001001000111011111010111100111010110101000011000010110111110101001000
110111001101000101000110000111001000111000110001000100110111001110001001111101110111111000000011110110111000000011110111000101000110111010111011110110111001110111111000000110110111110100001001
111000001000010001110111111001110100110110110101000011110111111101110110001010000110000111111001001000000100001011000101111010001000000110000101110111111100110111110110000101001100111000001010
000100111100000110110111001011111011000011110111000101111001110110110101001001110011000101000100001000110101010000001000110100001010110111111001001011001110001001111010110100110110000010111010
111101001000000100110010001011111100001000001001110111111001110101000110000100110110110011000111111100000110001010000111110110111000111010001101000110111010001101000000000000110101001101110110
001110111010110011110110110110111100110100001010111011111010000001000111000111000110001000110110000101000010110110110100111001001001000101110111110010110100000111010001111001111000000101110111
111010001000000110110010000101110110000111000001000111001010111000001010111100001000000111000111110110001010000111000111001100110101110011111000111010001011001000001001001100000101000111001000
110110000101110111000101111010110100110101001011110111000101111001001000110110110111001010000010110101000101000111001000110111000100110101001001001001111100111000110111110110110100001010110010
000101001010111011111000110100000111000100000010001010111010110100111000110111110001111011000110111011001011001101111101001000111010111000110111001001111010000001001000110101110110000000111110
001000001100001011010010111010110111110110001100110110001000001010110101000110001110111000000110111100110111111011000111110111001101001011110010111001001100111010111010001110111100001100110110
000100001000110100110110000100001101111011111010110110000101001001111000001001010011111101111000001101111001001001001011110111001100001010001010110011110110111000110010110010111000000110001000
001001111100111010001010000100000011000111111001001000001000110100111011001000111011110110000101000110111010111000110111001100000110001100001000001101001110001110111110111011110110001001111011
000010000011001000111001110101111001000000000111110011000101000110001000111011110101001001110110001001001010110101000011111011001000001110111001110101000101000101001010110111111010000101001101
001000110110000001110100111000000110001000000100001110110101111010110101110011110100000101111000101110111001001000000101001010110011000110000110110100110100000101001000111010110100110110111000
110111110101110101000110001010001111111101110010111010111001111000110010111101010000111001110111000101110011000110000011001010111010110111000101110110111100000000000111001011000110111010110011
001101000111000110111011001110111101111000001001111101000100000110110011001000110011111000110110111011110100111011000101111011001001001001000111001100000101000111001101000111000100111100110110
001001000110110010001111001011001101000110110111000101110111110100001011000010000110111000111001000011111000001000111110000010110110110001000100111010000101110101000100000001001000000110000010
110001000110000110000100111101001010001011111100000110110011001110001111000111111000110011111010110110000110000111110111111010110101111000111000111010001011110100110110001000001000111100111000
000001110101110111111000000101000101000100111100111000001011000011111000110101110111110110000101000110110111111101001000111010111010001010001011000110001000110110111000001100001111001001111001
000111001000000011001100110101111010111001001001111000000110110000000110000110111100110110111101111001111110001000000010110001111100111000111000110110001011000111000101110110110101111010010010
001001000111111001110111111000000110110111000101110111000110111100110101110100111010000110000010110100001000111010000111111011110111001101111010110111110110001010110010111001110011000100000110
111010000101001100001010110101001011111100001010000101111010110100110101110011111011000100001010111001001000001100000111110011111010001011110111001000001011000111001000000111001001111000000100
001111111000000101001001110101001010110111110111111011000100001000001010001100001001111100111001111110111001001000010000000101110101110101001010111000111100111011110011111010110111110101000111
111111111001111100111101111001000110110111110011110100110010111101110100111010001011110001000101001010001001111000111010001011000011001000000110110111000010110101110000001010000111001001001111
110100111001000100101111000110111010000111111001001000111011000101000101000101110101000110000111000111111101110100111000110011111100111000001000000110110010110101001010111001110100000100110111
000110111000111011000111110111001000000010000101111000000111111010000111001001110101001001000101000101000000001110000010110101000010110110111100111001110110000011111001001001111000110110110111
110010111010110111111010001011111000111000110110111011000110001000111010000110110111001111111000111001111010001011001011110111000110110100001001110110001000000101111100000100110011001011000110
001001000011000111001001000111001000110010001000111000001000110111000001111001000110000100001010000101110100111000001100111000000101111010111010110110001101111000111011110101110111001010001010
110100110111001001111010110010110111111001110101110101110111111011001011110010110011000111111011111100110100000101001000110111111010110011001001110100111101111101000101110011001011001010000111
110110110111111001111101000100000100000100111001000110001001110110111010000010101100110111000110111000111000111001110111111000000111110101000111111001110001000010001011001001001101111010000110
000110001010111010110011110011001101111000111000110100000110000110110001001100001101111011001001001001111011000100110111000111111110000100111000110011001000111001110111110010000010110110110100
110110111101110011001001110111111001001001001001110101111101110111000111111010111011000110110111110110110111001001110100111010110010001011001100110100110010001010110111000101111001000110000110
111001111000000101111101110110000101110111111100001001111010001000110110110110111010111000001001111011110111111000000010111000111010000000000111000100000000111001110100110110111001110110111011
111010111000110111111000001000001010000100111010001001000111001000001011000100000100111000000101000111110110110110111001001000110010000110000100110011111010001000001000000101000011111011110101
001101001000110111001000111110110110110101111000110011111001110101111100000010000100001001110110111011000101000101000110001011001000000101110110000100001100110100111000010010110010001110111110
000100001010001000010001010000001000111000000010000111000110111001000111110110000011000111001110000100110111001000000101001010000101111100111000000111001010000011001010000111000101010000001100
110110110101110110001100110110111101111000001000110000110010001001111001111011111010111010111110000100000011111001111000111101000110110011110111001010000101001000000110000111000111110101111000
000111000010110101111001110000111010000110110101110111001010001000111011001010110101000110111110000101111000110110110100111000000011000101110000000110001010111010000011000100001100000110111110
001000000111000101111011111000000111000101000111000110111010110101001010101110111100110110110110111010110110001000111010110101111111110111110110111111001100111010111001001001001001111010001010
111010110011110011110101110100000101001000000011111001110011000101000111101111000100001001000101111010111010001100001010110111001000000010111010110010001000110110000101110110000111001010111011
001001000011110110001001110100000101001101001010001101000001001001001101001010111011111000111101110011110011111011000011000001000110000111000110110101001100000110001000000111001001110110001110
110011000011001010001010110110111000110011111001000110001101110011111101000100111010111011110111111101111100110111110110000101111000000111110011001110000100000110001011111010111001111110110010
111101000011001000000010000011111001110010110011000111001000111100001011110101110101110100111001110111000110110111000011000110000111111010001011110001000111110110110001000110111011000100000111
111111111000110111110110001000000101111111000100111010111010101111110101001001001011110110110111000101001011111000110110111110001100111100110110111100111000111100111100111001110100000101000100
111010000101000010111101110111111000000111001010110111000000001010001100000110001011000100001001001010110111000111110110000101001100001011111011111001111011111010000110000101111000000110000110
111000000110000100000101001010000110111010001010110100110100000001111001111001111101111011000100001011110111001001001000101111110110001001110110001001111110000101001010111001110101111000001110
000100000111111111001011111001110101110111110001110111000111111001111000110000111001010000110101110101110111000011001010110110001100001000001011111010110101000111000100000111000110111000110110
111101001010111100000110110111001100000101000011010000000010111010000000000100111001001000110111111100111000001000000111001100111100110011111101001001000011110011110111000110000110111010001010
000110110101110110001000110011000010110111000111110110001010110111111000001010000111111011111100000001110111110100111001110101001001000101001000110110111011000111110110001010110110001001110011
110100001010111101001001111000001000001010001011111000001010110101000011001011000111111000000101001000111101111000001011000110110100111011110101111011110010111000001100000100000010110110111000
111000001010110010110001001011110111110010110100000011111001000101000111001000000111001001000101001100111001111010001001110100110001111000000101111000000010111001000101101110110001111011111011
000110111011110100111000001010111110000100000101001001111011001010110010000101111000000111110101111000000001000101001011001011001111110011001001000110111000000101001011110101111001001000111011
000101001010111011110010000011111011000111111001001010111011110100000111111111111000110110001011001000000101001100111000110100111000110101000011110111111001111000111000000100110000001001111010
000111001100110100000100111000110010110111000101110111110110111010111010110100110100000111000110111000110110001100110010001010000110001001001100001010001100111000000101111110110101111001110111
010001110101110111001101110101000101110110110101001011111011000110110101111001110010111011110111110010000111111001111011001001000101000110111101110011000111000101001000000111110001001001110101
110101001010111011001011001001000101111010110110000110110101000100110010111010110111111010110011111000111001111100110101000100000100111100001000110100001010001011000101001001001001000111000111
001010110110001010000101110001111001000111110110000100001000000101110101110111110111001011001000111000000000111001110110110100001000111110000101110111110000111111001011110101001010110011110100
110111001010111100001000110111001100111000110101001011110111110111000010111010010001001000000011000110111001000110111010110101110001000000001010111000000100110100111001000001111100111000110100
111010111100000011000101000101110111111001110111000100110000110111000101001001110101110011111000110101001001000001000111110101001010000101000001000111001011000010111000000011110110110101000100
000111001000110110000101001111110001111011000011110111001001000010001001111001111000110111110000111010111010001000110100110101000110111001001011110001001101111101110101111001110111110100110110
110101110111001011001010110110111000111001001001001000000111000101110110110110000101001001110100000111111110110001000110111001111000111001110101000111000101001011111000001011001000001100111010
000101001011111001111010110001000111110111111100001000000111111010111000001001111001000110111001000111000110000111110001111101111011001001111010111000111101111111001001111000000100000011000010
001001110011111010001011001001001010111110110110000110001111110100001000110111000111000111110110110111110010001000000101111010000011110100000110001101111010001000001101001001000101001010000111
001100000110111000110110001010000110110111111010001100001000000111110010000101111010001011000011110110001011001101000010111011000101110110111001000110000101000110111011110011111100001011111101
111010000110111010001000000011000011111010110101111000111111001101000111000111001010001000001001111100111101111100001000110111110111001011111111000110110111110111000010110111001100000110111110
000110110110110111111010001011111110000111000100110011000110111010110111110011001001001011110101110111000111111001110100001000110100110110111011001100110111111100001010000110001010111001001011
110111111011001011001001000110110111000111110011110101000101001110110110000100000110110111000111000101000101111001111011110100110100111100001100111001110100110111000111001001000010001000110101
111001000110111000111101001011000111111000110110000000001011000100000110111000111001111011001101000100000010111001000101111101110110001001000011000110111000110111110111110110110100111111001011
000110001001111111001000000000010000000110001001110000001011111011000101001001000100110011110010111011111000001000001011000100111000111001000100001111111000000010110101110110001100001010111000
110111000011000101110101110111110011001001110011001001001000111011000101001000001000000110000001001000111101000111000000001001111000001000111000001001111111110110001001111001110001001100001100
000100000111001000111100001010001100001010000111000110111001111010110110110011000111001001110111001001010001000011111000001001111101001101001001111100111101111011000100110111001010111000110110
000110001011001001110111110111110111110110110001000111000101000100001110110100001001111000000111111010110111000101000110111011110111000100000011001000001101001100110010000110111001110110010000
111001111001110110000111110110001011000110111010110101110111001110000100111000111001110100110110111001110100001001000110001010111100000111110111111101110111001000001001111011111010110110000111
110101000111111000110110111111111001111010110101000110111010110101000100111011110100111000110101001000001010110111110111001010111010111011111011000111001000110110110100001010110101110001110000
000101110111111000111001001010111000001000000100000111000100111100111101001010001111111011110101110011110110000111000001000010001000000100110100111000000100110110110100001011110110000110000011
111000001010000111110111000001110100111010110110111010111011111001110111110101000111000111001011110100110110000100111000000100110100001011000111001010110110110110000000110010001110111010001100
110101110100110111110111000011000111111100110101110110001010000011000101110001111000001001110111001000110101111100110110110100000111001100111000000111000110001011001001001000111000110110110111
010000111110110011111001111010001111110101111000110101110011001001000000001101110100111011111010111100001010000110110011000111111000111001110100000110000110111011001011110010111000110110111110
000011001101111001110100001001110011001111111010000110001011110110001010110100111110001001001010001011000000111010001110000001111100110111000101001001001100110100000110001000000110110101000110
111000001000110111000110111011001110111001111010110101110110110111001000000111000100001001110111000110001000001000000111111001001000000111000111000110111001001010001010001001110101001010001000
000110111001001010110010000110110100111000111000110110001000110111110010000100110110001011111101001001000111000111000101000010111000000101111110111011111001110100000101111010110111001010110111
111010001001110110111000000110000100110101110110001110001011110010110110110110000100110111000000001011110010000110001000001010000011111110111001000101111000111000111010001010110010111001001100
111000111110110101110111001010111000111100000100110111110110111000000110110101001100000101000110111011000111110111111010001100111000111011111011111010111110000111111001000110000111000010110101
111000001100110111000101001001000010110110000100111000001000110111110011111100001010111000110101001011000100111110001100001011000011110101000111001000111011001000001011000110111010110111000101
111010110100111000000000000110111010110010000110111000001010001011111000111001000111000100110110110100001001000101110110000101110101110111110111001001001100110101111011111000001101001100111011
110111110110001001110100001010110110000111001001001000110110000101111000000110110111000100001011111000001010000101110000000101110011001110111000001101000111000111110101110010001100111001000010
001001001000110111000111111001001000000011110111000100110101000100000100001100110100000111110100110110110110001000000111001001000110001001110101001000000101111000110011000111000110001010110100
000101110100110110110110111001111000110110111010110111001100111010001010111011000101000011110010110011000110111100111001110001111000111000111000110111111111111100000101110001110110110100001101
011111110101000111000010000111111101110101110011111111000101111001000110111100110111001001110011001011001010000101001000000010111000110000000110110110111101001001111001001010111001110110000101
011111001001001000001000110111111000001000000111001011111011110101001011001011110000111010110110110101001000110101110101001000111001001011111000000110111010111110110111111000110101111100001000
011111111010001000000101000011001001110100001011001101111010001111001001000101010001111001111001001110110100111000000110001000000101000101111010000100110110110011111001110110110101000111110101
011111110110110111110111110011111010110101111000111100111000000101111000000101111001001010111000001010001011111000000101111000111101111000000110110111001010001001110110110110001000000110110011
011111001100001001110110111011000110111011111001000101110011000111001001000010110111110101111001110100000100110100111001110001001010110001000110001011110111111001111110110100110100110100111001
011111111000001011001101111001111001110110111001110001000101001001110010110110110100001000110110111010111010111010110111110101001000111111111010110101110001111010001011000001110110111000000101
011111111000001000000101000111111000001000110110110111000100110110000111110011111001111010000100111010111100110100111011110100110110001001001010000110001010000111110100110111111001110110000011
011111111010111000000101111001000101111000001011001101111011000111111111000011000110111000111010111010111001101111001000110000000111110101111000110010000111001101001010000101111011111010000111
011111110110111010111010110110111000110011111000111010111100001010111001111001111100001000000101001100110010110101111001000101001010110111000101111110111010001000110101111100001000001000001010
011111001011110111110101001011001100000100000001110010000110111000110011000111111001110111001010111101000111110100110110110100001011110100001011111011111100111110111000110010110110000111000110
011111001010110101111010111010001110111011001100111000111011001001111101001100001001000111110111111000001011111100000100110101001011001000000001110110110110111000001001000011111000110011000101
011111000101111011000010001001110100001000001010111001000111111000110111111011001010111011111010000110111101111110110100110101111100101110000101111000111000001011110101001000001000000110101110
011111000010111101001011111100000011001001111001111001110011111001110100111010001000111010110111111000111001111001000100101111001000000100000111001000001100110010111101001010001001110110110100
011111001000111001001010001001111100111011000110110011001001001001111010110110110111001000110101000011001011111000000100000110001000000011111000000100001111001001001011000101001000001000000100
011111001100001000001100111010111100000111000101111011111001000100000110001101001111110111111001000011001010001001001101110111000110001010001100110110111100000101001001001000110101110110111000
011111111001110111001010111011111100111100110111110110001101110111000011000110000110001100111001111000001000110001111011110000001101110110000110110111111000111010001011001001111001110111110011
011111111100110111000101001011001001000100001001001001001101110110111000110111000101000111000011000010110000110110000100001001110111000010110111111111111010111010000101110011110110000011001000
011111000110111100001011111111111010110001000010110100001001111100111001111010001000110101111011111010001000000101111010001001110110111110110010111011001000111100110011111001110100110110110011
001000000000110100111010000110000001110101111010110100111111111100001110000100111010110000110110111010110111110011111000001011111010001001111001000111110011000101000101110101000101000110111001
111001000101110001110100111001110110110111001011001011001000000101110001111000110101000111110010001110000101111010111001001010001110110111000011111011110101000111000101000010110110111011111010
000001000100110101110110000011110110001001110011001010110111111001001001000101111000110011000011001010110111111101110100110110001011110101000111110001001100000111110000111100110101000101001000
111000110110111110110011001001000101001010001011001001010000000000110101111011000100111011110110111010001000000100001010000111110111000111110100111010001000110110001001110001001101000111110110
001010111011000111110101000110110011000001111010001011110110110110110101111110111101110111110110110100000101110011001010110011001010000110110111001001110110000011110101000110111010000100001000
001001110100111010110111001000000111001011000111111000000111001001001000111000001001000100000010001001111011111001111010000110110100001001110110110100111110111101111101110011110101001001000011
110110000100000100111101111000111011000010101111000101110111111001110011001010110011111001010000110101001100001010001001110101001010000100001101111010111011110101110010001001000011111010111001
110101001010110100111010110101000111001100001001001000000111000100110101110101110101001010110110001010010001110100001000000000111100110110111011111001000101001000111001111011001011110110110111
000111110110000111000011001001111000111010111100111001111010001010000011001101111010001011000110000111001001001011001010001010111010001101111000111100001001000110111001000101111001110110110111
001011001001110111111110111001001000111001110111001010000111111011000110110110111011111010110111111001110111000110110110001010110111111010110101001110110110110101000100111010111001000110111011
001010110110000101001000000101110111000111001001110001001001000111110111001010110110000110000100000001000011111001000111000111010000000101000111111010001001111010111001001000110101111100111001
111110001000111001111011001011000101000100001001001011001001110011111000111010110111110110000100001000001011000110110111000010001101001000110001110100110011000011111101111010001101110100111010
110011000111111000000110000110001000110010110101110111111000110001000101111001111001110101111101111010000010000111110111001011000101110010111011001011000110110110110100111001001010000111000101
110100001000110100000011000111111100001001111001110101110101110100000111001011110110001100111000111101001100000111001000000101000100111000111100111100111000000101111001000110000101000011110110
110000000100000011001101111001001011110111110100110111001010111001110011000100110110000101111001111101001110001011110101000110110100110111000110111010110000001001110010000011001101000101001000
001011001010001111001010000110000110111100110101110111001001001101000100110101111000110010001110111000110100000110110110110111110101000001110101001100110011111000110100001100000110110110000111
111001111101000111000101110111111011111100000011111001001011001000110111001000110110000111111000111111000110111000111111001011000111110100111100110110111011000101111000110111000001111010001011
111000000110111010001001111001110111001001110110111001111010001101111000000111111001001001000011000111001001110110110101110011000101111010000011001110000101000110000101111001001001000001001000
110101001010111000111000101111000100000101000010111010110100000110001110001011000101001011001011000111110101110001000001000010110011111100110000000101001011000111000100110011111011111010000111
001011111010111010110100110110000101001010111000001010110110000011000101111010110100000101110010001010001000001000110100001101000101110100001011110100110011000111000111000111111100111001110111
000111001001000011001011000101000011110111110100000101110111001010000110110110111100111011001011111011111010110011001000001011000110000101001001111100111101001101111100111101110001001000111111
000111000111111001000110001100111000110011000010111010001010110100000111000100000011111010000111001100110101110111111010111100000100000100110010000101110010000111000101000000110101111010000100
111010110111001101110110110110001110111001001001001000001010001000110110111010111000001011111010111010001000000110000111000111110010000111000110000101001101001001000010001010111001110011111110
111010000100001000001100000000110111000101111111000101111001001010111000111001111100111001110110000010111101111001001010001001000110000111111010001011110000111000110101000100111010000110111100
110111110111001000000110000101110100110110000100001000110110111001001000001001000111111110111010110100001001110110000111110100110111001000001000001000111010001000110111111010000111001001110111
110100000110111100111100111101111000001000111010000101110101111000001010110100110111111011111001110111111001111101001100111011000011001110110111001011111000001010000111001100010000111101000000
111011001101000101001000000111111001110101111010110101111010001001000110111000001101111001111111001001111011000110001000001011000110000111110110110110001011110110111010001011000110111011110101
110101000101110010110111001000000110111001000111111001000110111100001010111000000100111111111001001011001001000011111010110110001001111010111100001011000111000001111010000111110101001100000111
111000111011110101110110001011111001111000111111000100111010000101111000001101000100001001001000001001001011001110000110111111001000000110001001111100110111110110001001111001110110001011000011
000111111111000110111111000001000010001001111001110111000101110100110010001101110101001001110111000011111001001000110010000111001100110100111100000010111101111010111001111001000001111000111000
110110000110000100001001001010111011111100001001110011111011001100000110000110111010001110000111000111001100111100111100001010110111110101000010110010110010001001110101111010000110110101111001
001010001011000011000100111011000110111010001000001011111000000111001000001101001000111011001000001000110100001100110111000110111010001000000001110110000101110011110100111011001001110110001100
000110001001001011001001000100000100111000000101000110001001001001110100001000111010000101111010001000000000000101110000001010110101000101000101001000001010110110000101000101000111110111001010
000101000100111100001011111000000101000010001000000110110100111001000000111000110111111001110100000110110101111010111010000110111011110111001010001101110011001010000000001101000110000101000111
000110001010001101000101111000000001001000000011111010111000111101000111001001000011110111111000000011110111000111111110111111111110000111000110111101001000001011000011000011001101110110000111
111101111000001000000010001010111000110101110101000100110001000010001110111000000011110000000011110100111110110111111000001111000100000000000100110001111000000111111100000101111010001001001000
110101000000111110111100001011110100000111001101110010000011110111110110101101110101111011001011000110001000000100001000110111001000001010000101001000001010111001000110110111110011110110111000
110111000110111100110011000111110100000011000001111011110110000111001000000111000100000101110100001001000110001110111010110110111011000111000110110010110111110101000111110001000011110011000111
000011110011111010001011000111001100001010111010000111110101111010000101110110111001000100111010001000110100111010000101111000110110000101001010000000110011000000001010110110111001001011110101
111000110110110011001100000110000111111001111001000110000111001010000100001001110100001010001011000111110100110100110101110101111011110101110111111010110111000111110011111100001011000101111010
000101000100000011111010001100001101110011000100001000000110110010110111110111000110110110000111001100000111001000001011000011000011111001111111001100000110111001111010110111001011110110110111
111101111000111101001001001101001001000100110110110111110110111010110111111011001001110001110100000100001001001000110100001000001100110100000110001010001011110111001101001011111001110110001111
110101110111000110000110000101111011001010000100001001110100111001110101110101110100000011111100111000110011111000101101000110111000110100110110000101110110111001001001000101111101001001111011
110110110011110101111000001000001001001010001010000110000100111000111001111010000110000110001000110110000000111011110001000111110111110011110011001010110101000100000110111000000110111000000100
110111110010001001111001000111010001110001111001111101111011001001001101111000110111001010110100000111110100001001001001111011000110000110110101001100000110110110000110000111001011110111111111
001001111111001011001000111011111100000011111011111010000101000110110110110100001011111011001000000111111001111001000101001010111000001011001010001000001000111001111001001010000111001110110010
111010110111110111110110111100001001000111110110000111001011111000111000001111000111110111001110110001000110111001001001111000001000110111111001001100111101111110110110110111111110000001110011
001011110100000010001000001000000101001011111010111001001011110100001000111010000111110110110110110110000010001011111111000110111111110110111100000100000110000111111000111000000110111000000110
111001000111001010000101000011101111110100001010000110000101000101000100000110001001001001111001000111111000001100111101000110000110110101001010000111111001000011000111111000111010000011000111
001001001101110011110111111000111001000101111010110010001010111100111010000011111000110101000111001000110100110101111110110111000110001000111000111000110110001100000100000101111001110010110111
111101111111000111001110111101000000111001000011001010001100111000001000110011000110111000110110000111110110001111001000000100111001001010110110111011001000110111001110000010110110001000000100
111010111011001000111001000110000111000101001010111010111001000111001010110100111000001100110011000101000101111110000110110111001100111000110101111110110100001000110111110101110111110110001000
001100000011001000111011000101000110110101111110110011000111001000110010000111110010001101111001111101110011111101001001000110001010000111001000110101000010001101000111111010001101111001111010
111100000101111011000110110101110101110110110101000001111000110111000111000011000110000111110011111000110100111000110110101100110111110100110001000011001001111100000111101111111011000110000100
110111110000110101110110001000111100110110000101001101000101111001111000001001110110111100001010111100110101000100001010110100111000000101110010111011111100001010110010000100000111001010001010
001011001010111010001010110100110101110101000110001000001001111000110110110111111100001001001110110010001010000111000100000111110111001000110110110010000111110001000101110101000101111101111000
111110111010000111000101111011111111110111110111111010001000000101000110000110000011000011111101111010110100101100000100000101001110001000000100000010000111001000010001000111001000111010110101
111011111001001010001000111100110110000011110111000000111101001001111000110011111011111001001001111000111100110010111100000101000100111001110111111000111011110010001001001000111011110100110111
001111000010000011111011111100111001001001110111110100000101001010000101110110000110000100111101111000110111110111111011111010111001111011110100111001001001000010000111000110110111001110110010
110101111010101110111001110110000101111100111000000111000111001100001011000110111111000111110101000101110110110111110100001110111000001000001001001100111001111000111010000011111010101101000110
001000001100001010110110110100001011110110110110000010000100001010111001001000111000110110001001000100000100001001001011000111000100001110000100000111111100110110110110110010000010001001110100
111011000011111101111000000111110111111010000100001010000110001000111101110111000101000111001001110011000111000100110011001100001010000111001000001010000111001010001101001000001011000100111110
000110000111000011001100110111111100110101110011001010111001111010001001110001110100000010111001110110111000001001111001000110001011111001000110110000001010111101110110110101001011110111000111
000111111101111010111100001101001001000100111011111001000011001100110111001110111010000110110111111000001011110010111000000101110101110101111001000100000011111101000111001011111100110010110011
000111001000111000110111000011000001110011111011111011000111110110001011010011111100000110001100001011000111000101001000111100001111000111001001001011000011110111001010001000001000001011110011
001100000011000100111011111001000101110110110100111011000111001110111000111011001011111000001101111001000110110100110111111101000011001000111001001101110110001011001010110111111000000110000100
111100000100000101111001000110110101001001000111110110000111110111001100110101001000000101000101000110001001110110000100101111000100000111001011000101110011111000111010000100001000001101110010
001010110011110111000110001111110110110011110100111011111010111010001000110100000111110110111001000010001001110110001000111001110110001001110101111101000011111001000100001110111010110111110111
110101111100001011001101111101110110000111001100110101111000000011000110010000000110111000001001001000111000001000000101110110001000110111001001111010110110111101111000110010111100001000111010
000100000100000111000010001101111010110001000110001000000001110011000101110011111011110111110110111001000101110101001010111010111001110011000110000101001000001100111001111100000011110010111011
111011110100110011110100001010110101111010110111110111001100111001110110000110000001110110000100000101110011111011000111000101111010110100111010110111001011111011111010001011000111000101111001
001011001101111001110111000101111010110101110100110000110010110010000100111000110101111001000110001001001010111111001000111100001100000101001001110111110110110011001010110111111101101111110010
111000001000110111111001111010111001000100001001001001000110001100111011110111111110111010111001000100010000111000111100110011111010000110111100110100111010000111001001110111001001001011001011
110110111100111000111011000110001011110110110110000111001001000100000110111100001001000101111000110100110101000011111000001000001011000111111101111000110110111000110000001100111010000110110110
110101001000111001001110001011110010110101111100000111111011110101001001111010110110111101001010110110001010000001000101001000110011111010111011111000000110110111110101110110110111110010001001
001011111010000101001111001010111001111000001001001111110111000000111011111011110110000010111100111000001010001001110110111011111000111000110110111111001010001110000000111000000111110111001001
001010001000111100111010000110000100111010001101001000110110001000000111001001111001001010111010110010001010000110111100111000110110110101000111111101001001111011000111000011001011111001001000
001010000101001000010011111010110101111010111100111111111000001000000110001011001000111001000110001010110111001001111000110111110011000110111001001101111010111000001011110110110110111001111101
001010001010001000111010001000000111111000110111000110000111001001111001110101111101000101111000001001111001110100001100000000111000111001000101110111110101111110000111000110110111111001111000
000100001100001101001001111000000111110110001000000101111000001001000111110101001100000111110001110001110000000111001101110101110111110110001000001000110110111010000101001101110110110110001000
001101001000000011111001001000000111000100001000001011110101111100001010110111110010000101001001110110000100110101001100001100110100000000000001000100000100110111000011000110001000000100111011
001101111100000110111000110111111011000100000101001011001010111101110011000110111000111000001011001110111110001110111011110101111000001010110100110110001001110110110110001100000110001000001010
110111000011111100111011000100000101000110110001001000001101000100111010110011111001001010001001001000111000001000000110001011110101111001001001000110111000110101000101111010111011111000111010
001001110110111000000010001101001001001001001100111001000011111000110001101100001101111011000111001001001001001001001010000110001011110101000111000110111000111110001000000101110111110111001001
000111110101111011111000111001001000110111000101000101111100110110110110001101111100000110110100000111000100001000111011001001001000111001001000001100110010000111111000001010000000110111000110
110010000111111100111000000101000100111010001000110111110111001011001001111011000100001001001100111001110110111011111001001010000100000111001010111001001101110011000111001000110111000101001010
111101000110000110111001001010110110110011110111111010111001000011001010111010111001110111000111111110001010001001110010001000001011111000001000111001110100001000001001001001000101000111111000
110111000110110110000111110110001011000111000110000100000111001010000111000100001000001001111010001001001011110111111100001110000011110110000111111000000101001001000011000110110111110010001100
110101110101000111000100001000111000001011110000111011001011111001111010000100111010000101111000110101110110000100111011001101001011110111110101111110111001000111111000000110111010001000001000
001000001000001011000011111101001101111000110110001010111000111101001001000011000111110110000111111000000110111000000111111000111011110010110111111011010000110100111001001001000100110100000111
110111000111110100111001111010110101111001001001110011000111111000111000111010000100001110000110001011111010010001110001000010111000001001111000001100000101111001110111001100111100110100000110
001000000101000111001010000111000111111001001010001011110011001011110100110101001001111110000100001010000010110101000001000111110110110111110111000111001101010001111001111001001010010000110100
001001111000000011111001000101000101110110111100110110000101111010111001111100110101111110000101001000001100001011000110111010110111111001000001000101001111110111111011110011110110000111111000
110101111001111111111111000101111000001011111010001000001010110111001100000100000010110110000100110100000110111000110111111000001001111010111101111111000110000111110111001010111001111000110110
111001111001000110110000111000001101111000110100001011111011110110000100111011000010000101000000110101111010110001001001000101001110110011111001111101001010110110001011110101110111001001001000
111101111000001011110100111001000110000001000100110110000110110111000001111010110011111101001000111011110111000101110100111010111000000100110111111010110000001100110111110010001101000111110100
110001111010000100001000000101110010001100111101001000001010111100000111110101000110110111110101111110110011000100001010001001111000000100111001110110110101000010111100110111111011000111101110
111101000011110101110111111000000110001010000010001010001010001001111010001011000110111001110001000100111011000111001100001001001001111101000111001010110110010011110110111011110111000111111010
110010110111001000001100000110111011111001001000110110111100111111111010001011001110110111111000000100001001000110000111001001111000001001110111110111001111001111000110001010000101000100001000
001000110111110101001100110101001100000110001001110101001010001001000101111101001010001001001011111000001010000100001111110011110100001011111010110001010010110111110111001001111000110101000110
111010001010110001111011001100001000000101110111001100001100110100111001111001001100000100000110000100000011110110111011111010000101000111001000001010000101110111001010000110110100111000111010
111001111101111011111001000010000110110111001000000101000111001000000100111001110110110101001011110101110101110111000101001100001000001010110110000111001000000110000101110100111000001100000110
110101111000111100001101001000000100001001000011111011000100000101000010000111110111110111001111000110001001001001000111110100000110000011111001111010111011000111000101001011111000111010001100
000101111000111010111100110111111011000010000101111010110011001011001001000111000111111100001000000010111011001001000000001011001000000101110111111100001000001011000001111101001101110101000110
111011001000000000101010111110001001111010110101111000001000000011001011000111000110000101001010001010001000110011000010001011001010001000000100110110000010000111111011110011111001001011001001
110110001010111011110100111011001011001011001010110011000110111000110110111000000000000101111001000101110001000110111000111011111000110101111010111000000000110110110111110110111110110111001011
111011110101111100110110110010110110110011111011000101000111000111110101111000001001110101111011001011110110111001110100110111001001000111001110001100110111000010000111111000111000000100110101
111011000010000101110011000101111000001011110010000100000110001001110101110100110101001011110111110111111011110110001001110100110101111000110101001111111001001010000101000110000111111111000111
110111000111111111111110000101000101111010000100111011110101001011000110110010001000000110111000111001111011110100111001000001000100110111001010111100110110110101111011111110110100110101101110
111000110011000101000011111001000001000111000101111100000000111011110011110111110110110111111011111010001110111010111010110110111010111101111000111000001010110011000011111000000100110110000100
110111000011001010001001001100111000101111111000000110001000000110000101110111110111110011110111001010110011110010000101001001001101001000000001111010001010000100110100111000110101000010001001
110100000011001000110111110111110100001001000011111011000010111000000100010001110110001000110110111001111011001001111011000100001100000100111110001000001010010000000100001011110011111010001010
111100000011001001001111110001110101111100001000000111111100000110000101110101001001000011000111110011001100111001111001000011000110001010110101110011000101110111000110111000001000110101000011
000101111000111000000101111000000101110111000011110011000110001000111011111000111001111000111001110100000010001100111001001000001000111010000111110101000011001010000101110110001100110111001100
111011000101001001110110000111001100001001000101001001111111110111110110000101111001110000111001111000110101001011111010111101110011110101110111001100001001111001111000111101000000110100110111
001000000110000110001000001010001100001001110011111001001001110101000001111001001001110100110110000110111000000100001001111001111010110011001000001000001011110101111001110111000111000100111011
001010000111111000111100000110111100110101111001001101000110000111000110000111110111111001110100110111110111001001001011111010001001001101000100110110001101111000001011001000110111110011111001
110110001010000111001011000011111101111001000011001101001001110011111000111010001001110110110100111110110101111000111011111100110110001000001000111110111010001001000100001010111010001110111010
001000110101110101110101111110111011110100110010001001111010000101000110001010000101000011001010001000110110000111101111110111110101001000110011111011000100000100111101110000000001110101000101
001000001010001011000001110111001110110101110110111111110101111100111010001001001010001001001001001000110101000111001000001011111010110110111001000101001001111101110110001000111101110100001000
111010001010001010000111000111001100000011001001001000000110000010110001000110000100110101000110111001110110111000111001111011111100000110110110001001001111111011001001110010000010000111001001
000101111011110011111001010000000010110110111010110111000110110111110010111001000110000111110100001001110000111010111000001010110111001100001000110110111111001001110111111101000100110111001010
111000001010000111000110110011000101000010000111010000001001110110000111000100110111001101111010111101110110110100001000001010111010110100111011001001111011110110000010000011000010000010110010
111010001100000111110111001100000111111000000100110110000001110110001011001000001011110010110111000000001110001011000100000100110101001101111001110011001110001100001001000110000111001101111001
110110110101111011110111110111110011110100000110000111001111001011110111000111000110000001001010111010001011110100001001110100000011001000000001000110001001000011110010110010110101000101000100
111011001010111000110010001011000011000010111010110111111010110011000110001001111000110111000111110100000111000100110100111011111100111000111001111000001000111001001001110111110111000111111001
111001110110110100110110111001111101001001001010000111111010111010001000111001111001000111001010110100000111110111000110110111000010110011111010110000001010111011111010110111111101001010000111
111011001010001001110010111000001010111111001000111010000101111001111010110100001100110110001010111000110100110111111011000110000110000101111000110011000111001111000111001001001000000000000011
111101111100111000000101110100111000000100110111000111001000110101000111001111110110110101001001111011001011111001001110110100000101001010000111111011000110110011111000000101001001001100111001
000010001000001101111000000111110011111010001001001001001001000100001000000111001011110101110110110111000111001010001001000101111010001010000110000101111011000100000101001000000101000110001100
001011110111000001010010001111000110111010001101001001000101111010111001111000111010001011110111110111000011000010110111110101000111110111001010001011101111000101001000110110001110001001110010
001011001011110110110110110011000001000111111001111000001011000101000101110100001001110111110111110110000011110100000101001001111110000101110110110011110100110011110010111000001110000101110011
110110110011000110001010001110000011111111110111110101110110110110001000111110111010111010000110000101110011000111001000111001110010110111111001111101000111001101110011110101000100110110110111
110110000110110110111001110100001011111001000101001010000111000110110110000100111011001010110101110111001011001110000111110110111010110001001010110010000011110100110100111000111000111010001001
111100000110000111110100000100111001001011001001001001000001110110110011110110000111110111110101000011001000110101110100001001110010001001111111001101110111001000110110111100000111111100001001
001011110110001010000110111000000010000111001000001011110101000111110000000100110001111101001110111000111100000110000111111011001000111100111110110000111010001101111100000110111011000110110100
110101111011110111111011000010001011111001000101111010000010000110110010001100001000000000000100110110110101001101001000111001000101111100000001111010111101111010000001001110000100111100110111
000110000110110101001111111010110011001000001000110100001010110101111100001010000011000110001101111010110101111001111101001000000110001100000110111000110111000000001000110110110101001001110110
110101001001000110000100110110111010000101000011110110110001001010001011000111000001110101000101110011111000111100000111111000000011101110001000001011000001001001000010110001000101111010001001
000010000011001000111000001000001011001010110101110111111011001000110011110111000110110110110101111100111110000110001011001001111111101111110011000111111101000110110001001011001100000100000011
111001000111111001001100111000001001111001001101001010110100111100000001110100000111001011000011000110111011000100110111111100001000111010110011110111110111110101111001111001000100111000001101
110001001011001000110111111101000111000100000001001010000101111100110111000101001001110100111100001011110110001010000011110111000110101111111110111101111011111100000111110101110111110101000110
000110111001001011001010111000000000000000111010111001000001110100111000110111000100110010111000110111000100110001000101111010111000000110111010110010110100111100110111111001110111001001111010
110111000111110110001001001001001001111011111001110110111000110010000101110000111001110011000110110111110111001011000011110011000111001010111011000101001001001011110011001000001100000100111011
001000110111000111111101111010110111000111000100110101111010110101110101010001111000110110110111110111000110000110000101111110001100001011000101001010111001111001001011110110110110110110000111
000011001010111011101111000110111000110111110110111010111001000101101110111001000101111001001000111000110111001001111110000111001100001001111001110011000100000110000100000111110101001011000101
110011110100111011111001111001110111111000000100000110001010111011001000110111001101111000010000110111110001111100110111000110110110001010001101001000001010001001110111110011111000001010000100
000110111110110111000111111000000110111001001010111010111000001010110011110100000110111001001000111101000101111101001000110111001100010000110111111000111001111001110110110111000101001010001001
000101001101000111111100000101001010111001111001000101110110000110001001111001001011110110000111111001110101001000000010000011111100001010111000001010000110111011000111110000110100111010001011
000110001000001001001100111000001000110100111011111011110111111100110110000110111001111001000100000001000101111010000111111101001001110010001001110111000101110101111010101111110110110110000110
111010111001111001110110001100000011111001110110111000000011111100110101111100000100001011111010000101111001000101000111001000110100111000110111110011001000110111000011110101111100000110110100
001101001001111010000010001110110100110001111010001001000111001110000110111001000100000101000101110110001011001011010000110011110001111010110010110111001010110111111000000111111000110110000100
111000111110110011001001110100111001111111001010110100111001111001000111001001000001001011001010000111110111111011111010001000001111111100001010000110000101001001110110110011110110111011110100
111000001100000101111010000011000011001100111010111000000010001110001010001010001010110110110111111001001011111001111000110111111000110101001000001011110100001101111010110111111010001110001010
111100110100110111000111111100111000001100000011110001110110111101001000001000111000110110111010000000110000111100000010000110000110001101111001110110001001000111000000110100110100010000111010
000100110110110111111011111100110100001000001010000011001111110110111000110111000110110000110111111001001011000101001011110110000101111000000110110101000111001000010001111001000110110101000011
000101001000001000000110111100111100001110111110110110000101110101110101001111000110110101110101001001000110111011001100110001000100110010000101000110110110111000001001000110000100000110110101
001001110100110110111011001001111000111001110101110101110101000001111000000110111000001001111001111010001100110010001000000110001000111011000111001000110101000001110111110100001000111010001001
