011111100000100000100000011111011111100000011111100000100000011111100000100000011111011111011111100000100000011111011111011111011111100000100000100000011111011111011111100000011111100000100000
100000011111011111011111011111011111011111011111100000100000100000100000100000100000100000100000100000100000011111011111011111011111100000100000011111011111100000100000100000011111100000100000
011111011111011111011111100000011111100000011111011111011111011111100000011111011111100000011111100000100000011111100000100000011111100000011111100000011111011111100000100000011111011111011111
011111100000011111100000100000011111100000100000011111011111011111011111011111011111011111011111100000011111100000100000011111011111011111100000100000100000100000011111011111011111011111011111
100000011111100000011111011111100000011111011111100000100000011111011111011111011111100000100000100000100000011111100000100000100000011111011111100000011111100000100000100000011111100000100000
100000011111100000011111100000011111100000100000011111011111100000011111011111011111011111100000100000100000011111011111011111100000011111011111100000011111100000100000011111011111011111100000
100000100000100000100000011111100000011111100000100000011111011111011111011111100000011111011111100000011111100000011111100000100000100000100000011111011111011111100000011111100000011111011111
100000011111011111011111011111011111011111011111100000100000011111011111100000011111100000011111100000011111011111011111100000100000100000011111100000011111011111011111100000100000011111011111
011111100000011111100000011111100000100000011111011111100000011111100000011111100000100000011111011111100000011111100000011111100000100000100000100000100000100000011111011111011111011111011111
100000011111011111011111011111011111011111100000100000100000100000011111011111100000011111011111100000011111100000011111011111011111011111011111011111011111100000100000100000100000011111011111
011111100000100000100000100000011111100000011111100000100000100000100000011111011111100000011111011111011111011111011111011111011111100000100000100000011111100000100000011111011111100000011111
011111011111011111011111011111100000011111011111100000011111100000011111100000100000100000011111100000100000011111011111100000100000100000100000100000011111011111100000011111011111100000100000
100000100000100000011111100000011111100000011111100000100000100000011111011111100000100000011111100000011111011111100000011111100000011111100000011111011111011111011111100000100000011111011111
100000011111011111100000100000011111100000011111100000100000011111100000011111100000011111100000100000100000011111100000011111100000011111011111100000011111011111100000011111100000100000100000
100000100000100000011111100000100000100000100000100000011111100000100000011111100000100000100000100000011111100000100000011111011111100000100000011111011111011111011111011111011111100000100000
100000011111100000100000100000011111011111100000100000011111100000100000011111011111011111100000100000011111100000011111011111011111100000011111011111100000011111011111011111011111011111100000
100000011111011111100000011111100000011111011111100000011111011111100000011111100000011111011111011111011111011111100000011111100000100000011111100000100000100000011111100000011111100000011111
100000100000011111100000011111011111011111100000011111100000011111100000011111100000100000011111011111100000011111100000100000100000011111011111100000100000011111100000100000100000011111100000
011111100000100000100000100000011111011111100000100000100000100000100000011111011111011111011111100000100000011111100000100000011111100000011111011111011111011111011111011111011111011111011111
100000011111011111100000011111011111011111011111100000100000011111011111011111100000100000011111100000100000011111011111100000100000100000011111011111011111100000011111100000100000100000100000
100000011111011111011111011111011111011111100000011111011111011111011111100000100000100000011111100000100000011111100000100000011111100000011111011111100000011111011111011111100000100000100000
100000011111100000100000100000100000100000011111011111011111100000100000011111100000011111011111100000011111100000011111100000011111100000011111011111100000011111100000100000100000011111100000
011111011111100000011111011111011111100000011111011111100000011111100000100000011111011111100000100000011111100000011111100000011111011111011111011111100000011111100000100000100000100000011111
100000011111100000100000011111011111011111011111011111011111100000011111100000011111100000100000100000011111011111011111011111011111100000011111100000100000100000011111100000011111100000011111
100000100000100000011111011111100000011111100000100000100000100000100000100000011111011111100000100000100000011111011111100000100000100000100000011111011111100000011111100000100000100000100000
100000011111100000100000011111100000100000011111011111011111011111011111100000011111011111100000011111011111011111011111100000011111100000011111100000011111100000011111011111011111100000011111
100000100000011111100000011111011111011111011111011111011111100000100000100000100000011111100000011111100000011111011111011111011111100000011111011111100000100000100000100000011111011111011111
100000011111100000011111100000100000100000100000100000100000011111100000100000011111011111100000100000011111100000100000011111100000011111100000100000100000100000100000011111011111100000100000
100000100000011111100000011111100000100000011111011111011111011111011111100000100000100000100000011111100000100000100000100000100000011111100000100000100000100000011111100000100000011111011111
100000100000011111011111100000100000100000011111100000011111100000100000011111100000100000011111100000100000100000011111100000100000100000100000011111011111011111011111100000100000100000011111
100000011111011111011111100000100000011111100000011111011111011111100000011111011111011111100000011111100000011111100000100000011111011111011111011111100000100000011111011111100000100000100000
100000011111011111100000011111011111011111100000100000100000011111011111011111100000100000100000100000100000100000100000100000011111011111100000100000011111100000100000011111011111011111100000
011111100000011111011111011111011111011111011111100000011111100000100000100000100000100000100000011111011111011111100000100000100000011111100000100000011111100000011111011111011111100000100000
100000011111100000100000011111011111011111100000100000011111011111011111011111100000100000100000100000100000011111011111011111100000011111011111011111100000011111011111011111011111100000100000
011111100000100000011111011111100000011111100000100000011111100000100000011111011111100000100000100000100000100000011111100000011111011111100000100000011111100000011111011111100000100000011111
011111011111100000011111011111100000100000100000100000011111100000011111011111100000011111011111011111011111100000011111011111011111011111100000011111011111011111011111011111011111011111100000
100000100000100000100000011111100000011111011111100000100000100000011111011111011111011111011111100000011111100000100000011111011111011111100000100000011111011111100000100000100000100000100000
011111100000011111100000011111011111011111100000100000011111100000011111100000100000011111011111011111100000011111011111011111100000100000011111011111011111011111100000100000011111011111011111
011111011111100000100000011111011111011111011111011111011111011111011111011111100000011111100000100000100000011111011111011111011111011111100000011111011111100000100000100000100000011111100000
100000100000100000011111011111011111100000100000011111011111011111100000011111100000100000100000011111100000100000100000011111011111100000100000011111100000100000100000011111100000100000100000
011111011111011111011111011111011111011111100000100000011111011111011111100000011111011111100000011111100000011111100000011111011111100000100000011111011111100000011111100000011111011111011111
011111100000011111100000100000011111011111100000011111100000011111100000011111100000100000011111011111100000100000100000011111100000100000011111011111011111011111011111100000011111100000100000
011111100000100000011111100000100000100000011111011111011111011111011111011111011111100000011111100000100000100000100000100000011111011111100000011111100000011111011111011111100000100000100000
011111100000100000011111011111011111011111100000011111011111011111011111011111100000100000011111100000100000011111100000011111100000011111100000011111100000100000100000100000011111100000100000
011111100000100000100000011111100000100000100000011111011111100000100000011111011111100000011111011111100000011111011111011111100000011111011111011111011111100000011111011111100000011111100000
011111100000011111011111100000011111100000100000100000100000011111011111100000100000011111011111100000100000011111100000100000011111100000011111011111011111100000100000100000100000011111100000
011111100000100000011111100000100000100000011111100000011111011111011111100000011111011111100000100000011111100000011111100000100000100000011111100000100000100000011111011111011111100000100000
011111100000100000011111011111100000100000011111011111100000100000100000100000011111011111100000011111011111011111011111011111011111100000011111100000100000011111011111100000011111100000011111
011111011111011111100000011111011111100000100000100000011111100000011111011111011111100000100000100000011111011111100000100000100000011111100000100000100000100000011111011111100000100000100000
011111011111100000011111100000011111100000011111100000011111011111011111011111100000100000011111100000011111011111011111011111100000011111011111100000100000100000100000100000100000011111011111
011111011111100000100000011111011111100000011111011111011111100000100000011111011111011111100000100000100000100000100000011111100000011111100000100000011111011111100000100000100000011111011111
011111100000011111100000100000011111100000011111011111100000011111100000100000011111011111100000011111011111100000011111011111100000100000011111011111100000011111011111011111011111011111011111
011111100000100000100000100000100000011111100000011111100000100000100000100000100000011111011111011111011111100000011111100000100000011111100000011111100000100000011111011111011111011111100000
011111100000100000100000100000011111011111100000100000011111011111100000100000011111100000011111011111011111100000011111100000100000011111011111100000011111100000100000011111100000100000100000
011111011111011111100000100000011111011111011111011111011111011111011111011111011111100000011111011111011111100000011111011111100000100000011111011111100000100000100000100000100000100000011111
011111100000011111100000100000100000011111011111100000011111011111011111011111011111100000011111100000100000100000100000100000100000011111100000100000100000011111011111100000100000011111100000
011111011111100000100000100000100000100000011111100000011111100000011111011111011111011111100000011111011111011111011111011111100000011111011111100000011111100000100000100000100000011111011111
011111100000011111100000011111011111011111100000011111011111100000100000100000011111100000011111011111011111100000011111011111011111100000100000011111011111100000011111011111011111011111100000
011111011111011111011111100000011111100000011111011111100000011111011111011111100000100000100000011111100000011111011111100000011111100000100000011111011111011111011111100000100000011111011111
100000100000100000011111011111011111100000011111011111100000100000100000100000100000011111100000011111100000100000011111100000011111011111100000011111100000100000100000011111100000011111011111
011111100000100000011111011111100000100000011111100000011111011111100000100000011111011111011111100000100000011111011111100000011111011111100000011111011111100000011111011111011111011111011111
100000011111100000011111100000011111100000100000011111011111100000100000011111011111011111100000011111100000100000011111011111011111011111011111011111011111011111100000011111100000100000100000
011111100000100000011111011111100000100000011111011111011111011111011111100000100000100000011111011111100000100000011111100000011111100000100000100000011111011111011111100000011111011111011111
011111011111100000011111011111100000100000100000100000011111100000011111011111011111011111011111011111100000100000100000011111100000011111011111011111011111100000100000011111100000100000011111
100000011111100000100000100000100000100000011111100000011111100000011111011111100000011111011111100000100000100000100000011111100000100000011111100000100000011111011111011111100000011111011111
100000100000100000011111011111011111011111100000011111100000100000011111011111011111100000011111011111011111100000011111011111100000100000011111011111100000100000011111011111100000100000011111
011111011111100000011111011111011111011111100000100000011111100000100000100000100000100000011111011111100000011111011111011111100000011111100000100000011111100000100000100000011111011111100000
011111011111100000100000011111011111100000100000011111011111011111100000100000100000011111011111100000011111100000011111100000011111100000011111100000100000011111100000100000100000100000100000
011111011111100000011111100000011111100000100000100000100000011111011111011111100000011111100000100000100000011111100000100000011111100000011111100000100000100000100000100000100000011111100000
100000100000011111100000011111100000011111100000011111011111100000100000011111011111011111011111100000100000011111011111100000100000011111011111011111100000100000100000100000011111100000011111
100000011111100000011111011111100000100000011111100000011111100000011111100000100000100000011111100000011111011111011111100000100000100000011111100000100000011111100000011111100000011111100000
100000100000011111011111011111011111100000011111100000100000011111011111100000100000100000011111011111100000011111100000100000011111100000011111100000100000100000100000011111100000011111100000
100000100000100000100000011111100000011111100000011111100000100000011111011111011111100000011111011111011111100000011111011111100000100000011111011111011111100000011111011111100000100000100000
011111100000011111011111100000100000011111100000011111100000100000011111011111100000100000100000100000100000011111100000100000100000100000100000100000100000011111100000011111100000011111011111
100000011111100000011111011111100000011111100000011111011111011111100000100000011111011111011111100000011111011111100000011111011111100000100000100000011111011111100000100000011111100000011111
100000011111100000100000100000100000011111100000100000011111011111100000100000011111100000100000011111100000100000100000011111011111100000100000011111100000011111100000100000100000100000100000
100000011111100000100000011111011111100000011111011111100000100000100000011111011111011111100000011111011111100000011111011111011111011111100000100000011111100000011111100000100000011111011111
011111100000100000100000100000100000100000100000100000100000100000011111100000011111100000100000011111100000100000011111100000011111100000011111011111011111100000100000100000100000100000011111
011111011111100000011111011111011111011111100000011111100000100000100000100000011111100000100000100000011111011111011111100000011111011111100000100000100000011111100000100000011111100000011111
011111011111011111100000100000011111100000011111011111011111011111011111011111100000011111100000011111011111100000011111100000100000100000100000011111011111100000011111011111100000011111011111
100000011111100000011111011111100000100000100000011111100000011111011111011111011111011111100000100000011111011111100000011111011111100000100000100000011111011111011111011111011111011111011111
100000011111100000011111011111011111011111011111011111100000011111011111100000011111011111011111011111011111100000011111100000100000011111100000011111011111011111100000100000100000011111100000
100000100000011111100000011111011111100000100000100000100000011111100000011111100000100000100000011111100000100000100000011111011111100000011111011111100000100000100000011111100000100000011111
100000100000011111011111011111100000100000100000100000011111011111100000011111100000100000011111100000011111100000100000100000100000100000100000100000100000100000011111011111011111011111100000
100000100000011111100000100000011111100000100000100000011111011111011111100000011111011111011111011111011111011111011111011111011111011111100000100000100000100000100000100000011111011111011111
100000100000100000011111100000100000100000011111100000100000100000011111100000100000100000100000100000100000011111100000100000011111011111011111100000100000011111011111100000011111011111011111
100000100000100000011111011111100000011111100000100000011111011111100000011111011111011111011111100000011111100000011111100000011111100000100000100000100000011111100000100000011111011111011111
011111100000100000100000011111011111011111100000100000100000100000011111011111100000100000011111011111011111011111100000011111011111011111100000011111011111011111100000011111100000100000011111
100000100000011111100000100000011111011111100000011111011111011111100000011111011111011111011111011111011111011111011111100000100000011111100000011111011111100000100000011111100000011111011111
011111011111100000011111100000011111011111100000100000011111100000100000011111100000011111100000100000100000100000011111100000100000011111011111011111011111011111011111100000100000011111100000
011111100000100000011111011111100000100000100000100000100000100000100000011111100000100000011111011111011111011111100000011111011111011111100000100000100000100000011111100000100000100000100000
011111011111100000100000011111100000100000100000100000011111011111011111011111011111100000100000011111011111011111100000100000100000100000011111100000100000100000011111100000011111100000100000
011111100000100000011111100000011111100000100000100000011111100000011111100000100000100000011111011111011111100000100000011111100000011111100000011111100000011111100000011111011111100000100000
100000100000011111011111011111100000100000011111011111011111100000100000100000011111100000011111100000011111100000011111100000100000100000011111011111100000011111011111100000011111100000011111
100000100000100000100000011111011111011111011111100000011111100000011111100000011111100000100000100000011111011111100000100000100000100000100000011111011111100000100000011111011111100000011111
100000011111100000011111011111100000100000011111100000011111011111011111100000011111011111011111011111100000011111100000100000100000100000011111011111100000100000100000011111100000100000011111
011111100000100000100000011111011111011111011111100000100000011111100000100000011111011111011111100000011111011111011111100000100000011111100000100000100000011111100000011111100000100000011111
100000011111100000100000011111011111011111100000100000011111100000011111011111011111011111100000011111011111100000100000100000100000011111100000011111011111100000011111011111100000011111011111
011111011111011111011111100000011111100000100000100000011111011111011111100000011111011111011111011111100000011111011111011111011111011111011111011111011111011111011111100000011111011111100000
100000011111100000100000100000100000100000100000011111011111011111100000100000011111011111100000011111011111011111011111011111100000100000100000100000100000011111011111011111011111011111100000
100000011111100000011111011111100000100000011111100000011111011111011111011111100000011111100000100000100000011111011111100000011111011111011111011111100000100000011111100000011111011111100000
100000100000011111100000011111100000100000011111100000011111011111011111100000100000100000100000100000100000100000100000011111011111100000011111011111100000011111011111011111011111011111011111
100000011111011111100000100000100000100000100000100000100000011111100000011111011111011111011111100000011111100000011111100000011111011111011111100000100000011111100000011111011111011111100000
011111100000011111011111011111011111011111100000011111011111100000100000011111011111100000100000100000100000011111100000011111100000011111100000100000011111011111100000100000011111011111011111
100000011111100000100000100000011111011111100000100000100000100000100000100000011111100000100000100000011111100000100000100000011111100000100000011111011111011111011111011111100000011111100000
011111011111011111011111100000100000011111100000011111100000011111100000011111011111100000100000011111100000011111100000011111100000011111100000011111100000011111100000011111011111011111100000
100000100000011111100000100000011111100000011111100000011111100000100000100000100000011111100000011111100000011111100000100000100000011111011111100000100000011111011111100000100000011111100000
011111011111011111011111100000100000011111100000100000100000100000011111011111011111011111011111100000011111100000011111011111100000011111100000011111100000011111100000100000011111100000011111
100000011111100000100000100000100000100000011111100000011111011111100000011111011111011111011111100000011111100000011111100000100000100000100000100000011111100000100000011111100000100000100000
100000011111100000100000011111100000011111011111011111100000011111011111100000011111100000100000011111100000100000100000100000011111100000011111100000100000011111011111100000011111100000100000
011111100000100000100000100000011111100000011111100000011111011111100000100000011111011111100000100000011111011111011111011111011111100000100000100000100000011111100000100000011111011111011111
100000100000100000011111100000011111100000100000100000100000100000100000100000100000011111100000011111100000100000011111011111011111100000100000011111011111100000100000011111011111100000011111
100000011111100000011111100000011111100000011111011111011111100000011111100000011111100000011111011111011111100000011111011111011111100000100000100000011111011111100000100000100000011111011111
011111100000100000100000100000011111011111011111011111011111100000100000011111011111100000011111100000100000100000100000011111100000100000011111011111100000100000011111100000100000100000011111
100000100000100000011111011111100000100000100000100000100000011111100000100000100000011111100000011111100000011111011111100000011111011111011111011111100000100000011111011111011111011111011111
100000100000011111100000100000100000100000011111011111011111100000011111100000100000100000011111011111100000100000100000100000011111100000011111100000100000011111100000100000100000100000100000
011111100000100000100000011111011111100000011111011111011111100000100000100000011111100000011111100000011111011111100000100000100000011111100000011111011111100000100000011111100000100000100000
100000100000100000100000011111011111011111100000100000100000100000011111100000100000100000100000011111011111100000011111011111011111100000100000011111011111100000100000011111100000011111011111
011111100000100000100000011111100000100000011111100000100000100000100000100000011111100000100000011111100000011111100000100000011111100000011111100000100000011111011111011111011111011111011111
100000011111100000011111011111011111100000100000011111011111100000100000011111011111011111011111011111100000100000100000100000011111100000100000100000011111011111100000011111100000100000011111
011111100000100000100000011111100000011111011111011111011111011111011111100000100000011111011111100000011111011111100000011111100000011111100000100000100000011111011111100000100000011111011111
011111100000100000100000011111011111100000100000100000100000011111011111011111100000100000100000011111011111011111100000011111011111100000011111100000011111100000011111011111100000011111100000
011111011111100000100000011111100000100000011111011111100000011111011111100000100000011111100000011111100000011111011111011111100000011111011111100000100000100000011111011111100000011111011111
011111011111011111100000100000100000011111100000100000100000100000011111011111100000100000100000100000011111011111100000011111011111100000011111011111100000011111100000011111100000100000100000
100000100000100000011111100000100000100000011111100000100000011111100000100000011111100000100000011111100000011111011111011111100000011111100000100000100000011111011111011111100000100000100000
011111100000011111011111011111011111100000100000011111011111011111100000100000011111011111100000100000100000011111100000011111100000100000011111011111100000100000011111011111100000011111011111
100000100000100000100000100000011111100000100000011111011111011111100000100000100000011111011111011111011111011111011111100000011111100000011111011111011111100000011111011111011111100000011111
011111100000011111011111011111100000011111011111011111100000011111100000011111100000100000011111011111011111011111011111100000100000011111011111011111011111100000100000011111011111100000100000
100000011111100000011111011111011111100000011111100000100000100000011111011111011111100000100000100000100000011111011111100000011111011111100000100000100000011111100000011111011111011111100000
011111100000011111100000011111100000100000100000100000011111011111100000011111011111100000011111011111100000011111011111011111011111011111011111011111100000100000011111011111100000011111011111
100000011111100000011111100000011111100000100000100000100000011111100000011111011111100000011111100000100000100000011111100000011111011111011111011111100000100000011111011111100000100000100000
100000011111100000011111100000100000011111100000011111011111011111100000100000011111100000100000100000011111011111100000011111011111011111011111100000011111100000011111100000011111011111011111
100000011111100000011111100000011111011111100000011111100000100000011111100000100000100000011111100000100000011111011111100000011111011111100000100000100000011111100000100000100000100000100000
011111100000011111011111011111100000011111011111100000011111011111011111100000100000100000100000100000100000011111100000100000100000011111011111100000100000011111100000011111100000011111011111
011111011111011111100000100000100000100000100000100000100000100000100000011111011111011111011111011111100000100000100000100000011111100000100000100000100000011111011111100000100000100000011111
011111011111011111011111011111011111100000011111011111011111011111011111100000100000100000100000011111011111011111100000100000011111100000100000011111011111100000011111011111100000100000011111
011111011111100000100000011111100000011111100000100000011111011111100000100000011111100000100000011111100000100000100000100000011111100000011111100000011111011111011111100000011111011111011111
011111011111100000100000011111100000100000100000100000011111100000100000100000011111011111100000100000100000100000100000100000011111100000100000011111100000011111100000011111011111011111100000
011111011111100000011111011111100000011111011111011111011111100000011111011111100000100000011111011111100000011111100000100000100000100000100000100000100000100000011111011111011111011111011111
011111100000011111100000100000011111100000011111011111011111011111100000011111100000100000100000100000100000011111100000100000100000011111100000100000100000011111011111100000100000100000100000
100000011111100000100000100000100000100000011111011111100000100000011111011111100000100000100000011111011111100000011111011111100000100000011111011111011111100000011111100000011111100000100000
011111011111011111011111011111011111100000011111011111011111011111011111011111011111011111011111100000011111011111100000100000011111100000011111011111011111011111011111011111100000100000100000
011111011111011111011111011111100000011111100000011111100000100000100000100000011111100000100000011111100000011111011111100000100000100000011111011111100000100000100000100000100000011111100000
100000011111011111100000011111100000011111100000100000011111011111011111100000100000100000100000100000011111100000100000011111011111100000100000011111011111011111100000011111100000100000100000
100000100000100000011111011111011111011111011111011111100000100000011111011111100000011111100000100000011111011111011111011111011111011111011111100000100000100000100000100000100000100000100000
100000100000011111100000100000100000011111100000100000011111100000100000011111011111100000011111100000011111100000100000011111100000100000011111011111011111100000100000011111011111011111100000
100000100000100000011111100000011111100000100000011111100000100000100000011111100000011111100000100000011111011111100000100000011111100000100000011111100000011111011111011111100000011111011111
011111100000100000100000011111011111100000011111100000011111011111011111011111011111100000100000011111011111011111100000011111011111011111100000011111100000011111100000011111100000100000100000
100000011111011111011111011111100000100000011111011111011111100000100000011111100000100000011111011111100000100000011111011111011111100000100000100000100000011111100000011111100000011111100000
011111100000011111100000100000011111011111011111011111011111100000011111100000100000100000100000011111011111100000011111100000011111100000011111100000011111100000100000011111011111011111011111
011111100000011111011111100000100000100000011111100000100000100000100000011111100000011111100000100000100000011111011111011111011111100000100000011111011111100000011111011111100000100000100000
100000011111011111011111100000100000100000011111011111100000100000011111100000011111100000100000011111011111011111100000100000011111011111100000100000100000100000100000100000100000100000100000
100000100000100000100000100000100000011111100000011111011111011111100000011111100000100000100000100000011111100000100000011111011111011111011111100000100000100000100000011111100000100000011111
100000011111011111011111011111011111011111011111011111011111100000100000011111011111011111100000100000100000011111100000011111100000011111011111011111011111011111100000100000100000100000011111
100000100000011111011111100000100000011111100000100000011111011111011111100000100000011111100000011111011111100000011111100000100000011111100000100000011111100000011111011111011111011111100000
100000100000100000100000100000011111011111100000100000100000100000011111011111011111100000100000100000011111011111011111011111100000011111100000100000100000100000100000100000011111011111100000
100000011111100000011111011111100000100000100000100000100000011111011111011111100000100000100000100000011111011111011111011111100000100000100000011111011111011111100000011111100000011111011111
011111011111100000100000011111100000100000011111011111100000100000100000011111100000100000011111011111100000100000100000011111011111011111011111100000100000011111011111100000011111011111100000
100000011111100000100000011111011111011111100000100000100000011111011111100000011111011111100000100000100000100000011111011111100000100000100000011111100000100000100000011111100000011111011111
100000011111011111100000100000100000100000011111011111011111011111100000011111011111100000011111011111100000011111011111011111011111100000100000100000011111100000100000011111100000100000100000
100000011111100000011111100000011111100000011111100000011111100000011111011111100000100000011111011111011111011111011111011111100000011111100000011111100000100000011111011111011111011111011111
011111011111011111100000011111100000011111100000100000100000011111100000011111011111011111100000011111100000100000100000011111100000100000100000100000011111011111100000011111011111011111100000
100000100000100000100000011111011111100000100000011111100000011111100000011111011111100000100000100000100000100000100000100000011111011111011111100000011111100000100000100000100000011111011111
100000011111011111011111100000100000100000100000100000100000100000011111100000011111011111100000100000011111011111100000011111100000011111100000100000100000100000100000100000100000011111011111
100000011111011111011111011111011111100000100000011111100000100000100000100000100000011111100000100000011111011111011111011111011111100000100000011111011111011111100000011111100000100000100000
100000100000100000011111011111100000011111011111011111011111100000011111011111100000100000100000100000100000100000100000011111011111011111011111011111011111100000100000100000011111100000011111
100000011111011111100000100000011111100000100000100000100000100000011111011111011111011111100000100000011111100000100000100000100000100000011111100000100000100000100000011111011111100000011111
100000011111011111100000011111011111100000011111100000011111100000100000011111100000011111011111011111011111100000100000100000011111100000100000100000011111011111100000011111011111100000100000
100000011111100000100000011111100000100000011111100000100000011111011111011111100000011111100000011111100000100000011111100000100000100000011111100000100000011111100000100000100000011111100000
100000100000011111011111100000011111100000100000100000100000100000100000011111011111100000100000011111011111011111100000100000100000100000100000011111100000100000011111011111100000100000011111
100000011111011111011111011111011111100000100000011111011111011111100000100000100000100000100000100000100000011111011111100000100000100000011111011111011111011111100000011111100000100000011111
011111100000011111011111100000100000011111011111100000100000011111100000011111100000100000100000100000011111011111011111011111100000100000011111100000011111100000011111100000100000100000100000
100000100000100000100000100000100000100000011111011111100000100000100000011111100000100000100000011111011111011111011111100000100000011111011111011111011111100000011111011111100000100000011111
011111011111100000100000100000011111011111100000011111100000100000011111011111011111011111100000011111011111100000011111100000011111011111011111100000011111011111011111100000011111011111100000
011111100000100000011111011111011111100000100000100000011111011111011111100000011111011111011111011111100000100000011111100000011111011111011111011111100000100000100000011111011111011111011111
100000011111011111011111011111011111100000100000011111100000100000011111011111011111100000011111100000100000100000011111100000100000011111100000100000100000100000100000100000100000100000100000
011111100000011111011111100000100000011111100000011111100000011111100000011111011111100000100000011111100000011111100000011111100000011111011111100000011111011111011111100000100000011111011111
011111100000011111011111100000011111011111100000011111011111100000100000011111011111100000011111100000100000011111100000100000100000100000011111100000100000100000100000011111011111100000100000
100000011111100000011111011111100000100000011111011111011111100000011111011111100000100000100000100000011111011111011111100000100000100000100000100000011111100000011111011111100000011111011111
011111100000011111100000011111100000011111100000011111100000100000100000011111011111100000011111100000011111100000100000011111100000011111100000100000011111011111100000100000100000100000011111
100000100000100000100000011111100000100000100000011111100000011111011111011111100000100000011111100000011111100000100000011111100000100000100000100000100000011111011111100000100000011111011111
100000100000011111100000100000100000100000100000100000011111100000100000011111100000011111100000011111100000100000100000011111011111011111011111100000100000011111011111100000011111100000100000
100000011111100000011111011111011111011111100000100000100000100000100000011111011111011111100000100000011111011111011111011111100000011111011111011111100000100000011111100000100000100000100000
100000011111100000011111100000100000100000011111011111011111100000011111100000100000100000100000100000100000011111011111100000100000011111100000011111011111100000011111011111011111100000100000
100000100000011111011111100000011111011111100000100000011111011111011111011111011111100000011111011111011111011111011111011111011111100000100000100000011111011111100000100000100000011111011111
100000011111011111011111100000100000100000011111100000011111011111011111100000100000011111100000011111100000100000100000100000011111100000100000100000011111100000100000011111100000011111011111
100000011111100000011111100000011111011111011111011111011111100000100000100000100000011111011111100000100000011111011111011111011111011111011111011111100000011111011111011111100000100000011111
011111100000011111011111100000011111100000100000100000011111011111011111100000100000011111011111100000100000011111011111100000100000011111100000011111100000011111011111100000100000100000011111
011111011111011111011111011111011111100000100000100000011111100000011111100000100000011111100000100000100000011111100000100000100000011111100000100000100000100000011111011111100000100000011111
011111100000100000011111100000011111011111011111100000100000100000011111100000100000011111011111100000011111100000100000011111100000100000100000100000011111100000011111100000011111100000011111
100000100000100000100000011111100000100000100000100000011111011111100000100000100000100000011111011111100000100000100000011111100000011111011111011111011111100000100000011111100000011111100000
100000100000100000011111011111100000100000100000100000100000100000100000100000011111100000100000011111100000100000100000011111011111100000100000100000100000011111011111011111100000011111100000
100000100000100000100000100000100000011111011111011111011111011111011111011111100000011111100000100000011111100000100000011111011111100000100000100000100000011111011111100000100000100000011111
011111100000100000011111011111011111100000011111100000011111011111100000011111011111100000100000011111011111011111011111011111011111100000100000100000100000011111100000011111100000011111100000
100000011111011111100000100000011111011111100000100000011111100000011111011111011111100000100000011111100000011111100000011111100000100000011111011111011111100000100000011111011111100000100000
011111100000100000011111100000011111100000100000100000100000011111011111100000100000011111100000100000100000011111011111011111011111011111100000100000100000011111011111011111100000011111011111
100000011111011111100000100000011111100000011111011111011111100000100000011111100000011111100000100000100000011111011111100000100000011111100000100000011111100000011111100000011111100000100000
011111100000011111011111011111100000100000011111100000011111011111100000011111011111100000011111011111100000011111100000011111100000100000011111011111100000100000100000100000011111100000100000
100000100000011111100000100000011111011111011111011111011111100000011111011111011111011111100000100000100000100000011111100000011111100000100000100000011111011111011111011111011111011111100000
100000011111011111100000011111011111011111100000011111011111011111100000011111011111100000011111100000100000011111100000011111100000011111011111100000011111011111100000100000100000100000011111
011111011111011111100000100000100000011111011111100000100000100000100000100000100000011111011111011111100000011111011111011111011111011111011111011111011111100000100000011111100000011111100000
100000011111100000011111100000011111100000011111100000011111011111100000011111011111100000100000100000100000100000011111011111100000100000100000100000011111100000100000100000100000100000011111
011111011111100000100000100000011111100000011111100000011111100000011111011111100000100000100000011111100000011111011111100000011111100000011111100000011111011111011111100000011111011111011111
011111100000100000100000100000100000011111100000011111011111100000011111100000100000100000100000011111011111100000011111011111100000011111100000011111011111100000011111100000100000011111100000
100000011111100000100000100000100000011111011111100000011111100000011111011111011111100000011111011111011111011111100000011111011111100000011111100000100000011111100000100000100000011111100000
011111100000011111100000100000011111100000100000100000100000011111011111011111011111011111011111011111011111011111011111100000011111100000100000100000100000011111100000011111011111011111100000
011111100000100000100000011111011111011111100000100000100000100000011111011111100000100000100000100000011111011111011111100000011111011111100000100000100000100000011111100000100000100000100000
011111011111011111100000011111011111100000011111100000011111011111100000011111100000011111100000011111100000100000011111011111100000100000100000100000011111011111100000011111100000100000100000
100000100000011111011111100000100000011111011111100000011111011111011111100000011111011111011111100000011111100000011111100000100000100000011111100000011111011111011111100000100000100000100000
011111011111100000100000011111100000100000100000100000100000100000100000100000011111100000011111100000011111011111011111011111011111011111100000100000011111011111011111100000100000011111011111
100000011111011111100000100000100000100000100000011111011111100000011111100000100000100000100000100000011111100000011111011111011111100000011111100000011111011111100000011111011111100000100000
100000011111011111100000100000100000011111100000100000011111011111011111011111100000011111100000100000011111100000011111011111100000011111011111011111100000011111100000011111011111100000011111
100000100000100000011111100000100000100000011111011111100000011111100000011111100000011111011111011111100000100000100000011111100000011111011111100000011111011111011111011111011111011111011111
011111011111011111011111100000100000011111100000011111100000100000100000011111011111100000100000100000011111100000011111011111011111011111011111100000011111011111100000011111011111011111011111
011111100000011111100000011111011111100000011111011111100000011111100000100000100000011111011111011111011111100000100000011111011111011111011111011111011111100000011111011111011111011111011111
011111100000011111011111011111011111100000011111011111100000011111100000100000011111100000011111011111100000011111100000100000100000100000011111011111100000011111011111011111100000100000011111
100000011111100000100000011111100000011111011111100000011111100000100000100000100000100000100000100000100000100000100000011111100000011111011111011111100000011111100000100000100000100000100000
011111100000011111011111100000100000011111100000100000100000100000100000011111100000011111100000100000100000011111100000100000100000011111011111011111100000100000011111100000011111011111011111
011111011111100000011111100000011111011111011111100000100000100000011111011111100000011111011111100000100000011111100000100000100000011111011111100000011111011111100000100000100000100000011111
011111011111100000011111011111011111100000011111011111011111011111011111011111100000100000100000100000100000011111100000100000100000100000100000100000011111100000011111011111011111100000100000
011111100000100000100000100000011111100000011111011111011111011111100000100000011111100000100000011111100000011111100000100000100000100000011111011111011111100000011111100000100000011111100000
100000100000100000100000100000100000100000100000011111011111100000100000011111011111011111100000100000100000100000100000011111100000011111011111100000011111011111100000100000100000100000100000
100000011111100000011111011111100000100000011111011111100000100000011111100000011111011111100000100000011111011111100000011111100000011111100000100000011111100000100000011111100000100000100000
100000100000100000011111011111100000100000100000100000100000100000100000100000100000011111011111011111100000011111100000011111100000100000100000100000011111100000011111100000100000011111100000
100000100000100000011111100000100000011111100000100000100000100000011111011111100000011111011111100000011111100000100000011111100000100000100000011111011111011111011111011111011111011111011111
100000011111100000100000100000100000011111011111011111011111011111100000100000100000011111100000011111100000100000100000100000011111100000011111100000011111011111100000100000011111100000011111
100000011111011111100000011111100000100000011111100000011111011111100000011111011111011111011111011111100000100000100000011111100000100000100000011111100000011111100000011111011111100000100000
100000100000011111100000011111100000100000100000011111100000100000011111011111100000100000100000100000011111011111011111100000011111011111100000100000011111100000100000100000100000011111100000
011111011111011111011111011111011111100000011111100000011111100000100000011111100000100000100000011111100000100000100000011111100000011111011111100000011111100000011111011111100000011111011111
100000100000011111011111011111100000011111011111100000100000011111011111100000011111100000011111100000011111011111100000011111100000100000100000100000011111011111100000100000011111100000011111
011111100000011111011111011111100000100000011111011111011111011111011111100000100000011111011111100000100000100000011111100000011111100000100000011111011111011111011111100000100000100000011111
100000100000011111011111011111011111011111011111100000011111100000011111011111100000011111100000011111011111100000100000011111100000011111100000100000100000100000011111011111011111100000011111
100000100000100000011111100000100000100000100000011111100000011111100000011111011111100000100000011111100000100000100000100000011111011111011111011111011111100000100000011111011111100000011111
100000100000011111011111100000011111011111100000100000011111100000100000100000011111100000011111100000011111011111100000011111100000100000100000100000011111100000100000011111011111011111100000
011111011111011111011111011111011111100000011111100000011111100000011111100000011111100000011111100000100000011111011111100000011111100000100000100000011111011111100000100000011111100000011111
100000011111100000100000100000011111100000100000011111011111100000011111011111100000100000011111011111011111100000100000100000100000100000100000100000011111100000100000100000011111011111100000
011111100000011111100000100000100000100000100000011111100000100000100000011111100000011111100000100000011111011111100000011111100000011111011111100000011111100000100000100000011111100000100000
011111011111100000100000011111011111011111011111100000011111011111100000100000100000011111011111011111011111011111011111011111011111100000100000011111011111100000011111011111100000100000100000
011111100000011111100000011111011111011111100000100000011111011111011111100000011111100000100000011111011111100000100000011111100000100000100000100000100000011111011111100000100000011111011111
011111100000011111100000100000011111011111011111100000011111011111011111011111100000011111011111011111100000011111011111100000100000100000011111011111100000011111011111011111100000011111100000
100000011111100000100000011111011111011111011111011111011111011111100000100000100000011111011111100000011111011111011111011111100000011111011111100000100000011111011111011111100000100000011111
011111100000011111100000100000100000100000011111100000100000011111011111100000100000011111100000011111011111100000100000011111011111100000011111011111011111100000100000011111100000100000100000
100000100000011111100000011111011111100000100000100000011111011111011111011111011111100000100000100000100000100000011111011111100000011111011111011111011111011111011111100000011111011111100000
011111100000100000011111100000100000100000011111011111011111100000100000011111011111011111011111100000100000011111011111011111011111011111100000011111100000011111100000011111011111100000100000
011111100000100000011111011111011111011111011111100000011111011111100000100000100000100000100000011111100000011111011111011111011111011111011111011111100000100000100000011111100000100000011111
100000011111100000011111011111100000100000100000100000011111011111100000011111100000011111100000011111100000011111011111100000100000100000100000100000100000011111011111011111011111011111011111
011111011111011111100000011111011111100000011111100000100000100000011111011111100000011111011111100000011111100000011111100000011111011111011111011111100000100000011111100000100000011111100000
011111011111100000011111011111011111011111011111100000011111100000011111100000011111011111100000011111011111011111100000100000011111100000100000011111011111011111011111100000100000100000011111
011111011111011111011111011111100000100000100000011111011111011111100000100000011111011111100000011111011111011111100000100000011111011111011111011111011111100000100000100000100000011111011111
100000011111011111011111011111011111011111100000100000011111100000100000011111011111011111011111011111011111011111100000100000011111100000011111100000100000011111011111100000100000100000100000
100000011111100000011111100000011111100000011111100000100000011111100000011111100000100000011111100000100000100000011111100000100000100000100000011111100000100000100000011111100000011111011111
011111100000011111011111100000100000011111011111011111011111100000011111011111100000100000011111100000011111100000100000011111011111011111011111100000100000100000100000011111011111100000011111
100000100000100000011111011111011111011111011111011111100000011111011111011111100000011111011111011111100000011111100000100000011111011111100000011111011111011111100000011111011111100000100000
100000011111011111100000100000100000100000100000100000011111011111100000011111100000100000100000100000011111100000011111100000011111011111100000100000100000100000011111011111100000011111100000
100000011111011111100000011111011111011111100000011111011111011111100000011111100000011111011111011111100000011111100000011111011111011111100000011111011111100000011111100000100000011111100000
100000011111100000011111100000011111011111100000100000011111100000100000100000100000100000011111011111100000011111100000011111100000100000100000011111011111100000011111100000100000100000100000
100000011111100000011111100000011111011111011111100000100000100000100000100000011111100000100000011111011111100000100000100000100000011111011111011111100000011111100000100000011111100000011111
100000100000011111100000100000011111100000100000011111100000011111100000100000100000011111100000100000011111100000011111100000100000100000100000011111011111100000100000100000011111100000100000
011111100000011111011111011111100000011111100000100000011111100000100000100000100000100000011111100000011111100000011111100000011111011111011111011111011111100000100000100000011111011111100000
100000100000100000011111100000011111011111100000011111011111011111011111100000011111011111011111100000011111011111011111100000011111011111011111100000011111100000011111011111100000100000011111
100000011111011111100000100000011111100000100000011111011111100000011111011111100000100000011111100000011111100000011111100000100000100000011111011111011111011111011111011111011111011111100000
011111011111011111011111011111100000011111100000011111011111011111011111100000011111100000011111100000011111100000100000011111011111100000100000100000011111100000100000100000011111011111100000
011111100000100000100000100000100000100000100000100000011111100000100000100000100000011111011111011111011111100000011111100000100000100000011111011111100000100000100000011111011111100000011111
100000011111011111100000011111011111100000100000100000100000100000100000011111011111100000011111011111011111011111011111011111011111011111011111011111011111011111011111011111100000100000100000
100000100000100000100000100000100000100000100000100000100000100000100000100000011111011111011111100000011111100000100000011111100000100000011111011111011111100000100000100000011111011111100000
100000011111100000011111011111100000100000011111100000011111100000011111011111011111011111100000100000100000011111011111011111100000100000011111011111100000100000011111100000100000011111100000
100000011111011111011111100000100000100000011111011111011111011111011111011111100000100000100000011111011111100000100000011111100000100000011111100000100000011111100000100000011111011111100000
011111011111100000011111100000100000100000100000100000011111011111011111100000011111100000100000100000011111011111011111011111011111100000011111011111100000100000011111011111100000100000100000
100000011111011111011111011111011111100000011111100000011111100000011111011111011111011111011111011111011111100000011111011111011111011111100000011111011111100000100000011111100000011111100000
011111011111100000011111100000011111100000011111011111011111100000100000100000011111100000011111011111011111011111100000011111011111011111100000100000011111100000011111100000100000100000011111
011111100000100000011111011111011111011111011111011111100000011111011111011111011111100000011111100000011111011111100000100000011111011111100000100000100000100000011111100000100000011111100000
011111011111011111100000100000100000011111100000011111011111100000011111011111100000100000011111011111011111011111011111011111100000011111100000100000011111100000100000100000011111100000011111
100000011111100000100000011111100000011111011111100000011111100000100000100000100000011111011111011111100000011111011111011111100000011111011111100000100000100000100000011111100000011111011111
011111100000011111011111011111100000011111100000011111100000011111011111100000011111100000011111100000100000011111100000100000011111011111100000100000011111100000100000100000100000011111011111
011111011111100000011111011111011111100000011111011111011111011111100000100000011111011111100000011111011111011111100000100000011111011111100000011111100000100000011111011111011111100000100000
011111011111011111100000011111011111011111100000011111011111100000100000100000100000011111100000011111011111011111011111011111100000100000100000011111100000011111011111011111100000100000100000
011111100000100000011111100000011111100000100000011111100000100000011111011111100000100000100000011111100000011111100000100000011111011111100000100000100000100000100000011111100000100000011111
011111011111100000011111100000011111100000100000011111100000100000011111100000100000011111100000100000100000011111100000011111011111100000011111011111100000011111100000011111100000100000100000
100000100000100000100000011111011111100000011111100000100000011111100000100000011111100000100000011111011111011111011111011111011111100000100000100000100000011111100000100000011111100000011111
011111011111011111100000100000100000100000100000011111011111011111100000011111100000100000100000011111011111100000011111011111100000011111100000100000011111011111011111011111100000100000100000
011111011111011111011111011111011111100000100000011111011111011111100000100000011111011111100000100000011111011111100000100000011111011111011111011111011111100000011111100000011111011111011111
011111011111100000100000011111100000100000100000011111100000011111100000011111011111011111011111011111011111011111011111100000100000100000100000011111100000100000100000011111011111011111011111
011111100000011111011111011111011111100000100000011111100000011111011111011111011111100000100000100000100000011111100000011111011111011111100000011111100000011111011111011111011111100000011111
100000100000100000011111011111100000011111100000100000100000011111100000100000011111011111100000011111100000100000100000100000011111011111100000011111100000100000100000100000100000100000100000
100000011111100000100000100000100000011111100000100000011111100000100000100000100000011111100000011111100000011111100000011111011111011111011111011111100000011111100000011111100000100000011111
100000011111100000011111011111011111100000011111100000100000011111100000100000100000011111100000100000100000100000011111011111011111011111100000100000011111100000011111011111100000011111011111
100000011111100000100000100000011111100000011111011111100000100000011111100000011111011111100000011111100000100000011111100000011111011111011111011111100000011111100000100000100000011111011111
011111011111011111100000100000011111011111100000100000100000011111100000011111100000100000011111100000100000011111100000100000100000100000100000100000100000011111100000100000011111100000011111
100000011111100000011111100000011111100000100000011111011111100000100000011111100000100000011111100000100000011111100000100000100000100000011111011111100000011111011111011111100000011111100000
100000100000100000100000100000100000100000011111011111011111100000011111100000011111011111011111100000011111100000100000011111100000100000100000100000011111011111011111100000100000100000100000
011111011111100000011111011111011111011111100000011111100000011111011111100000100000100000100000100000011111011111100000100000100000100000011111100000100000100000100000100000100000100000100000
100000011111100000011111011111011111011111100000100000011111100000100000011111100000100000100000011111100000011111011111011111100000100000100000100000100000100000100000011111100000011111011111
011111100000011111011111100000100000011111100000011111100000100000100000011111100000100000100000011111100000100000011111011111011111011111100000011111100000011111011111100000011111011111100000
100000100000011111100000011111100000011111100000011111011111100000011111011111100000100000011111011111100000011111011111011111011111011111011111100000100000011111100000100000100000100000100000
100000011111100000100000011111011111100000011111100000011111011111011111011111011111011111011111100000011111100000100000011111100000100000100000100000011111011111011111011111100000011111100000
011111100000011111100000100000011111100000100000100000100000011111100000100000100000011111011111011111100000011111011111100000100000100000011111011111100000011111011111100000011111011111011111
011111100000011111100000011111011111011111100000100000100000100000011111100000100000011111011111100000011111011111100000100000100000100000011111100000100000100000011111011111011111011111011111
011111100000100000011111011111100000100000011111100000011111011111100000011111011111011111011111011111011111100000100000100000011111011111011111100000011111011111100000011111011111011111100000
011111100000011111100000011111011111100000100000011111100000011111100000100000011111100000100000100000011111100000100000100000011111011111100000011111100000011111011111011111100000011111011111
011111100000011111100000011111100000011111011111100000100000011111011111011111011111011111100000011111100000011111011111100000100000100000100000100000100000100000011111011111100000100000011111
011111100000011111100000011111100000100000011111100000011111011111011111011111100000100000100000100000011111011111100000011111100000011111100000011111011111100000011111100000100000100000011111
100000100000011111100000100000100000100000100000100000100000011111011111100000011111100000011111100000011111100000100000100000011111100000011111100000100000011111100000011111100000011111011111
011111011111100000011111011111011111100000011111100000100000100000011111100000011111100000100000100000011111011111100000011111100000011111100000011111011111011111100000011111011111100000011111
011111011111011111011111100000011111100000100000100000100000100000100000100000011111100000100000100000100000100000100000011111011111011111100000100000011111100000011111011111100000100000100000
100000100000100000011111100000011111011111011111011111011111011111100000011111011111011111011111011111100000011111011111011111011111011111011111011111100000011111011111011111100000011111011111
011111100000100000100000011111011111011111100000100000011111100000011111011111100000011111011111011111100000011111011111100000011111100000100000011111100000100000100000011111011111100000100000
011111011111011111100000011111100000011111100000100000100000100000011111100000100000011111011111011111100000100000011111100000011111100000100000100000011111100000011111011111100000011111011111
011111011111100000100000011111100000011111100000100000100000011111011111100000100000100000011111100000011111100000011111100000100000011111100000100000011111100000100000011111100000011111011111
100000100000100000100000011111011111100000011111011111011111011111011111011111011111100000100000011111011111011111011111011111011111011111011111100000011111011111100000011111011111100000011111
011111011111011111011111011111100000100000011111100000011111011111100000100000100000011111011111100000100000011111100000100000011111011111011111100000011111011111100000100000011111100000011111
100000100000011111011111011111100000100000011111011111100000100000100000011111011111011111100000100000100000100000011111011111100000100000011111011111011111100000011111100000100000011111011111
100000100000100000100000011111100000100000011111100000011111100000011111100000100000011111100000011111011111100000100000100000100000100000100000011111100000100000011111011111100000100000100000
011111011111011111011111011111100000011111011111100000100000100000011111100000100000100000011111100000011111011111011111011111100000011111100000011111011111011111011111100000100000100000100000
100000100000100000100000011111011111100000011111100000100000011111100000100000100000100000100000100000011111011111011111100000011111011111011111100000100000100000011111100000011111100000100000
011111011111011111011111100000011111011111100000011111011111100000011111011111100000100000011111011111011111100000011111100000011111011111100000100000011111011111011111100000011111100000100000
100000011111100000100000011111100000011111100000100000100000100000011111100000100000011111011111100000100000100000011111011111100000011111100000011111100000011111100000100000011111011111011111
100000011111011111100000100000100000100000011111100000100000100000011111011111100000100000011111011111100000100000100000100000100000100000011111011111100000100000100000011111011111100000011111
011111100000100000100000011111011111100000011111011111100000100000100000100000100000100000011111011111011111100000011111100000011111100000011111011111011111100000011111011111011111011111011111
100000011111011111011111011111011111100000100000011111100000100000011111011111100000100000011111011111100000011111100000011111011111100000011111011111011111011111100000011111011111100000011111
100000011111011111100000011111100000100000011111100000100000011111011111100000100000011111011111100000100000011111011111100000011111011111100000100000100000100000100000100000011111011111100000
100000011111100000100000011111100000100000100000011111100000011111011111100000100000011111011111100000011111011111100000011111100000100000011111011111100000011111100000011111100000011111011111
011111100000011111100000100000011111011111100000011111100000011111100000011111100000011111100000100000011111011111011111100000011111100000011111011111011111011111011111100000100000011111100000
011111011111011111011111100000011111011111100000100000100000100000100000011111100000100000011111100000011111100000100000100000011111011111100000100000100000100000100000100000100000011111100000
100000011111100000011111011111100000011111011111100000011111011111100000100000011111100000011111100000100000100000011111100000011111011111100000011111011111011111100000100000100000011111100000
011111100000011111011111011111011111100000011111011111100000011111100000011111100000100000100000011111100000100000100000100000100000011111100000011111100000100000100000100000100000011111011111
011111011111100000100000100000100000011111011111011111100000011111011111011111100000100000011111011111100000011111100000100000011111011111011111100000011111011111100000011111100000011111100000
100000011111100000011111100000100000100000100000100000011111011111100000011111011111011111011111011111100000011111011111011111100000011111100000100000011111011111100000100000011111011111011111
011111100000100000100000011111100000011111100000011111011111100000100000100000100000100000100000100000011111011111011111011111100000011111100000011111011111100000011111100000011111011111011111
100000011111011111011111011111100000100000100000100000011111011111011111100000100000011111011111100000011111100000011111100000011111011111011111011111011111100000100000100000011111011111100000
100000100000100000100000100000100000100000011111100000011111011111011111011111011111100000011111011111100000100000011111011111100000100000011111100000011111011111011111011111100000100000011111
100000011111100000100000011111100000100000100000011111100000011111100000100000100000100000011111011111011111100000011111100000011111100000100000011111011111011111100000100000100000100000100000
100000011111011111011111011111011111011111011111011111011111100000011111100000011111011111011111011111100000011111100000011111100000100000100000100000011111100000100000100000011111100000100000
100000011111011111100000011111100000100000100000011111011111011111011111011111011111011111100000100000011111011111100000100000100000100000100000100000011111100000011111100000011111011111100000
011111011111011111011111011111011111100000100000100000100000100000100000100000011111011111011111011111011111011111011111011111100000100000011111100000011111100000100000100000011111100000011111
100000011111100000011111011111011111100000100000100000011111011111011111100000100000100000100000100000011111100000011111100000100000011111100000011111100000011111100000011111011111011111011111
011111100000100000100000100000100000011111011111100000100000011111100000100000100000100000100000100000011111011111100000011111100000100000100000100000100000100000011111011111011111100000100000
100000011111100000100000100000011111100000100000011111011111100000100000011111011111011111100000100000011111011111100000100000100000100000100000011111100000011111011111100000011111011111100000
100000100000011111011111011111011111100000100000011111100000100000011111011111100000100000100000100000100000011111100000100000100000100000100000011111100000011111011111011111100000100000100000
011111100000011111100000011111100000011111100000100000100000011111100000011111100000011111100000011111100000100000011111011111100000100000011111100000011111100000011111100000100000100000011111
011111011111011111100000100000011111100000011111100000100000100000011111011111011111100000100000100000100000100000100000011111100000011111100000011111100000100000100000100000011111011111011111
011111011111100000100000011111011111100000011111011111100000011111011111011111011111011111011111100000011111100000100000011111011111100000100000011111100000100000011111011111100000011111011111
011111011111100000100000100000011111011111100000100000100000100000100000100000100000011111100000011111100000100000011111011111011111100000100000100000011111100000011111011111011111100000011111
100000100000011111100000100000100000100000011111100000100000011111100000011111011111100000011111011111100000011111100000100000011111011111100000100000100000100000100000100000011111011111100000
011111011111011111100000100000011111100000011111011111100000100000011111100000100000100000011111100000100000011111100000100000011111100000011111100000100000011111011111100000100000011111100000
100000011111011111011111100000011111100000011111011111011111100000100000100000100000100000100000100000100000011111100000100000011111100000011111100000011111011111100000100000100000011111011111
100000011111011111011111100000011111011111100000011111011111100000011111011111011111100000011111100000011111011111100000011111011111100000100000100000011111011111100000011111011111100000011111
011111100000011111100000011111011111100000100000011111100000011111100000100000011111100000011111100000100000011111011111100000100000011111011111011111011111011111100000011111011111100000011111
100000100000100000011111100000100000100000011111011111011111100000011111011111100000011111011111011111100000100000011111100000100000011111011111100000100000100000100000011111011111011111011111
011111100000100000011111100000011111100000011111100000011111100000011111100000011111011111100000011111011111011111100000011111100000011111011111011111011111011111100000100000100000100000011111
011111100000100000100000100000100000011111011111011111011111100000011111100000100000011111011111100000011111011111100000011111100000011111011111011111011111100000011111100000011111100000011111
011111100000011111011111100000011111011111100000100000011111100000011111100000011111011111100000011111100000100000011111011111011111011111011111011111011111100000100000100000100000011111100000
100000011111011111100000011111100000011111011111011111100000011111100000100000011111011111011111011111011111011111100000011111011111100000011111100000011111011111100000100000100000011111011111
011111100000011111011111100000011111100000011111100000100000100000011111100000011111011111011111100000100000100000100000011111100000011111011111011111100000011111100000100000100000100000100000
100000100000011111100000011111011111100000011111011111011111011111100000100000011111100000100000100000100000011111011111011111100000100000100000011111100000011111100000011111100000011111011111
100000011111011111011111011111100000011111100000011111100000100000011111011111100000011111011111011111100000011111011111100000011111100000011111100000011111100000100000011111011111100000100000
011111100000011111011111011111011111100000011111100000100000011111011111100000011111100000011111100000100000011111011111100000100000011111100000100000100000011111100000100000100000011111011111
100000100000011111100000011111011111011111100000011111011111100000100000011111100000100000100000100000100000100000100000100000100000100000100000100000100000100000100000100000011111100000100000
011111100000011111011111011111100000100000011111011111011111011111011111011111100000100000011111011111100000100000011111011111011111011111100000100000100000100000011111011111011111100000011111
011111011111100000100000011111011111100000100000011111011111011111011111100000011111011111100000100000100000011111100000100000011111011111011111011111100000100000011111100000011111011111100000
100000011111011111100000011111100000100000100000100000100000100000100000100000100000011111100000011111100000011111011111011111011111100000011111100000100000011111011111100000100000011111011111
100000100000100000100000100000100000011111100000100000011111011111011111011111100000011111100000011111100000011111011111011111011111011111011111011111011111011111100000100000100000011111011111
011111011111011111100000100000011111011111100000100000100000011111011111011111100000100000011111011111100000100000100000100000011111100000100000100000100000011111011111011111100000100000100000
100000011111100000100000011111011111011111100000011111100000100000100000011111100000011111100000011111011111011111011111011111100000100000100000100000011111100000011111100000011111100000011111
100000100000011111011111100000011111011111011111100000011111100000100000100000011111011111100000100000100000100000011111011111011111100000100000011111100000100000100000011111011111100000100000
011111011111100000100000011111100000100000011111011111011111100000100000011111100000100000100000011111011111100000011111011111100000100000011111011111011111100000100000100000011111011111100000
011111011111011111011111011111100000100000100000100000011111100000100000100000100000100000100000100000100000100000100000011111011111100000011111011111011111011111011111100000100000100000011111
100000011111100000100000011111011111100000100000100000100000100000011111100000011111011111011111100000100000100000011111100000100000100000011111011111100000011111100000100000011111100000100000
011111100000100000011111100000100000011111100000011111011111011111011111011111100000100000011111100000100000100000011111100000011111011111100000100000011111100000100000100000100000011111100000
100000011111100000100000100000011111100000100000100000011111100000011111011111100000100000100000100000100000100000100000100000011111011111011111011111011111100000011111100000011111011111011111
100000011111011111100000100000100000100000011111011111100000011111100000100000100000100000100000011111100000100000011111011111011111011111011111011111011111011111100000011111100000100000011111
100000011111100000011111011111011111011111100000011111100000011111011111100000011111100000100000100000011111100000011111100000011111011111100000011111100000100000100000100000100000011111011111
100000011111100000100000100000011111011111100000100000011111100000100000011111011111011111011111011111011111100000100000011111100000011111011111100000100000011111100000100000011111011111100000
100000100000100000011111011111011111011111011111100000100000100000100000011111011111011111011111011111100000100000011111011111100000100000011111100000100000100000011111100000011111100000011111
011111011111100000011111011111100000011111100000100000011111011111100000100000011111100000100000100000100000100000011111100000011111100000100000011111100000011111011111100000100000100000011111
011111011111100000100000011111100000100000011111100000100000100000011111100000100000011111011111100000100000100000011111011111100000011111100000100000100000100000011111011111011111100000011111
100000100000100000011111011111100000100000100000011111011111011111011111100000011111100000011111100000100000100000011111011111100000100000011111100000011111011111100000100000100000100000011111
011111011111011111100000100000100000011111100000100000100000100000011111011111100000100000100000100000100000011111100000011111100000011111011111011111011111011111011111011111100000011111100000
100000011111100000011111100000011111100000100000011111100000100000011111100000100000011111100000011111100000100000100000011111100000011111011111100000011111100000011111011111011111011111011111
100000100000100000011111011111011111100000011111011111011111100000100000011111011111011111011111100000100000100000011111011111100000011111100000100000100000100000011111011111011111011111011111
011111011111100000100000011111100000011111100000100000011111011111100000100000100000100000011111100000011111011111011111011111100000100000011111011111100000100000100000100000100000011111100000
100000100000011111100000011111011111100000100000011111011111100000011111100000100000100000100000011111011111100000011111011111100000100000100000100000100000011111100000100000100000011111100000
100000011111100000011111011111100000100000100000011111100000100000100000100000100000100000100000100000100000100000011111100000011111011111100000011111100000011111011111100000100000100000100000
100000100000100000100000100000100000100000100000011111011111100000011111100000011111100000100000011111011111100000011111100000100000011111011111100000011111100000011111011111011111011111100000
100000011111011111011111100000100000011111100000011111100000011111011111011111100000100000100000011111100000011111100000100000011111011111100000011111100000100000011111100000011111011111100000
011111100000011111100000011111011111100000100000011111011111011111011111011111011111100000100000100000011111100000100000100000011111100000100000100000100000100000011111100000100000011111100000
011111011111100000011111011111011111100000100000011111011111100000011111011111100000100000011111011111100000100000011111011111011111011111011111100000011111011111100000011111100000011111100000
011111100000100000011111100000011111100000011111100000011111011111100000100000100000011111011111100000011111011111011111100000100000100000100000100000011111011111100000100000100000100000011111
011111011111100000011111100000011111100000011111100000011111100000100000100000100000100000100000100000100000100000011111011111011111100000100000011111100000100000100000100000100000100000100000
011111011111011111100000100000100000100000011111011111100000100000100000100000011111100000011111011111100000011111011111100000100000100000100000011111100000011111011111100000011111100000100000
011111100000100000100000100000100000011111011111100000100000011111011111011111100000011111011111011111011111011111100000100000100000100000100000100000100000100000011111100000100000100000100000
100000100000100000011111011111011111100000100000100000100000100000100000100000011111100000100000100000100000100000100000011111100000011111100000100000100000100000011111011111100000011111011111
100000011111011111011111100000011111011111100000011111100000011111011111100000100000100000011111100000011111011111100000100000100000011111100000100000011111011111100000011111011111100000100000
011111011111100000011111100000100000100000100000100000100000011111011111011111011111100000100000011111100000011111011111011111011111100000011111011111011111100000011111011111100000100000011111
011111011111100000100000011111011111100000011111100000100000100000011111100000100000011111011111100000011111011111100000011111011111100000100000011111100000100000011111011111011111100000100000
011111011111011111100000011111100000011111011111100000011111011111100000100000011111100000100000011111011111011111011111100000011111011111011111100000100000011111100000011111100000100000100000
011111011111100000100000011111011111011111100000100000100000100000100000011111011111100000100000011111011111011111011111011111011111011111100000011111100000011111011111100000100000011111100000
100000100000100000011111100000100000100000100000100000100000011111011111011111011111011111100000100000100000100000100000100000100000100000100000100000011111100000011111100000100000011111011111
100000011111011111011111100000100000011111100000011111011111100000011111011111100000100000011111011111100000100000100000100000011111100000011111011111100000100000011111011111011111100000100000
100000100000011111011111011111100000100000100000100000011111011111100000100000011111011111100000011111011111100000100000100000011111011111100000100000100000011111011111100000100000011111100000
011111011111100000011111011111011111100000011111100000011111100000011111100000011111100000100000100000100000011111011111100000100000100000100000100000011111100000100000011111100000100000011111
011111100000011111011111100000011111011111100000100000011111011111100000100000100000100000011111100000100000100000011111100000011111100000011111100000011111011111100000100000011111011111011111
100000100000011111011111011111100000100000011111011111011111100000100000011111011111100000100000100000011111100000100000011111011111011111011111100000100000011111011111100000100000100000011111
011111011111100000011111011111011111011111011111100000100000100000100000100000011111011111100000100000100000011111011111011111011111100000100000100000100000011111100000100000100000011111011111
100000011111100000100000100000100000100000011111011111011111100000011111100000011111100000100000011111100000100000100000100000100000100000011111100000100000100000011111100000100000100000011111
011111100000100000100000011111011111011111100000011111011111011111011111100000011111100000011111011111100000100000100000100000011111011111011111100000011111011111011111011111100000100000100000
011111011111100000100000011111100000100000011111100000011111100000100000011111011111011111100000011111011111100000011111100000100000100000011111011111011111011111011111011111011111100000100000
011111100000100000100000100000011111100000011111100000011111011111011111011111100000011111100000011111011111011111011111100000011111011111011111011111100000011111100000011111100000011111011111
011111011111100000100000011111100000011111100000100000011111011111011111100000100000100000011111100000011111011111011111100000100000011111100000100000011111100000011111100000100000011111011111
011111100000100000100000100000100000100000011111011111100000100000100000100000011111100000100000011111011111011111100000100000100000011111011111100000100000100000100000100000100000100000011111
100000100000100000100000100000011111100000011111100000011111100000011111100000011111100000100000100000100000011111011111011111011111011111100000011111011111011111100000011111011111100000011111
011111011111100000100000100000100000011111100000100000100000011111011111011111100000011111100000011111011111100000011111100000100000100000100000011111100000011111100000100000100000100000100000
011111100000100000011111011111100000100000011111100000100000011111100000011111011111100000100000100000011111011111011111100000011111011111100000100000100000100000011111011111011111100000011111
011111100000011111011111011111100000011111100000100000011111100000011111011111100000100000100000100000011111011111100000011111011111011111011111100000100000011111011111011111100000011111100000
011111011111100000011111100000011111100000011111100000100000011111011111100000011111011111100000011111011111100000100000011111011111011111011111011111100000100000100000011111100000011111100000
011111011111011111100000100000100000100000100000100000011111011111100000100000100000100000100000011111100000011111100000011111011111100000011111100000011111100000100000011111011111100000011111
011111100000100000011111011111011111100000011111011111100000100000100000100000100000011111100000011111011111100000100000100000100000100000100000100000011111100000100000011111011111011111011111
011111011111011111011111011111100000011111100000100000011111100000100000100000100000011111011111011111011111011111100000100000100000011111011111100000100000011111011111011111011111100000100000
011111100000100000011111011111100000011111011111011111100000100000100000100000011111100000100000011111011111011111100000100000100000011111100000011111100000011111011111100000011111011111100000
011111011111100000011111100000011111011111100000011111011111011111100000100000100000011111011111011111100000100000011111100000100000100000011111100000100000011111011111100000100000100000011111
011111011111100000011111011111100000100000100000011111011111011111011111011111100000011111011111011111011111100000100000100000011111100000011111100000011111011111011111100000100000100000100000
011111011111100000011111100000011111100000011111011111100000100000100000100000011111011111100000011111011111011111011111100000011111100000100000011111100000011111011111100000100000011111011111
011111100000100000100000100000011111011111011111100000011111100000011111100000100000100000100000011111100000011111100000100000011111100000011111100000100000100000100000100000100000100000100000
011111100000011111100000100000100000011111100000100000011111100000100000011111011111100000100000100000100000100000011111100000100000011111011111100000100000100000011111011111011111011111011111
011111011111100000011111100000011111100000100000100000100000100000100000100000011111100000100000011111100000100000011111011111011111011111011111011111011111011111011111011111011111100000011111
011111011111100000011111100000100000011111100000011111100000011111011111011111011111100000100000011111100000011111011111100000100000100000100000100000011111100000100000100000011111011111011111
011111011111011111100000011111100000100000100000011111011111011111100000100000011111011111100000011111011111100000100000100000100000100000100000100000100000100000011111011111011111011111011111
011111011111011111011111100000100000011111011111011111011111100000100000011111011111011111011111011111011111100000100000011111011111011111100000011111100000100000011111100000100000011111100000
011111011111011111011111011111011111100000100000011111100000100000011111011111100000100000100000011111100000011111011111011111100000011111100000100000100000011111011111100000100000011111011111
011111100000100000100000011111100000100000011111100000100000011111100000011111011111100000100000011111100000011111011111011111011111100000100000100000011111100000100000100000100000100000100000
011111011111100000011111100000011111011111100000100000100000011111011111100000011111100000100000100000011111100000011111100000100000100000100000100000011111100000100000100000011111100000100000
011111011111100000100000011111100000100000100000011111100000011111100000011111100000100000100000100000011111011111100000011111011111100000011111100000100000100000100000100000011111100000100000
100000100000011111100000100000100000011111011111100000011111100000100000011111100000100000100000011111011111100000011111011111100000011111100000100000011111100000100000011111011111011111100000
011111100000100000100000100000011111100000011111011111011111100000011111011111011111100000100000011111100000100000011111100000011111100000011111100000100000100000100000011111011111100000100000
100000011111100000011111100000100000100000011111100000100000011111011111011111100000011111011111100000011111100000100000011111011111100000100000100000011111011111100000100000011111100000100000
011111100000100000011111011111011111011111011111100000100000011111011111100000011111011111011111100000100000011111011111100000011111100000100000011111100000100000011111100000011111011111100000
011111100000100000011111100000100000011111100000011111011111100000011111100000100000100000100000011111011111011111100000011111100000011111100000100000100000011111100000100000100000011111011111
100000100000011111011111011111011111011111100000100000100000100000100000011111011111100000011111011111100000100000100000011111100000100000011111100000100000100000100000011111011111011111100000
100000100000100000011111100000100000100000011111011111011111011111100000011111100000011111100000011111011111100000100000100000011111011111100000011111011111100000100000011111100000100000100000
011111100000100000011111100000011111100000100000100000100000011111100000100000100000011111011111011111011111100000011111011111011111011111011111011111011111011111011111011111011111100000011111
011111100000100000100000100000100000100000100000100000011111100000100000100000011111011111011111100000100000100000011111011111100000011111100000011111100000100000100000100000100000011111100000
011111100000100000100000100000011111100000011111011111100000011111011111100000100000011111100000100000011111011111011111011111100000100000011111011111100000100000011111011111011111100000100000
100000011111011111011111100000011111100000011111011111011111011111100000011111011111011111100000100000011111011111011111011111011111011111011111100000011111011111011111011111011111100000011111
100000011111100000011111100000100000011111011111100000011111100000100000100000011111100000100000100000011111011111100000011111011111100000011111100000011111011111011111011111011111011111011111
100000100000100000100000011111011111011111011111100000011111100000100000011111011111100000011111100000100000100000011111011111100000011111011111011111100000011111100000100000100000100000100000
100000100000011111011111011111011111100000011111100000011111100000011111011111011111011111100000100000011111011111100000011111100000100000100000100000011111011111100000011111100000100000100000
011111011111011111011111100000100000100000100000011111011111011111011111011111011111100000011111100000011111100000100000100000100000100000011111100000100000100000100000100000011111011111011111
100000011111011111100000011111100000100000011111100000100000011111100000011111011111100000011111011111011111100000011111011111100000011111011111100000100000011111011111011111100000011111100000
100000100000100000100000100000011111011111100000100000011111100000011111100000011111011111100000011111011111100000100000011111100000011111011111011111011111011111011111100000100000100000011111
100000011111011111011111100000011111100000100000011111100000100000100000100000100000011111011111100000011111011111011111011111100000011111100000100000100000100000100000100000100000100000100000
011111100000011111100000100000011111011111100000100000011111100000100000011111100000100000011111100000100000100000100000100000100000011111011111011111011111011111011111100000011111011111011111
011111100000011111011111100000100000100000011111100000100000011111011111100000011111011111100000100000011111100000011111100000100000100000100000100000011111100000100000100000100000011111100000
011111011111100000011111011111011111011111100000100000011111011111100000100000011111100000100000011111011111100000011111100000100000011111100000100000100000100000011111011111100000100000011111
100000100000100000100000011111100000100000011111100000100000100000011111011111011111011111100000100000100000100000100000100000100000100000011111100000011111100000011111100000100000100000011111
100000011111100000011111011111100000100000011111011111011111100000011111100000011111100000100000011111011111011111100000100000011111011111100000011111011111100000011111100000100000100000100000
100000011111100000100000100000100000100000100000100000011111100000100000100000100000100000100000011111100000011111100000011111100000011111100000100000100000100000100000011111100000100000011111
100000011111100000100000100000100000011111100000100000011111100000011111100000011111100000100000011111100000011111011111100000011111100000100000011111011111011111100000100000100000011111011111
100000100000100000011111011111011111011111100000011111100000100000011111100000011111100000011111100000011111011111100000100000100000100000011111100000100000100000011111100000100000100000100000
100000011111100000100000100000100000011111100000011111100000100000100000011111011111011111100000011111100000011111100000100000100000100000011111100000100000100000011111100000011111011111100000
100000011111011111011111100000011111011111011111100000011111011111100000100000011111100000011111011111011111100000011111100000011111011111011111100000011111100000100000011111011111100000011111
011111011111100000011111011111100000100000100000011111011111011111011111100000100000011111011111011111100000011111100000011111100000100000100000100000011111100000100000100000011111100000011111
100000100000100000011111011111011111100000011111100000011111011111100000011111011111011111100000100000100000100000011111100000011111100000011111011111011111100000011111011111011111011111100000
011111011111100000100000100000011111100000011111100000100000100000011111011111011111100000100000100000011111011111011111100000100000100000011111100000011111100000100000011111011111011111011111
011111011111100000100000100000011111011111100000011111100000100000100000011111100000100000100000100000011111011111011111011111011111100000100000011111100000100000011111100000011111100000100000
011111100000100000100000011111011111100000100000100000100000100000011111100000100000011111011111100000100000011111100000011111100000011111100000100000100000011111011111100000100000100000011111
011111011111100000100000011111100000100000011111011111100000011111100000100000011111011111011111011111011111011111011111011111100000011111100000011111011111011111100000011111100000011111100000
100000011111100000011111011111100000011111011111011111011111011111100000100000011111100000100000011111100000100000100000011111011111011111011111011111100000011111011111100000100000100000011111
100000100000011111100000011111100000100000100000011111011111011111011111100000011111011111100000100000011111011111100000100000100000011111100000011111011111100000100000011111100000100000100000
100000011111100000100000011111011111011111100000100000100000011111011111011111011111100000011111100000100000100000100000011111100000011111100000011111011111011111011111100000011111011111011111
011111100000011111100000011111011111100000100000100000100000100000011111100000100000100000011111011111100000011111100000100000100000011111011111100000100000011111100000011111100000011111011111
100000011111100000100000100000011111011111100000100000100000011111100000011111100000011111100000011111100000100000011111011111011111011111011111011111100000100000011111011111100000100000011111
011111011111011111011111100000011111011111100000100000100000011111011111100000100000011111100000011111011111011111011111100000100000100000100000011111100000100000011111100000100000011111100000
100000011111100000011111011111100000100000011111011111011111100000100000011111011111100000011111011111011111100000100000100000011111011111100000011111011111011111100000100000100000100000100000
100000011111011111011111100000011111100000100000100000100000011111011111100000100000100000100000100000100000011111011111011111011111100000100000100000011111100000100000011111011111011111100000
100000011111100000100000100000011111100000100000100000011111100000100000100000011111011111011111100000100000100000011111011111100000100000011111011111011111100000100000100000100000100000011111
100000100000100000100000011111100000011111100000011111100000100000100000100000100000011111011111011111011111100000011111011111011111011111100000100000100000011111100000011111100000100000011111
011111011111100000100000011111011111100000100000011111100000011111011111011111100000011111100000100000011111011111100000011111011111011111100000011111100000100000100000100000011111011111011111
100000100000011111100000100000011111100000011111011111011111011111100000011111100000011111100000100000100000011111011111011111011111100000100000100000100000100000100000011111011111011111011111
011111100000011111011111011111100000100000100000100000100000100000011111011111100000011111011111011111011111011111100000011111011111011111100000011111011111100000011111011111011111100000011111
100000011111011111011111100000100000100000011111011111100000100000011111011111100000011111100000011111100000011111100000011111100000011111011111011111011111011111100000011111100000100000011111
011111011111100000100000011111011111100000011111011111100000100000100000100000100000100000100000011111100000011111011111100000011111011111100000011111100000011111100000011111100000100000100000
100000011111100000011111100000011111100000100000011111011111100000011111100000100000100000100000100000011111100000100000011111011111011111100000011111100000011111100000011111100000011111100000
100000100000100000100000011111011111100000100000011111100000011111100000100000100000100000100000100000011111100000100000100000011111011111011111011111100000100000011111011111100000100000011111
011111011111011111011111011111100000100000011111011111100000100000100000011111100000011111011111100000100000011111100000011111011111100000011111100000011111011111100000100000011111011111100000
100000011111100000100000011111100000011111100000100000011111100000100000100000100000011111011111100000100000011111100000011111100000100000100000011111100000011111100000011111100000011111100000
100000011111011111100000011111100000011111100000011111011111100000100000100000100000100000100000011111100000100000011111011111100000100000011111100000011111011111011111100000100000100000011111
011111100000011111100000011111100000100000011111011111100000011111011111100000100000100000011111011111011111100000100000100000100000100000100000011111100000100000011111011111011111100000100000
100000100000011111011111011111100000011111011111011111100000100000011111011111011111100000100000100000100000100000011111011111011111100000011111011111011111100000100000100000100000011111100000
100000100000100000100000100000100000011111100000011111011111100000011111011111100000100000100000011111100000011111100000011111011111011111011111011111011111011111100000011111100000011111100000
011111100000011111100000100000011111011111100000100000100000011111100000011111100000011111011111100000100000100000011111100000100000011111011111011111011111011111011111100000011111011111011111
100000100000100000100000011111011111100000011111100000011111011111100000011111011111011111011111011111011111100000011111100000011111100000011111100000011111011111100000011111011111100000100000
011111011111100000011111100000100000011111011111100000011111100000011111100000100000100000100000011111100000011111011111011111100000100000011111100000011111011111011111011111100000011111011111
100000100000011111011111011111100000100000011111011111011111100000100000100000100000011111100000011111100000100000011111100000011111100000100000011111011111100000100000011111100000100000011111
011111100000011111011111100000011111011111100000100000011111011111011111011111011111011111011111011111100000100000011111011111100000011111011111011111100000100000100000011111100000011111100000
011111011111011111100000100000011111100000011111011111011111011111100000011111100000011111011111011111100000100000100000011111100000011111011111100000100000100000100000100000011111100000100000
011111100000011111011111100000011111100000011111011111011111100000100000011111011111100000011111100000011111100000011111011111100000100000100000011111100000011111011111100000011111011111100000
011111100000100000100000011111100000100000011111011111100000011111011111011111011111011111100000100000011111011111100000011111011111011111100000100000011111011111011111011111011111011111100000
100000100000011111011111100000100000011111100000100000011111100000011111011111011111100000011111100000100000011111100000011111011111100000100000011111011111011111011111100000011111100000100000
011111011111011111100000100000100000100000011111011111100000100000011111100000100000011111100000011111011111100000100000011111011111011111011111100000011111100000100000011111011111100000100000
100000011111100000100000011111100000100000100000011111011111011111100000011111100000011111011111100000011111100000100000100000011111011111011111100000011111011111011111011111011111100000011111
011111100000100000011111100000100000100000100000100000011111011111011111100000011111011111011111100000011111011111100000011111100000011111100000100000100000011111100000100000011111100000100000
100000011111100000100000011111100000100000011111100000011111011111011111011111100000011111100000100000011111100000100000100000100000100000100000100000011111100000100000011111100000100000011111
011111011111100000011111100000100000100000011111100000100000011111011111011111100000011111100000100000011111100000100000100000011111100000100000100000011111011111100000011111100000100000011111
100000100000011111011111011111011111100000100000011111011111100000100000100000011111100000011111011111100000011111011111100000011111011111011111011111011111011111011111100000100000011111011111
100000011111100000100000100000100000011111100000100000011111100000100000011111011111100000100000100000011111011111100000100000100000011111100000011111100000011111011111011111100000011111011111
100000011111011111100000100000100000011111100000100000011111011111011111011111100000011111100000100000100000011111011111011111011111011111100000100000100000011111011111100000100000100000011111
011111011111100000011111011111011111100000011111011111011111011111100000011111011111100000011111011111011111100000100000011111011111100000100000100000100000100000011111011111100000100000100000
011111100000011111100000100000100000100000100000100000100000011111011111100000100000011111100000011111011111011111011111011111011111100000011111100000011111100000011111100000011111100000011111
011111011111011111100000011111011111011111011111100000011111011111011111011111100000100000100000100000100000100000100000011111100000011111100000100000011111011111100000100000011111011111011111
011111011111100000100000100000011111100000011111100000011111100000100000011111011111100000011111011111011111011111100000100000011111011111100000011111011111100000100000011111011111011111100000
011111011111011111100000011111011111100000011111011111011111100000100000011111011111011111011111100000011111011111100000011111100000011111100000100000011111011111011111011111100000100000100000
011111011111011111100000011111100000100000100000011111011111011111011111011111100000100000011111100000011111100000011111100000011111011111011111100000011111011111100000100000100000011111100000
