011111100000100000100100011110011111100000011111100000100100011111100000100000011100011111011111100101100000011111011010011110011001100000100000100000011111011111011101100010011000100000101001
100000011111011101010111011111011111011111010110100111100000100000100000100000100000100010100000100000100001011111011111011111011111100000100110011111011111100011100000100100011111100000100000
011111011111011111011101100000011010100000011000011111011001011001100000011111011111100001011111100000100000011111101001100001011111100000011001100000011111011101100000100000011111011111011100
011111100000011101100000100000011111100000100000011111011111011111011111011111011111011111011111100000011110100000100000011111011111011111100000100000100000100000011111011111011111011111011111
100000011111100010011111011111100000011110011111100010100000011111011111011111011101100000100000100010100101011111100110100000100000011010011111100000011111100001100001100011011111100000100011
100000011111100000011111100000011111100000100000011111011111100000011111011111011111011111100000100000100000011111011111011111100000011111011111100000011111100000100000011111011111011111100000
100000100000100000100000011111100000011111100000100000011111011111011111011111100011011111011111100000011111100100011111100000100000100001100000011111011111011111100000011111100010011111011111
100000011111011110011111011111011111011111011111100000100011011110011111100000011111100000010111100000011001011111011111100000100100100101011111100011011011011111010111100000100000011111011111
011111100000011111100000011111100000100000011101011111100010011101100000011111100000100000011100011111100000011111100000011111100010100000100000100000100000100000011111011111011100011111011111
100000011111011101011111011110011111011100100110100000100000100100011111011101100000011110011111100000011111100000011111011111011101011111011111011111011111100000100000100000100000011010011111
011010100100100000100000100010010110100010011010100000100000100100100000011010011001100000011001011110011111010110011100011011011111100010100010100101011111101011100000011111011111100000011100
011111011100011111010110011111101000011000011100100000011111100000011111100000100001100010011100100010100000011100010111100101100100100000100011100011011111011111100000011101011011100000100011
100000100000100100011111100000011111100000011110100000100000100000011111011111100100100000011100100000011111011111100010011111100000011011100000011111011111011111011111100000100000011111011111
100000011111011001100000100010011010100010011011100110100000011111100110011111101010011011100000100101100010011111100101011110100011011111011111100101011101011111100110011111101000101000100000
101001100000100001011111100000100000100001100000100000011111100000100000011101100101100000100000100000010111100011100000011111010110100001100100011111011111011111011111011111011100100000100010
100000011111100001100000100000011111011100100010100000011111100000100101011110011111011111100100100111011111100000011111011111011111100000011111011101100010011010011011011011011111011111100001
100001011111011111100000011110100110011111011111100000011111011111100000011111100000011111011111011110011111011111100000011111100000100000011010100000100000100000011111100000011111100000011111
100000100000011111100000011111011111011101100000011111100100011111100000011111100000100000011111011111100000011111100000100001100000011111011110100001100000011110100000100000100000011111100100
011111100000100000100000100000011111011111100000100000100000100000100000011111011111011111011111100000100000011111100000100001011111100000011111011111011111011111011111011111011111011111011111
100000011100011111100000011101011111011111011111100000100000011111011111011111100000100000011111100000100000011111011111100000100000100000011101011111011111100000011111100000100000100000100001
100010011111011110011111011111011011011111100000011111011111011111011101100010100000100000011111100000100000011111100000100011011111100000011011011111100000011111011111011111100001100000100000
100011001110100000100000101001100100100110011010011011011111100000101111011001100110011111011111100000011010101110011100100000010010100000011001011111100110011111100000100000100000001111100000
011101011111100000011111011111011111100000011111011111100000011111100000100000011111011111100000100000011111100000011111100000011111011111011111011111100010011111100001100000100000100000011111
100000011111100000100000011111011111011111011111011111011111100000011111100000011111100000100000100000011111011111011111011111011111100000011111100000100000100000011111100000011111100000011111
100000100000100000011111011111100000011111100000100000100000100000100000100000011111011100100000100000100000011111011111100000100001100000100000011111011011100000011111100000100000100000100001
100100011111100000100011010110100000100000011111011101011101011100011011100110011001011111100010011000011010011111011111100000011111100101010101100010010100100100011011011001011111100000011010
100100100001011001100000011111011010011111011101011101011111100111100000100000100010011111100100011111101011011101011110011100011101100000011011010100100001100100100010100010011011011110011010
100000011111100110011011100000101000100000100000100000100011011101100000100010011111011110100000100000011111100000100010011111100011011010100000100000100010100101100000011111011101100000100000
100000100000011111100000011101100000100000011111011111011011011111011111100100100000100000100000011111100000100000100000100101100000011111100000100000100000100000011111100000100011011111011111
100000100001011111011111100000100000100011011111100000011111100000100000011111100000100010011111100000100000100000011111100000100000100010100000011111011111011111011111100000100000100000011111
100000011111011111011101100010100000011111100000011111011111011111100010011111011111011111100000011100100000011111100000100000011111011111011111011111100000100000011111011111100000100000100000
101000011111011000100100011111011110011110100000100000101010011111011111011111100000100000100010100000100110100010100100101001011100011111100000101000011110100111100000011111011011011100100000
011011100000011111011111011111011111011110011111100000011111100001100000100000100001100000100000011111011111011010100000100000100000011111100110100000011111100000011010011111011111100000100000
100000011111100000100000011111011111011111100000100000011111011111011111011111100000100001100000100000100000011110011111011111100000011111011111011111100000011101011111011111011111100000100000
011111100110100000011111011111100000011111100000100000011000100000100000011111011111100000100000100010100100100000011111100000011110011000100000100000011111100000011111011111100011100000011111
011111011111100010011111011010100011100001100000100010011001100000011111011111100111011011011111011100011111100000011111011111011111011011100000011011011111011111011111011111011111011111100000
100000100000100000100100011101100000011110011111100011100000100000011111011111011111011111011111100000011111100000100000011111011111011111100000100000011111011110100010100000100000100000100000
011111100000011111100000011111011111011111100000100000011111100000011111100000100000011111011111011111100000011111011111011111100000100000011111011111011111011111100000100000011111011111011111
011110011111100000100000011101011111011100011111011111011111011111011101011111100000011111100000100100100001011100011111011111011111011110100000011111011101100110100000100000100000011111100000
100000100000100000011111011111011111100000100000011111011111011111100000011111100000100010100000011100100000100000100011011111011101100000100000011111100000100000100000011101100000100000100000
011111011111011100011111011111011100011100100001100100011110011111011100100101011111011110100000011010100001010110100000011111011011100000100001011111011111100011011111101011011100011111011000
011111100000011111100000100000011111011100100000011111100000011111100000011111100001100000011111011101100000100000100000011111100000100010011101011111011111011111011111100000011111100000100000
011111100001100000011111100001100000100000011111011110010101011101011011011111011111100010011111100000100001100000100011100000011111011111100000011111100000011110011111010111101010100000100000
011111100000100000011110011111011111011111100000011111011111011111011111011111100000100000011111100100100000011111100000011111100000011111100000011111100000100010100011100000011111100000100000
011111100011100000100111011111100011100000100000011001011111100000100010011111011111100100011111011111100000011011011111011110100000011111011101011111011001100011011001011111100000011111100000
011111100000011111011111100000011111100000100000100000100010011111011111100011100001011110011111100000100000011111100000100000011111100000011110011111011111100000100000100000100000011111100000
011111100001100000011111100011100000100100011011100000011111011111011101100000011111011111100000100000011111100000011011100000100000100000011111100000100000100000011111011111011111100000100000
011111100001100000011110011111100000100000011111011111100001100000100000100000011110011111100000011111011111011111011101011111011111100000011111100000100000011011011111100101011111100000011111
011111011111011111100000011100011111100000100000100000011111100000011111011111011100100011100000100000011111011111100000100000100000011111100000100000100100100000011111011111100000100000100000
011111011111100000011111100000011111100000011111100000011111011111011111011111100000100000011111100000011111011111011111011111100001011111011111100000100000100001100000100000100000011111011111
011111011111100000100000011111011100100000011011011111011111100010100000011101011011011011100000100000100000100000100001011111100000011111100100100000011010011111100000100000100000011000011111
011111100000011011100000100000011111100111011111011111100000011111100000100101011010011010100000011111011111100000011111011111100000100000011111011101100001011111011111011111011111011111011111
011111100000100000100100100011100000011111100001011110100100100000100000100000100000011111011111011010011111100100011111100000100000011110100000011111100000100000011110011110011111011101100010
011111100000100010100110100100011010011111100001100111011111011111100000100011011100100000011101011111011111100000011011100000100000011111011110100001011010100010100000011111100000100010100001
011111011111011111100100100000011111011111011111011100011111011111011111011111011111100000011111011111011101100000011111011111100000100000011111011111100011100000100000100000100000100000011111
011111100000011110100001100000100000011111011111100000011111011111011111011111011111100000011101100000100000100010100001100000100000011111100000100000100000011111011111100000100000011111100001
011111011011100010100001100000100000100000011111100000011111100000011111011111011111011111100001011111011111011111011100011111100000011111011111100000011111100100100000100000100000011111011111
011111100000011111100000011111011100011101100000011111011111100000100000100000011111100000011110011111011111100000011111011111011111100000100000011111011111100000011110011111011111011111100000
010110010011011101011101100000011111100010011011011111100101010011011111011111100010100000100110011111100101011111011010100101011111100000100110011111011111011111011111100101100011011111011111
100000100001101000010110011111011111100100011111011100100100100000100000100000100000011111100000011111100000100000011111100000011111011111100010011110100000100000100000010101100000011111011111
010111100000100101011010011011100111100000011111100001011110011101100000100100011100011111011111100101100001011111011001100000011111011101100111011111011001100000011110011111011100011100011111
100000011111100000011111100001011111100000100000011111011111100001100000011111011111011010100000011111100000100000011011011010011010011111011111011111011111011111100001011111100010100000100000
011111100000100000011111011111100000100001011111011111011111011111011111100101100100100000011111011111100110100000011111100000011111100000100000100010011111011111011111100000011111011111011111
011111011111100000011111011111100000100000100000100000011111100000011111011111011111011111011111011111100000100000100000011111100000011111011111011111011111100000100000011111100000100000011111
100000011111100000100000100011100000100000011111100000011111100000011100011111100000011101011111100000100000100010100000011111100000100000011111100000100000011111011111011111100000011111011111
100000100000100000011111011111011111011111100000011111100001100010011111011111011111100000011111011111011111100000011111011110100000100000011110011111100000100000011111011111100000100010011111
011111011111100000011111011111011111011111100000100010011111100000100000100000100000100000011111011111100000011111011111011111100000011111100000100000011110100000100000100000011111011111100000
011111011101100011100000011111011111100000100001011110011101011111101001100000100000011111011111100000011111100001010110100100011101101001011111100101100000011111100000100011100011100000100001
011111011111100000011111100000011111100000100000100000100000011111011111011110100000011101100000100011100000011111100000100000011111100000011111100000100000100000100000100001100000011111100000
100000100000011111100000011111100000011111100001011111011100100000100000011111011111011111011111100000100000011111011111100000100000011111011111011111100000100000100000100000011011100000011111
100000011111100001011111011111100001100000011111100000011111100000011111100000100000100000011111100000011111011111011111100001100000100000011111100000100000011111100000011111100000011111100000
100000100000010111011110011111011100100011011111100000100000011111010110100000100010100001011110011111100000011101100000100000011111100000011111100010100000100000101001011111100000011111100000
100000100011100000100000011000101001011011100101010110101011100101011111011100011111100000011011011111011010100000010001011111100110100000011001010001010000101000011010011010100110100110100101
011111101000011111011111100000100000011111100000011111100000100001011111011001100000100000100010100011100000011111100000100111100000100101100000100000100101011111101010010111100011011001011001
100000011111100000011111011111100000011111100000011111011111011111100000100000011111011111011111100000011111011111100000011111011111100000100000100000011111011111100000100000011111100000011111
100000011111100000100000100000100000011111100000100000011111011111100000100000011111100000100000011111100000100000100000011111011111100000100000011111100000011111100000100000100000100000100000
100000011111100000100000011111011111100010011111011001100000100001100000011101011111011101100000011111011111100000011111011100011100011111100000100000011111100110011111100000100100011110011011
011111100001100000100000100000100000100000100000100000100000100000011111100000011111100000100000011111100000100000011111100000011111100000011111011111011110100000100000100000100000100000011111
011111011100100000011111011111011111011111100000011111100000100000100000100000011111100011100000100000011111011111011111100001011111011111100001100000100000011111100000100000011111100000011111
011111011111011111100000100000011111100000011111011111011111011111011111011111100000011111100000011111011111100000011111100000100000100000100000011111011111100000011111011111100000011111011111
100000011010100010011111011111100000100110100000011111100000011111011111011111011111011101100001100010011111011100100000011111011111100000100000100000011111011110011111011100011110011111011111
100000011111100001011111011111011111011111011111011111100000011111011101100000011111011111011111011111011111100000011111100000100000011111100000011101011111011111100000100000100000011111100000
100000100010011111100000011111011111100000100000100000100000011111100010011101100011100000100000011111100001100000100000011110011111100000011111011110100000100000100000011111100000100000011111
100000100000011111011111011111100000101011100001100111011111011111100000011001100000100000010110100000011111100011100000100000100100100000100100100001100000100110011111011111011010011000100000
100000100000011111100000100000011111100011100000100000011111011111011111100000011111011110011110011111011111011111011111011111011111011111100000100000100000100000100000100000011111011100011111
100000100000100000011111100011100001100000011010100000100011100001011111100000100010100000100000100000100101011111100001100000011111011111011111100000100011011001011111100000011001011110011111
100000100000100000011111011111100000011111100000100000011111011111100000011111011111011111011100100000011111100000011111100000011111100010100000100011100000011111100000100000011111011111011111
011111100000100011100000011111011111011111100000100000100000100000011111011111100000100000011111011111011111011111100000011111011111011111100000011111011111011110100000011111100000100000011100
100000100000011111100000100000011111011111100001011111011111011111100000011111011111011111011111011111011111011111011111100000100000011111100001011111011111100000100000011111100000011111011111
011111011111100000011110100000011111011111100000100000011111100000100000011111100000011111100000100000100000100000011111100000100001011111011111011110011111011101011101100000100000011111100000
011111100000100000011100011111100000100000100010100000100000100010100000011011100010100010011111011010010101011011100000011111011111011100100000100000101010100100011111100100100101100000100000
011101011111100011100000011010100101100100100000100000011111011011011111011101011111100010100101011111011111011111100000100000100000100000011111100000100100100000011111100000011010100000100000
011111100000100000011111100000011111100000100000100000011111100000011111100000100000100000011111011111011101100000100000011101100000011111100000011111100000011111100000011111011111100000100010
100010100000011111011111011110100000100000011111011111011111100000100000100000011111100000011111100000011111100000011111100000100000100000011111011100100000011111011111100000011100100000011111
100000100101100000100000010101010110011101011110100100011111100000011011100011011001100000100000100000011111011001100001100011100010100100100100011111011111100000100011011001011111101000011100
100000011111100000011111011110100000100000011111100000011111011111011111100000010101011111011111011111100000011101100000100000100000100111010101011100101001100000100000011111100000100000011111
011001100010100000100100011000011111011101011111100000100110011101100001100100010111011111011111100010011100011111011011100000101000011111100010100010100000011011101000011111100000100000011111
100000011011100000100000011111011110011111100000100011011111100000011110011111011111011111100000011111011111100000100000100100100000011111100000011111011111100000011111011110100001011101011111
010011011110011111011111100000011101100010100001100000011111010011011101100000011111011101011111010111100000011111011110011111010101011111011111011111011111011100011101100000011010011111100000
100001011111100000100000100000100000100000100000011111011111011111100000100000011111011111100011011111011111011111011111011111100000100000100000100100100000011111011111011111011111011111100001
100000011111100000011111011111100011100000011111100000011111011111011111011111100001011111100010100000100000011111011111100000011110011111011111011111100000100000011111100000011110011110100000
100000100000011110100000011111100000100000011111100000011111011111011111100000100000100000100000100000100000100000100000011111011111100000011111011111100000011110011111011111011111011111011111
100000011111011111101000101000100000101010100000100111100010011111100101011110011111011011011100100001011111100000011001101000011111011110011110100111100010011110100000011111011111011101100100
011111100000011111011111011111011111011111100010011100011110100100100000011111011111100000100110100000100101011111100010011111100001011111100000100000011111011111100000100001011110011111011111
100000011111100000100000100000011111011111100000100000100000100000100000100000011111100000100000100000011111100000100000100000011111100000100000011111011111011111011111011111100000011111100000
011111011011011111011111100000100011011111100000011101100000011011100000011111011111100000100000011111100000011111100000011111100000011111100000011111100101011111100000011111011111011111100000
100000100001011111100000100000011111100000011111100000011101100000100001100000100000011111100100011111100000011111100000100000100000011111011111100000100000011100011111100000100000011111100000
011111011111011111011111100000100000011111100000100000100000100000011111011111011111011111011111100000011111100010011111011111100000011100100010011111100101011111100000100000011111100000011101
100010011111100000100000100000100000100001011100100000011111011111100000011111011110011111011111100000011111100000011111100000100000100000100000100000011111100000100000011111100000100011100000
100101011110100000100000011111100001011111011111011111100000011111011110100000011011100011100000011111100000100000100000100000011111100000011101100000100000011111011111100000011111100001100000
011111100000100000100010100010011111100000011111100000011111011111100000100000011111011111100000100000011111011111011111011111011110100000100000100010100000011111100000100000011111011111011111
100000100000100000011111100000011111100000100000100000100000100000100000100000100000011111100000011111100000100000011111011111011111100000100000011111011111100000100000011111011111100000011111
100000011111100001011111100010011111100011011111011111011111100000011111100000011111100000011111011111011110100000011111011011011110100000100000100000011111011110100000100000100000011111011011
011111100001100100100000100001011101011111011111011111011111100000100000011111011101100000011111100000100000100100100000011111100111100011011111011111100000100001011111100100100000100000011111
101000100001100000011000011111100000100001100000100000100000011111100000100000100000011111100000011111100010011111011011100001011111011011011101011111100110101000011111011101011111011001011111
100001100000011111100000100000100000100000011110011111011111100000011111100000100000100000011111011111100011100000100000100000011111100000011111100000100000011111100000100000100000100001100000
011111100000100000100000011111011110100000011101011111011111100000100000100001011111100000011111100000011111011111100000100000100000011111100000011111011110100000100000011111100000100000100000
100000100000100000100000011111011111011111100010100010100001100000011111100000100000100000100000011111011111100000011111011111011111100000100000011111011111100000100000011111100000011110011111
011111100000100010100000011111100000100000011111100000100000100000100000100000011111100000100000011111100000011100100000100000011111100101011111100000100000011111011111011101011111011111011111
100000011111100000011111011111011111100000100000011111011111100000100000011111011111011111011111011111100000100000100000100000011111100000100000100000011111011111100000011111100000100000011111
011100100100100000100000011111100000011011011111011111011010011111011011100011100000010110011000100000011010011111101011011111100000011110100110100010100000011001011111100000100000011111011011
011111100001100001100111010111011111100001100111101000100011010110011100011000100000100011100010011111011111011110100001011111011111100010011010100001011101100011011111011011100000011111100000
011111011111100000100000011111100000100000011111011111100000011111011111100000100000011111100000011111100000011111011111011111100000011111011111100000100000100000011111011111100000011111011111
011111011111011111100000100000100000011111100000100000100000100000011111011111100000100000100000100000011101011111100000011111011111100000011111011111100000011110100000011111100000100000100000
100000100000100000011111100000100000100000011111100000100000011111100000100000011111100000100000011111100000011111011111011111100000011111100000100000100000011111011111011111100000100000100000
011111100000011111011111011100011111100000100001011111011111011100100000100000011111011111100000100000100010011101100101011111100000100000011111011111100001100100011111011111100000011111011010
100000100000100000100100100000011111100001100000011110011111011111100000100000100000011100011111011111011111011111011111100001011111100000011110011111011100100000011111011111011111100000011111
011100100000011101011000011111100000011101011111011010100011011100100101011110100100100100011111011111010110011111011111100000100001011010011111011111011111100111100000011111011100100100100011
100000011111100000011111011111011111100000011111100000100011100000011111011110011111100000100000100000100000011111011111100000011111011111100100100000100000011111100000011111011111011111100001
011111100000011111100000011111100000100000100000100000011111011111100000011111011111100000011111011111100000011111011111011111011111011111011111011111100000100000011111011111100000011111011111
100000011101100000011101100000011111100100100001100000100011011111100000011111011111100000011111100000100000100000011111100000011111011111011110011111100000100001011111011111100000100000100000
100000011111100000011111100000100000011111100000011111011111011111100000100000011011100110100000100000011110011111100000011111011110011111011111100000011111100000011111100000011111011111011111
100000011111100000011111100011011001011111100000011111100000100110011101100111100000100100010111100110100000011111011111100000010111011111100111100000100000011100100000100000100000100101100000
011100100110011001011111011111100001011111011001100000011111011011011111100000100000100001100000100011100000011111100000100000100000011111011111100000100000011101100000011011100000011111011011
011111011111011111100000100001100000100000100000100010100000100000100000011111011111011111011111011111100000100000100010100000011111100000100000100000100011011111011111100001100000100000011110
011111010111011001011110011111011010100000011100011111011111011111011111100001100000100000100000011111011111011111100000100000011111100000100100011111011111100000011111011101100001100110011101
011111011111100011100000011101100000011111100000100000011111011111100000100000011111100000100000011111100000100000100000100000011111100000011111100000011110011111011111100000011111011100011111
011111011101100001100110011111100101100000100000100110011111100000100010100000011111010111100010100000100110100000100010100100011011100100100001011001100000011111100000011111011111011010100001
011111011111100100011111011111100000011111011001011110010100100000011111011010100110100000011111011000100000011111101010100101100000100000100111101011101001101000011111011001011111010101011111
011111100000011111100000100000011111100000011111011111011111011111100000011111100000100000100000100000100000011111100000100000100001011111100000100000100000011111011111100000100000100000100000
100000011111100000100000100010100000100000011110011111100000100000011111011111100000100000100000011111011111100000011111011111100001100000011111011111011111100000011111100000011111100000100000
011111011111011111011110011110011111100000011110011111011111011110011111011111011111011001011111100000011111011101100000100000011111100000011001011111011111011110011111011111100001100000100100
011111011111011111011101011100100000011111100001011101100000100011100000100000011111100000100000011111100000011111011111100000100000100000011111011111100000100000100000100000100000011111100010
100000011111011111100000011111100000011111100000100000011111011110011111100000100000100000100001100000011111100000100000011111011111100000100000011111011111011111100000011111100000100000100001
100000100000100110011111011111011111011111011111011111100000100000011111011111100000011111100101100000011111011111011111011111011111011100011111100011100010100000100000100000100000100000100000
100000100000011111100000100101100000011111100111100000011111100000100000011111010111100000011111101000011111100001100000011111100000100000011001011111011111100000100000011100011111011111100000
100000100000100000011111100010011111100001100000011110100000100000100000011111100000011111100000100000011111011111100000100001011111100000100000011111100000011111011111011111100010011111011111
011111100000100000100000011111011111100000011111100000011111011111011111011111011100100010100011011101011111011111100000011111011111011101100000011111100000011111100001011110100000100000100000
100000011111011111011111011111100000100000011111011111011111100000100000011111100000100000011111011111100000100001011111011111011111100000100000100000100000011111100001011111100000011111100000
011111100000011101100001100000011011011110011101010010011111100100011111100000100111101000100000011110011101100000011111101111011101100001011101100000010110100000100100011010011111011111010101
011111100000011111011111100000100000100100011111100000100000100000100010011111100000011101100000100011100000011111011111011101011111100000100000011111011111100000011111011111100000100000100000
100000011001011111011101100010100000100100010110011111100000100011011111100011011111100010100000011100011111011111100001100000011000011111100000100000100010100000100100100000100010100111100010
100000100011100010101001100000100011011101100111011111011111011110100000011111100000100000100000100110011111100000100000011100011111011111011000100000100000100000100000011101100100100000011010
100000011111011111011111011110011111011111011111011111011111100000100010011111011111011111100000100000100000011110100000011011100000011111011111011111011111011111100010100000100000100000011111
100000100000011111011101100000100000011111100101100000011111011111011111100000100000011111100000011111011111100000011111100000100000011111100001100000011111100000011111011101011111011111100101
100000100000100011100001100000010110010101100100100000100101100001011110011111011111100000100010100000011101011100011111011101100001011110100000101010100100100000100000100101011111011111100111
100000011111100010011111011001100000100000100000100000100000011111011111011111100010100000100000100000011111011111011111011111100001100001100010011111011001011111100000011101100000011111011111
011111011111100000100000011111100000100000011110011111100000100000100011011111100000100000011111011111100000100000100000011111011111011111011111100000100000011111011111100000011111011111100000
100000011111100000100010011111011111011111100000100000100001011111011111100000011111011110100000100000100000100000011111011111100000100000100000011111100000100000100000011111100000011111011111
100000011111011000100000100000100000100000011111011110011111011111100000011011011010100000011110011101100000011101011111011111011111100010100001100000011111100000100000011110100010100001100011
100000011000100000011111100000011101100011011111100000011111100000011111011011100000100011011111011111011111011111011111011101100000011111100000011000100010100000011111011111011110011111011111
011111011111011101100011011101100001011111100000100101100000011010100000011101011111011111100000011011100000100011100000011111100000100000100000100000010111011111100001011111011111010110100000
100000100010100000100000011111011111100000100000011111100000011110100000011111011111100000100000100000100000100000100000100000011111011111011111100000011111100000100000100000100000011111011111
100000011111011111011111100000100000100000100000100000100000100010011110100000011111011111100000100000011111011111100000011111100010011110100000100000100000100000100001100000100000011111011111
100000011111011111011111011111011111100000100010011111100000100000100000100000100000011111100000100000011111011111011111011111011111100000100000011111011111011111100001011111100000100000100000
100000100000100000011111011111100000011111011111011110011111100000011111011111100000100000100000100100100000100101100000011111011111011101011111011111011111100000100000100101011111100000011101
100000011101011010100000100000011110100010100000100000100000100000011111011111011011011111100000100100011111100000100000100000100100100000011011100000100001100000100000011111011111100000011111
100000011111011111100100011111011111100000011100100000011111100000100000011111100001011111011000011100011111100000100000100000011000100000100010100000011111011111100000011111011111100000100000
100000011111100000100000011111100000100000011111100000100000011111011111011111100000011111100000011111100000100000011111100000100000100000011111100000100000011111100000100000100000011111100000
100000100101011111011111100010011111100000100010100001100000100000100010011111011111100010100000011111011111011110100000100000100000100000100000011111100001100000011111011011100000100000011101
100001011111011111011111011011011011100000100000011111011110011111100000100000100000100001100000100000100000011111011111100000100000100000011100011111011111011111100000011001100000100000011111
011111101100011111011001100011101100011111011110100000100001011101100000011111100001100101101101100101011110010101011111011101100110100000011111100110011111100000011111100011100001100011100000
100000100000100000100000100000100000100000011111011111100000100000100000011111100000100000100000011111011111011111011111100000100000011111011111011111011101100000011111011111100001100000011111
011111011111100000100010100000011111011100100000011111100000100001011011011111011111011111100000011111011111100000011111100000011101011111011111100000011011011111011111100000011111011111100000
011111100000100000011111011101011100100000100000100000011111011111011111100000011111011111011111011111100000100000011111100000011111011111011111011111100000100000100000011111011111011111011111
100000011111011111011111011111011101100011100000011111100000100000011111011111011111100001011111100010100000100000011111100000100000011111100000100000100000100000100000100000100000100000100000
011111100000011111011111100000100000011111100010011111100000011111100000011111011111100000100000011111100000011110100000011111100000011111011111100000011110011111011111100000100000011111011101
011111100000011111011111100000011111011111100000011111011111100001100000011111011111100000011111100000100000011111100000100000100000100001011111100000100000100000100000011111011110100000100000
100000011111100000011111011111100000100000011111011101011010100000011111011111100000100000100000100000011111011111011111100000100000100000100000100000011111100001011111011111100000011111011111
011111100000011111100000011111100000011111100000011111100000100000100000011111011111100000011111100000011111100000100000011111100000011111100000100000011111011111100000100000100000100000011111
100000100000100000100000011111100000100000100000011111100000011100011111011111100101100000011110100000011111100000100000011111100000100000100101100000100000011111011111100000100000011111011111
100000100011011101100000100011100000101010100001100000011010100000100000011111100000011100100011011000100000100100100000011100011100011100011100100000100110011111011101100000011111100000100000
100000011111100000011011011111011101011111100000100000100010100001100000011111011111011001100000100000011111011010011111011111100000011111011100011111100000100000011111100000100000100000100000
100000011010100000011111100000100000100000011101011111011111100000011011100000100000100001100100100000100011011001011111100010100000011110100000011110011101100000011111011111011111100000100000
100000100000011111011111100000011110011111100000100010011111011111011100011111011111100000011111011111011111011111011111011111011111100011100000100000011111011111100000100000100000011111011111
100000011111011111011111100011100000100000011111100100011111011111011101100000100100011111100001011111100000100000100000100000011111100001100000100000011111100000100000011111100000011111011110
100000011111100000011100100000011111011111011101011111011111100000100000100000100000011111011011100000100000011111011111011111011111011111011111011111100000011111011111011111100000100000011111
011111100000011111011111100001011111100011100000100000011111011111011111100000100000011111011111100000100000011111011111100000100011011111100000011111100000011111011111100000100000100000011111
011111011111011111011111011111011110101011100010100000011111100000011110100000100010011111100000100011100000011111100000100101100000010110100000100000100000100000011111011111100000100000011110
011111100000100000011111100000011110011111011111100010100000100000011101100000100000011111011111100000011111100011100000011111100000100000100000100000011111100000011111100000011111100000011111
100000100100100000100000011111100000100000100000100000011110011111100101100000100000100000011111011111100000100001100000011111100000011111011110011111011111100000100000011111100000011111100000
100000101010100000011111011111100000100000100011100000100000100000100000100000011111100111100000011010100000100000100000011111010110100000100000100000100010011111011010011111100000011111100000
100000100000100000100000100000100000011111011110011111011111011111011111011111100000011111100000100000011111100000100000011110011111100000100000100000100000011111011111100000100000100000011111
011111100000100000011111011111011111100000011111100000011111011111100010011111011111100000100000011111011111011110011111011111011111100000100000100000100000011111100000011111100000011111100000
100000011001011011100100100000011111011111100100100010011001100000011111011111011110100000100110011111100000011011100000011001101010100001011111011111011111100000100000011111011100100000100000
011111100001100000011111100000011111100000100000100011100101011010011111100000100000011111100010100000100000011111011111011110011111011111100000100000100000011111011010011111100000011111011111
100000011111011111100001100000011111100000011111011111011111100000100000011111100000011111100000100000100000011111011111100000100000011111100000100000011111100000011111100000011111100000100000
011011100000011111011100011100101000100110011011100001011101011101100000011111010110100101011111011010100000011111100000011111100001100001011110011111100010100000100000100000011101100000100101
100000100010011111100000100111011111010110011110011101011010101011011111011111010111011111100000100000100000100000011111100001011111101000100000100000011111011111011111011111011100011001100010
100000011011011110100001011111011111011111100000011111011111011111100000011111011111100000011111100000100000011101100000011110100000010111011111100101011110011111100000100000100000100000011001
011111011101011111100000100000100000011111011111100000100000100000100000100000100000011111011111011111100000011110011111011111011111011011011111011100011111100000100000011111100100011010100000
100000011111100000011111100000011111100000011111100000011111011111100000011111011111100000100000100000100000100000011111011111100000100000100000100000011111100000100000100000100000100000011111
011111011111100000100000100000011001100000011111100000011111100000011111011111100000100011100000011111100000011111011111100111011111100000011111100000011101011111011111100000011111011001011101
011111100000100000100011100000100000011111100000011111011111100000011111100000100000100000100000011101011111100000011111011111100000011111100000011111011111100000011111100000100000011111100000
100000011110100000100000100000100000011111011111100010011111100000011111011111011111100000011010011111011111011111100000011111011010100000011111100000100000011111100111100000100000011110100000
011111100000011111100000100000011000100000100000100000100000011111011111011111011111011000011111011111011111011111011111100000011111100000100000100000100000011111100001011111011111011111100000
011111100100100000100100010111011011011011100000100000100000100000011111011111100000100111100000100001011111011010011111100110011011011111100000100010100011100000011111100000100000100001100111
011111011111011111100000011100011111100000011111100000011111011111100000011111100000011111100000011111100000100000011111011111100000100000100000100000011111011111100000011111100000100000100001
100000100000011111011111100000100000011110011111100000011111011111011111100000011111011111011111100000011111100010011111100000100000100000011111100000011111011111011111100000100000100000100000
011111011111100000100000011111100000100000100000100010100000100000100000100000011111100000011100100000011111011111011111011100011111011111100000100000011111011111011111100000100000011101011111
100000011111011111100000100000100000100000100000011111011111100000011111100000100011100000100000100000011111100000011111011111011111100000011111100000011111011111100010011111011111100100100000
100000011111011111100000100001101000011101100000100000011111011111011111011111100000011111101000100000011111100000011100011111100001011101011111011101100110011111100000011111011111100000011111
100011100100100010011101100000100110101011011010011100100000011111100001011111100000011010011110011111100000100000100101011100100100011111011111100000011010011111011111011111011100011111011100
011111011111011111011101100000100000011111100101011100100000100000100000011111011111100000100000100000011111100000011100011111011111011100011111100111011011011111100000011111011011011001011111
011111100000011111100000011111011111101001011011011111100000011111100000100000100000011111011111011111011111100000100000011111011110011111011111011111011000100000011100011111011111011110011111
011111100101011111011110011111011111100000011101011111100000011101100000100000011111100011011111011111100000011111100000100101100000100000011111011111100000011111011111011111100000100000011111
100000011111100000100000011101100000011111011111100000011111100000100000100000100000100000100000100000100000100000100000011111100000011100011111011110100000011111100000100000100000100011100000
011111100000011111011111100000100001011111100000100100100000100011100000011111100000011111100010100000100000011111100000100000100000011111011111011100100000100000011111100000011110011110011101
011111011111100000011111100000011111011111011111100000100000100000011111011111100000011111011111100000100000011111100000100000100000011111011111100000011111011111100000100000100000100000011101
011111011111100000011111011111011101100000011110011111011111011111011111011111100000100000100000100000100000011111100000100001100000100101100000100000011111100000011111011111011001100000100001
011111100010100000100000100000011010100001011111011111011111011110100111100000010011100010100000011111100000011111100000100000100101100100011101011111011111100000011111100011100000011110100011
100000100000100000100000100001100000100111100000011001011111100001100000011111011111011111100010100110100000100000100000011001100100011111011111100010011110011111100000100000100000100101100000
100000011000100000011111011111100000100000011111011101100000100000011111100000011111011111100010100010011111011111100000011111100000011111100000100110011110100000101001011110100000100000100001
100000100000100000011111011111100000100000100000100000100000100000100000100000100000011111011111011111100000011111100000011111100000100000100000100000011111100000011111100000100000011111100000
100000100000100000011111100000100000011111100000100010100000100000011111011111100000011111011111100000011111100000100100011111100000100000100000011111011111011111011101011111011111011111011111
100000011111100000100111100000100000011100011111011110011111011111100000100000100000011111100101011110100000100000100000100110011110100000011111100101011111011111100000100000011111100101011111
100000010111011111100000011111100001100101011111100000011111011111100000011111011111011111011110010101100000100000100000011111100000100000100000011111100000011111100110011111011011101010100000
100000100000011100100011011111100011100000100000011111100000100000011111011111100000100000100011100000011111011111011111100000011111011111100000100000011111100000100101100000100000011111100000
011111011111011111011010011111011111100000011111100000011111100000100000011111100000100100100000011110100000100000100000011111100000011111011111100000011111100000011111011111100000011111011111
100000100000011111011111011111100000011111011111100000100000011111011111100000011111100000011111100000011111011111100010011111100010100000100000100000011111011111100000100000011111100000011111
011111100000011111011111011111100110100001011111011111011111011111011011100000100000011010011111100101100000100000011111100000011111100000100000011110011111011111011111100000100000100000011111
100000100000011111011111011110011110011111011111100001011111100000011100011111100000011111100000011111011111100000100000011111100000011111100000100000100000100000011111011111011111100000011111
100000100001100000011111100101100000100000100000011111100000011111100010011111011111100000100000011111100000100000100000100000011111011111011111011111011111100000100000011111011111100000011111
100000100000011111011011100010011111011111100000100000011111100000100001100000011110100000011111100000011111011111100101011111100000100000100000100000011111100000100010011111011111011111100000
011111011111011111011111011111011111100000011111100100011111100000011101100000011111100000011111100000100000011111011011100000011110100000100000100000011111011111100000100000011111100000011111
100000011101100000100110100000011111100000100000011111011111100000011111011111100000100100011011011111011111100000100000100000100000101000100000100000011111100000100000100000011111011111100000
011111100000011111100000100000100000100000100000011111100010100000100011011110100000011111100000100001011111011111100000011111100000011100011111100000011111100000100001100000011111100000100000
011111011111100000100000011111011111011111011111100000011111011111100000100000100000011111011111011111011111011111011111011111011111100000100000011111011111100000011111011111100000100000100000
011111100000011111100000011111011111011111100000100000011111011111011111100000011110100000100000011111011111100000100000011111100000100000100000100000100000011111011111100000100010011111011111
011111100000011111100000100010011111011111011111100000011111011111011111011111100011011111011111011111100001011111011111100000100000100000011111011111100000011111011111011111100000011111100000
100000011111100000100010011101011111011111011111010111011110011111100010100000100110011111011111100000011001011111011001011111100000011111011111100000100000011111011111011111100000100100011111
011111100000011111100000100001100000100000011111100000100000011111011111100000100000011111100000011111011111100000100000011111011100100000011111011111011111100000100000011111100000100000100000
100000100000011111100001011110011111100000100000100000011111011111011111011111011111100000100001100000100000100000011111011111100010011111011111011111011111011111011101100000011100011111100000
011111100000100000011111100010100000101000011111011111011111100000100111011111011011011111011111100000100100011101011100011111011111011010100000011111100000011111100000011111011110100000100000
011111100000100000011011011111011111011111011111100000011111011111100100100000100010100011100100011111100010011111011100011111011111011111011111011111100000100000100010011111100000100000011111
100000011111100000011111011111100000100000100000100000011111011111100000011111100000011111100000011111100000011111011111100000100000100000100000100000100000011111011111011111011111011111011111
011111011111011111100100011111011111100000011111100000100000100000011111011111100001011111011111100000011010100000011111100000011111011100011111011010100000100000011110100000100000011110100000
011111011111100000011111011111011100011111011111100000011011100000011111100000011111011111100000011111011111011111100001100000011111100100100000011111011111011111011111100000100100100100011111
011111011001011111011010011010100011100000100000011100011111011111100000100000011101011001100000011111011110011111100001100000011101011011011111011010011100100000101101100000100000011100011111
100000011111011111011111011111011111011111100000100000011111100000100101011111011111011111011111011111011111011111100000100000011111100000011111100010100000011111011111100000100000100000100000
100000011111100000011111100000011111100000011111100000100000011111100000011111100000100000011111100000100000100000011111100000100010100000100000011111100000100000100000011111100000011111011111
011111100000011111011111100000100000011111011111011111011111100000011111011111100000100000011111100000011111100000100000011111011111011111011111100000100000100000100000011111011111100000011111
100000100011100000011111011111011111011111011111011111100000011111011111011111100000011111011111011111100000011111100000100000011111011111100000011111011111011111100000011111011110100000100000
100000011111011111100000100000100000100000100000100000011111011111100000011111100000100000100000100000011010100000011011100000011101011110100000100011100000100000011111011111100111011110100000
100000010010011111100111010110011111011110100100011100011111011111100100011101100011011001011111011111100000011111100111011100011111011000100010011101011110100001011011100000101010011000100000
100000011111100000011111100000011111011111100000100000011111100000100000100000100000100000011111011111100000011111100000011111100000100000100000011111011111100000011100100000100000100011100000
100000011010100000011111100000011111011111011111100000100000100000100000100000011111100000100000011111011111100000100101100000100000011111011111011101100000011111100001100000011111100011011111
100000100001011111100000100011011111100000100101011011100000011010100010100000100001011111100000100000011110100000011010100000101000100011100000011010011111100000100010100000011110100110100000
011111100000011111011111011111100000011111100001100000011111100000100000100000100000100000011111100000011111100000011101100000011111011111011111011111011111100000100000100000011110011111100000
100000100000100000011111100000011111011111100011011111011111011111011111100000011101011111011111100000011011011111011111100000011111011111011111100000011111100000011110011111100011100000011111
100000011111011111100001100000011111100000100000011111011111100000011111011111100000100000011111100000011111100000011111100000100000100000011111011111011111011111011110011111011111011111100000
011111011111011111011111011111100000011111100000011111011111011111011111100000011111100000011111100000011111100000100000011111011111100000100000100000011111100000100000100000011111011111100000
011111100000100000100000100000100000100000100100100001011111100000100001100000100000011111011111011111011111100000011111100000100000100000011111011111100000100000100100011111011100100000011111
100000011111011111100000011111011111100000100000100000100000100000100000011111011111100000011111011111011111011111011111011111011111011111011111011111011111011111011111011111100000100000100000
100000100000100000101000100100100000100000100011100000100000100000100000100000011111011111011111100000011100100000100000011111100011100000011111011111011111100000100010100000011111011111100000
100000011111100000011111011111100000100000011111100000011111100000011111011111011111011111100000100000100000011111011111011111100000100000011111011111100000100000011111100000100000011111100000
100000011111011111011110100000100000100000011111011111011111011111011111011111100001100000100000011111011111100000100000011111100001100010011111100000100000011111100000100000011111011111100000
011111011111100000011111100000100000100000100000100000011111011111011111100000011011100000100000100000011111011111011101011111011111100000011111011111100000100000011111011111100000100000100000
100000011111011111011111011111011111100000011111100000011111100000011111011111011111011111011111011111011111100000011111011111011111011111100000011111011111100000100000011111100000011111100000
011111011111100000011111101001011111100001011111011110011111100000100000100000011110100000011111011111011111011111100000011111011111011010100000100000011111100000011100100000100000100000011111
011111100110100001011100011110011111011111011111011111100000011111011111011111011111100000011111100000011111011111100000100000011111011111100000100000100000100000011111100000100000011111100000
011111011111011111100100100000100000011111100000011111011111100000011111011111100000100000011111011111011111011111011111011111100000011111100000100000011111100000100000100000011111100000011111
100000011111100000100000011010100000011111011111100000011111100000100000100000100000011111011111011111100000011111011111011111100000011111011111100000100000100000100000011111100000011111011111
011111100000011111011111011111100000011111100000011111100000011111011111100000011111100000011111100000100000011111100000100000011111011111100000100000011111100000100000100000100000011111011111
011111011111100000011111011111011111100000011111011111011111011111100010100000011111011111100000011111011111011111100010100000011101011100100000011111100000100000011111011111011111100000100000
011111011001011111100111011111011111011111100000011110011111100000100010100000100000011111100000011111011111011111011111011111100000100000100000011111100001011111011111011111100000100000100000
011111100000100000011111100000011111100000100000011111100000100000011111011111100000100000100000011111100000011111100000100000011111011111100000100000100000100000100000011111100000100000011111
011111011101100000011110100000011111100000100000011001100011100000011001100000100110011111100000100000100010011111100000011111011111100000011111011111100001011111101000011111100000100000100000
100000100000100000100000011111011111100000011111100000100000011111100000100000011111100000100000011111011111011111011111011111011101100000100000100000100000011111100000100000011111100000011111
011111011111011111100000100000100000100000100000011111011111011111100000011111100000100000100000011111011111100000011111011111100000011111100000100000011111011111011111011111100000100000100000
011111011111011111011111011111011111100000100000011111011111011111100010100000011111011111100000100000011111011111100000100000011111011111011111011111011111100000011111100000011111011111011111
011111011110100000100000011111100000100000100000011111100000011111100111011111011111011111011111011111011011011111011111100000100000100010100000011111100000100000100000011111011111011111011111
011111100010011101011111011111011111100000100001011111100000011111011100011111011111100000100000100000100100011111101001011111011011011101100000011111100000011111011111011111011111100001011111
100000101000100000011111011111100000011111100000100000100000011111100100100000011111011111100000011111100011100000100111100000011111010111100000011111101001100000100000100000100000100000100000
100000011111100000100000100000100000011111100000100000011111100000100001100000100000011111100000011111100000011111100000011111011111011111011111011111100000011111100000011111100000100000011111
100000011111100000011111011111011111100000011111100000100000011111100000100000100000011111100000100000100000100000011100011111011111011111100000100000011110100000011101011111100000011111011111
100000011111100000100010100000011111100000011111011011100000100000011111100000011110011111100000011111100100100000011111100000011111011101011111011111100000011111100000100000100000011111011111
011111011111011111100000100000011111011111100000100000100000011111100000011111100000100000011111100000100011011111100000100000100000100000100000100000100000011111100000100000011111100000011111
100000011111100000011111100000011111100000100000011111011111100000100000011111100000100000011111100000100000011111100000100000100000100100011111011111100000011111011101011111100000011111100000
100000100000100000100000100000100000100000011111011111011111100000011111100000011111011111011111100000011111100000100000011111100000100000100000100000011111011111011111100000100101100000100000
011111011011100000011111011111011111011111100000011111100000011111011101100000100000100000100000100000011111011111100011100000100000100000011111100000100000100000100111100000100100100000100000
100000011110100000011111011111011111011111100000100000011111100000100000011111100000100000100000011111100000011111011111011111100000100000100000100000100000100000100000011111100000011111011111
011111100000011111011111100000100000011111100001011111100000100000100000011111100000100000100000011111100000100000011111011111011111011111100000011111100000011111011100100000011111011111100000
100000100000011111100000011111100000011111100000011110011111100000011111011111100000100000011111011111100000011111011111011111011111011111011111100000100000011111100000100000100000100000100000
100000011010100000100000011111011111100000011111100000011111011111011111011111011111011111011111100000011111100000100000011111100000100000100000100000011111011111011111011111100000011111100000
011111100011011011100000100110011111100000100000100000100000011111100000100000100010011111011111011011100000011111011010100001100000100010011111011000100000011111011000100000011111011111011100
011111100000011111100000011111011111011111100000100000100000100000011111100000100000011111011111100000011111011111100000100000100000100000011111100000100000100000011111011111011111011111011111
011111100000100000011111011111100001100000011111100000011100011001100110011111011111011111011111011111011110100000100000100000011100011111011111100000011111011111100000011111011111011111100000
011111100000011111100000011111011111100000100000011111100000011111100000100000011111100000100000100000011111100000100000100000011111011111100000011111100000011111011100011111100000011111011111
011101100111011111100000011011100000011111011111100000100000011111011111011111011111011111100000011111100001011111011100100000100000100001100000100000100000100000011111011111100011100000011111
011111100000011111100000011111100000100000011111100000011111011111011111011111100000100000100000100000011111011111100000011111100000011111100000011111011111100000011111100000100000100000011111
100000100000011111100000100000100000100011100000100000100000011111011110100000011111100000011111100000011111100000100000100011011111100001011111100000100000011111100101011111100000011111011111
011111011111100000011111011111011111100000011111100000100000100000011001100000011111100000100000100000011111011111100100011111100000011111100000011111011111011111100000011111011010100011011111
011111011111011111011111100000011111100000100000100000100000100000100000100000011111100000100000100000100000100000100000011111011111011111100000100000011111100000011111011111100000100000100000
100000101010100000011001100000011111011111011011011111011101011110100000011111011101011111011111011111100101011111011011011111011010011101011111011111100000011111011100011111100010011111011111
011111100101100001100000011111011111011111100000100000011111100000011111011111100100011111011111011111100010011111011111100000011111100100100000011111100000100000100000011111011111100000100000
011111011011011111100000011111100000011111100000100000100000100000011111100000100000011111011111011111100000100000011110100000011111100010100000100000011111100000011111011111100001011111011111
011111011111100000100000011111100000011111100000100000100000011111011111100000100010100000011111100000011111100000011111100000100000011111100000100000011111100000100000011111100000011111011111
100000100000100000100101011111011111100000011111011111011111011111011111011110011011100000100000011111011111011111011111011111011111011111011111100000011111011111100000011111011111100000011111
011111011111011111011111011111100000100000011111100000011111011111100000100000100101011111011111100000100000011111100000100000011111011111011111100000011111011111100101100000011111100000011111
101000101010011111011111011111100000100000011111011111100000100000100000011111011111011111100001100000100001100000011111011111100000100000011111011111011111100010011111100000100011010110011111
100000100000100000100010011111100000100000011111100000011111100000011111100000100000011111100000011111011111100000100000100000100000100000100000011111100000100000011111011111100000100000100000
011111011101011111011111011111100000011111011111100000100000100000011111100000100000100000011111100000011111011111011111011111100000011101100000011111011111011111011100100000100000100000100000
100000100000100000100010011111011111100000011111100000100000011111100000100000100000100000100000100000011111011111011111100000011111011111011111100000100000100000011111100000011111100000100000
011111011111011111011111100000011111011111100001011111011111100000011100011111100101100000011111011111011010100000011111100000011111011111100000100000011110011111011111100000011111100000100000
100000011111100000100000011111100000011111100000100000100000100000011111100000100000011111011111100000100000100000011111011111100000011111100000011111100000011111100000100000011111011111011111
100000011111011111100000100000100000100000011111100000100000100000011111011111100001100000011111011111100010100000100000100000100000100000011111011111100000100000100001011111011111100000011111
011111100000100000100000011111011111100000011111011111100000100000100000100000100000100000011111011111011111100000011111100000011111100000011111011111011111100000011111011111011111011111011111
100000011111011111011110011111011111100000100000011111100000100000011111011111100000100000011111011111100000011111100000011111011111100000011111011111011111011111100000011111011011100000011111
100000011111011111100000011111100000100000011111100000100001011111011111100000100000011111011111100000100000011111011110100000011111011111100000100000100000100000100000100000011111011111100000
100000011110100011100000011111100000100100100000011111100000011110011111100000100100011111011111100000011111011011100001011111100000100000011111011111100000011111100000011111100111011111011111
011111100000011111100000100000011111011111100000011111100000011111100000011111100000011111100000100000011111011111011111100000011111100000011111011111011111011111011111100000100100011111100000
011111011001011111011110100000011111011111100000100000100000100000100000011111100010100000011111100000011111100000100000100000011111011111100000100000100000100000100000100000100000011111100000
100000011111100000011111011111100000011111011111100000011111011111100000100000011111100000011111100000100000100000011111100000011111011111100000011111011111011111100000100000100000011111100000
011111100000011111011111011111011111100000011111011111100000011111100000011111100000100000100000011111100000100000100000100000100000011111100000011111100000100000100001100000100000011111011111
011111011111100000100000100000100000011111011111011111100000011111011111011111100000100000011111011111100100011111100000100000011111011111011111100000011111011111100000011111100000011111100000
100000011111100000011111100000100000100000100000100001011111011111100000011111011011011111011111011111100100011111011011011111100000011111100000100000011111011111100111100000011110011111011111
011111100000100000100000011111100000011111100000011111011111100000100000100000100000100000100000100000011111011111011100011111100000011111100000011111011111100000011111100000011111011111011111
100000011111011111011000011111100000100000100000100000011111011111011111100000100011011111011111100000010111100000011111100000011111011111011111011111011111100011100000100000011111011111100000
100000100011100000100000100000100000100000011111100000011111011111011111011111011111100000011111011111100000100000011011011111100000100000011111100000011111011111011111011111100000100000011111
100001011111100000100000011111100000100000100000011111100000011111100000100000100000100000011111011111011111100000011101100000011111100000100000011111011111011111100000100000100000100000100000
100000011110011111011111011101011111011111011111011111011111100001011111100000011111011111011111011111100000011111100000011111100000100000100000100000011111100000100000100000011100100000100000
100000011111011111100000011111100000100000100000011111011111011111011111011111011111011111100000100000011110011111100010100000100000100000100000100000011111100000011111100000011111011111100000
011111011111011111011111011111011111100000100000100000100000100000100000100000011110011111011111011111011101011111011101011111100000100000011111100000011111100000100000100000011111100000011111
100000011111100000011111011111011111100000100000100000011111011111011111100000100000100000100000100000011111100000011111100000100000011111100000011111100000011111100001011111011111011111011111
011111100000100000100000100000100000011111011111100000100000011111100000100000100000100000100000100000011111011111100000011111100000100000100000100000100000100000011111011111011111100000100000
100000011010100000100010100000011111100000100000011111011111100000100000011111011111011111100000100000011111011111100011100000100000100000100000011111100000011111011011100000011111011111100000
100000100000011111011111011111011111100000100000011111100000100000011111011111100000100000100000100000100000011111100000100000100000100000100000011111100000011111011111011111100000100000100000
011111100000011111100101011111100000011111100000100000100000011111100000011111100000011111100000011111100000100000011111011111100000100000011111100000011111100000011011100000100000100000011111
011111011111011111100000100001011111100000011111100000100000100000011111011111011001100000100000100000100111100000100000011111100000011111100000011111100000100000100000100000011111011111011111
011111011111100000100000011111011111100000011111011111100000011111011111011111011011011111011111100000011111100000100001011111011111100000100000011111100000100000011100011111100000011111011111
011111011111100000100000100000011111011111100000100000100000100000100000100000100000011111100000011111100000100000011010011111011111100000100000100000011111100000011110011111011111100000011111
100000100000011111100000100000100000100000011111100000100000011111100000011111011111100000011111011111100000011111100001100000011111011111100000100000100000100000100000100000011111011111100000
011111011111011111100000100000011111100000011111011111100000100000011111100000100000100000011111100000100000011111100000100000011111100000011111100000100000011111011111100000100000011111100000
100000011111011111011111100000011111100000011111011111011111100000100000100000100000100000100000100000100000011111100000100000011111100000011111100000011111011111100000100000100000011111011111
100000011001011111011111100000011111011111100000011111011111100000011111011111011001100000011111100000011111011111100001011111011111100000100000100000011111011111100001011111011111100000011111
011111100000011111100000011111011111100000100000011111100001011111100000100000011111100000011111100000100000011111011111100000100000011111011111011111011111011111100000011111011111100000011111
100000100101100000011111100000100000100000011111011111011111100000011111011111100000011111011111011111100001100000011111100000100000011111011111100000100000100000100000011111011111011111011111
011111100000100000011111100000011111100000011111100000011111100000011111100000011111011111100000011111011111011111100001011111100000011111011111011111011111011111100000100000100000100000011111
011111100000100000100000100000100000011111011111011111011111100000011111100000100000011111011111100000011001011111100000011111100000011111011111011111011111100000011110100000011111100000011111
011111100000011111011111100000011111011111100000100000011111100000011111100000011111011111100000011111100000100000011111011111011111011111011111011111011111100000100000100000100000011111100000
100000011111011111100000011111100000011111011111011111100000011111100000100000011111011111011111011111011111011111100000011111011111100000011111100000011111011111100000100000100000011111011111
011111100100011111011111100000011111100000011111100000100000100000011111100000011111011111011111100000100000100000100000011111100000011111011111011111100000011111100000100000100000100000100000
100000100000011111100000011111011111100000011111011111011111011111100000100000011111100000100000100000100000011111011111011111100000100000100000011111100000011111100000011111100000011111011111
100000011111011111011110011111100000011111100000011010100000100000011111011111100000011111011111011111100000011111011111100000011111100000011111100000011111100111100000011111011111100000100000
011111100010011111011111011111011111100000011111100000100000011111011111100000011111100000011111100000100000011111011111100000100000011111100000100000100000011111100000100000100000011111011111
100000100000011111100000011111011111011111100000011111011111100000100000011111100000100000100000100000100000100000100000100000100000100000100000100000100000100000100000100000011111100000100000
011111100000011111011111011111100000100000011111011111011111011111011111011111100000100000011111011111100000100000011111011111011111011111100000100000100000100000011111011111011111100000011111
011111011111100000100000011111011111100000100000011111011111011111011111100000011111011111100000100000100000011111100011100000011111011111011111011111100000100000011111100000011111011111100000
100000011111011111100000011111100000100000100000100000100000100000100000100000100000011111100000011111100000011111011111011111011111100000011111100000100000011111011110100000100000011111011111
100000100000100000100000100000100000011111100000100000011111011111011111011011100000011111100000011111100000011111011111011100011111011111011111011110011000011111100100100000100000011010011111
011101011010011111100000100000011111011111100000100000100000011111011111011100100100100000011111011111100000100000100000100000011111100000100000100110100000011111011100011111100000100000100001
100000011111100000100000011111011111011111100000011111100000100000100000011111100000011111100000011111011111011111011111011111100000100000100000100000011111100000011100100000011111100000011111
100000100000011111011111100000011111011111011111100000011111100000100000100000011111011111100000100000100000100000011111011111011111100000100000011111100000100000100000011111011111100000100000
011111011001100000100000011111100000100000011111011111011111100000100000011111100000100000100000011111011111100000011111011111100000100000011111011111011111100000100000100000011111011111100000
011111011100011111011111011111100000100000100000100000011111100000100000100000100000100000100000100000100000100000100000011111011111100000011111011111011111011111011101100000100000100000011111
100000011101100000100000011111011111100000100000100000100000100000011111100000011111011111011111100000100000100000011111100000100000100000011111011111100000011111100000100000011111100000100000
011111100000100000011111100000100000011111100000011111011111011111011111011111100000100000011111100000100000100000011111100000011111011111100000100000011111100000100000100000100000011111100000
100000011100100000100000100000011100100000100000100000011111100000011111011111100000100000100000100000100000100000100000100000011111011111011111011111011111100000011111100000011111011111011111
100000011111011111100000100000100000100000011111011111100000011111100000100000100001100000100000011111100000100000011111011111011111011111011111011111011111011111100010011111100000100000011111
100000011111100000011111011111011111011111100000011111100000011111011111100000011111100000100000100000011111100000011111100000011111011111100000011111100000100000100000100000100000011111011111
100000011111100000100000100000011111011111100000100000011111100000100000011111011111011111011111011111011111100000100000011111100000011111011111100000100000011111100000100000011111011111100000
100000100000100000011111011111011111011111011111100000100000100000100000011111011111011100011111011111100000100000011100011111100000100000011111100000100000100000011111100000011111100000011110
011111011111100000011111011111100000011101100000100000011111011111100000100000011111100000100000100000100000100000011111100000011111100000100000011111100000011111010110100000100010100000011111
011111011111100000100000011111100000100000011111100000100000100000011111100000100000011111011111100000100000100000011111011111100000011111100000100000100000100000011010011111011111100000011111
100000100000100000011111011111100000100000100000011111011111011111011111100000011111100000011111100000100000100000011111011111100000100000011111100000011111011111100100100000100000100000011111
011111011111011111100000100000100000011111100000100000100000100000011111011111100000100000100000100000100000011111100000011111100000011111011111011111011111011111011101011111100000011111100000
100000011111100000011111100000011111100000100000011111100000100000011111100000100000011111100000011111100000100000100000011111100000011111011111100000011111100000011111011111011111011111011111
100000100000100000011111011111011111100000011111011111011101100000100000011111011111011111011111100000100000100000011111011111100000011111100000100010100011100000011111011111011111011111011111
011111011111100000100000011111100000011111100000100000011111011111100000100000100000100000011111100000011111011111011111011110100000100000011111011111100000100000100000100000100000011111100000
100000100000011111100000011111011111100000100000011111011111100000011111100000100000100000100000011111011111100000011111011111100000100000100000100000100000011111100101100000100000011111100000
100000011111100000011111011111100000100000100000011111100000100000100000100000100000100000100000100000100000100000011111100000011101011111100000011111100000011111011111100000100000100000100000
100000100000100000100000100000100000100000100000011111011111100000011111100000011111100000100000011111011111100000011111100000100000011111011111100000011111100000011111011111011111011111100000
100000011111011111011111100000100000011111100000011111100000011111011101011001100000100000100000011100100000011111100111100000011111011101100010011111100010100001011010100000011111011101100001
011111100000011111100000011111011111100000100000011111011111011111011111011111011111100000100000100000011111100000100000100000011111100000100000100000100000100000011111100000100000011111100000
011111011111100000011111011111011111100000100000011111011111100000011111011111100000100000011111011111100000100000011111011111011111011111011111100000011111011111100000011111100000011111100000
011111100000100000011111100000011111100000011111100000011111011111100000100000100000011111011111100000011111011111011111100000100000100000100000100000011111011111100000100000100000100000011111
011111011111100000011111100000011111100000011111100000011111100000100000100000100000100000100000100000100000100000011111011111011111100000100000011111100000100000100000100000100000100000100000
011111011111011111100000100000100000100000011111011111100000100000100000100000011111100000011111011111100000011111011111100000100000100000100000011111100000011111011111100000011111100000100000
011111100000100000100000100000100000011111011111100000100001011111011111011111100000011110011111011111011111011111100000100000100000100000100010100000100000100000011111100000100000100000100000
100000100000100000011111011111011111100000100000100000100000100000100000100000011111100000100000100000100000100000100000011111100000011111100000100000100000100000011111011111100000011111011111
100000011111011111011111100000011111011111100000011111100000011111011111100000100000100000011111100000011111011111100000100000100000011111100000100000011111011111100000011111011111100000100000
011111011111100000011111100000100000100000100000100000100000011111011111011111011111100000100000011111100000011111011111011111011111100000011111011111011111100000011111011111100000100000011111
011000010001100000100010011110011111100000011111100000100000100000011111100000100000011110011111100000011111011111100000011111011111100011100000011111100000100000011011011111011111100000100000
011111011111011111100000011111100000011111011111100000011111011110100000100000011111100000100000011111011111011111011111100000011111011111011111100001100000011111100000011111100000100000100000
011111011111100000100000011111011111011111100000100000100000100000100000011111011111100000100000011111011111011111011111011111011111011111100000011111100000011111011111100000100000011111100000
100000100000100000011111100000100000100000100000100000100000011111011111011111011111011111100000100000100000100000100000100000100000100000100000100000011111100000011111100000100000011111011111
100000011111011111011111100000100000011111100000011111011111100011011111011111100000100000011111011011100010100000100000100000011111100000011111011111100000100000011110011111011111100000100000
100000100000011111011111011111100000100000100000100000011111011111100000100000011111011111100000011111011111100000100000100000011111011111100000100000100000011111011111100000100000011111100000
011111011111100000011111011111011111100011011111100000011111100000011111100000011110100000100000100000100000011111011111100010100000100000100000100000011111100000100000011101100000100000011111
011111100000011111011111100000011111011111100000100000011111011111100000100000100000100000011111100000100000100000011111100000011111100000011111100000011111011111100000100000011111011111011111
100000100000011111011111011111100000100000011111011111011111100000100000011111011111100000100000100000011111100000100000011111011111011111011111100000100000011111011111100000100000100000011111
011111011111100011011111011111011111011111011111100000100000100000100000100000011111011111100000100000100000011111011100011111011111100000100000100000100000011111100000100000100000011111011111
100000011111100000100000100000100000100000011111011111011111100000011111100000011111100000100000011111100000100000100000100000100000100000011111100000100000100000011111100000100000100000011111
011111100000100000100000011111011111011111100000011111011111011111011111100000011111100000011111011111100000100000100000100000011111011111011111100000011111011111011111011111100000100000100000
011111011111100000100000011111100000100000011111100000011111100000100000011111011111011111100000011111011111100000011111100000100000100000011111011111011111011111011111011111011111100000100000
011111100000100000100000100000011111100001011111100000011111011111011111011111100000011111100000011111011111011111011111100000011111011111011111011111100000011111100000011111100000011111011111
011111011111100000100000011111100000011111100000100000011111011111011111100000100000100000011111100000011111011111011111100000100000011111100000100000011111100000011111100000100000011111011111
011111100000100000100000100000100000100000011111011111100000100000100000100000011111100000100000011111011111011111100000100000100000011111011111100000100000100000100000100000100000100000011111
100000100000100000100000100000011111100000011111100000011111100000011111100000011111100000100000100000100000011111011111011111011111011111100000011111011111011111100000011111011111100000011111
011111011111100000100000100000100000011111100000100000100000011111011111011111100000011111100000011111011111100000011111100000100000100000100000011111100000011111100000100000100000100000100000
011111100000100000011111011111100000100000011111100000100000011111100000011111011111100000100000100000011111011111011111100000011111011111100000100000100000100000011111011111011111100000011111
011111100000011111011111011111100000011111100000100000011111100000011111011111100000100000100000100000011111011111100000011111011111011111011111100000100000011111011111011111100000011111100000
011111011111100000011111100000011111100000011111100000100000011111011111100000011111011111100000011111011111100000100000011111011111011111011111011111100000100000100000011111100000011111100000
011111011111011111100000100000100000100000100000100000011111011111100000100000100000100000100000011111100000011111100000011111011111100000011111100000011111100000100000011111011111100000011111
011111100000100000011111011111011111100010011111011111100000100000100000100000100000011111100000011111011111100000100000100000100000100000100000100000011111100001100010011111011111011111011111
011111011111011111011111011111100000011101100000100000011111100000100000100000100000011111011111011111011111011111100000100000100000011111011111100000100000011111011111011111011110100000100000
011111100000100000011111011111100000011111011111011111100000100000100000100000011111100000100000011111011111011111100000100000100000011111100000011111100000011111011111100000011111011111100000
011111011111100000011111100000011111011111100000011111011111011111100000100000100000011111011111011111100000100000011111100000100000100000011111100000100000011111011111100000100000100000011111
011111011111100000011111011111100000100000100000011111011111011111011111011111100000011111011111011111011111100000100000100000011101100000011111100000011111011111011111100000100000100000100000
011111011111100000011111100000011111100000011111011111100000100000100000100000011111011111100000011111011111011111011111100000011111100000100000011111100000011111011111100000100000011110011111
011111100000100000100000100000011111011111011111100000011111100000011111100000100000100000100000011111100000011111100000100000011111100000011111100000100000100000100000100000100000100000100000
011111100001011111100000100000100000011111100000100000011111100000100000011111011111100000100000100000100000100000011111100000100010011111011111100000100000100000011111011111011111011111011111
011111011111100000011111100000011111100000100000100000100000100000100000100000011111100000100000011111100000100000011111011111011111011111011111011111011111011111011111011111011111100000011111
011111011111100000011111100000100000011111100000011111100000011111011111011111011111100000100000011111100000011111011111100000100000100000100000100000011111100000100000100000011111011111011111
011111011111011111100000011111100000100000100000011111011111011111100000100000011111011111100000011111011111100000100000100000100000100000100000100000100000100000011111011111011111011111011111
011111011111011111011111100000100000011111011111011111011111100000100000011111011111011111011110011111011111100000100000011111011111011111100000011111100010100000011111100000100000011111100000
011111011111011111011111011111011111100000100000011111100000100000011111011111100000100000100000011111100000011111011111011111100000011111100000100000100000011111011111100000100000011111011111
011111100000100000100000011111100000100000011111100000100000011111100000011111011111100000100000011111100000011111011111011111011111100000100000100000011111100000100000100000100000100000100000
011111011111100000011111100000011111011111100000100000100000011111011111100000011111100000100000100000011111100000011110100000100000100000100000100000011111100000100000100000011111100000100000
011101011111100000100000011111100000100100100000011111100000011111100000011111100000100000100110100000011111011111100000011111011111100001011111100000100000100000100000100000011111100000100000
100000100000011111100000100000100000011111011111100000011111100000100000011111100000100000100000011111011111100001011111011111100000011111100000100000011111100000100000011111011111011111100000
011110100000100000100010100000011111100010011111011111011111100000011111011111011111100000100000011111100000100000011111100111011111100000011111100000100000100000100000011111011111100000100000
100000011111100000011111100000100000100000011111100000100000011111011111011111100000011111011111100000011111100000100000011111011111100000100000100000011111011111100000100001011111100000100000
011111100000100000011111011111011111011111011111100000100000011111011111100000011111011101011111100000100000011111011011100000011111100000100000011111100000100000011111100101011111011111100000
011111100000100000011111100000100000011111100000011111011111100000011111100000100000100000100000011111011111011111100000011111100000011111100000100000100000011111100000100000100000011111011111
100000100000011111011111011111011111011111100000100000100000100000100000011111011111100000011111011111100000100000100000011111100000100000011111100000100000100000100000011111011111011111100000
100000100000100000011111100000100000100000011111011111011111011111100000011111100000011111100000011111011111100000100000100000011111011111100001011111011101100000100000011111100000100000100000
011111100001100000011111100000011111100000100001100000100000011111100000100000100000011111011111011111011111100000011111011111011111011111011111011111011111011111011111011111011111100000011110
011111100000100000100000100000100000100000100000100000011111100000100000100000011111011111011111100000100000100000011111011111100000011111100000011111100000100000100000100000100000011111100000
011111100000100000100000100000011111100000011111011111100000011111011111100000100000011111100000100000011111011111011111011111100000100000011111011111100000100000011111011111011111100000100000
100000011111011111011111100000011111100000011111011111011111011111100000011111011111011111100000100000011111011111011111011111011111011111011111100000011111011111011111011111011111100000011111
100000011111100000011111100000100000011111011111100000011111100000100000100000011111100000100000100000011111011111100000011111011111100000011111100000011111011111011111011111011111011111011111
100000100011100000100000011110011111011111011111100000011111100000100000011111011011100000011111100000100000100000011111011111100000011111011111011111100000011111100000100000100000100000100000
100000100000011111011111011111011111100000011100100000011100100000011111011111011101011111100000100000011011011111100000011111100000100000100000100000011111011111100000011111100000100000100001
011111011111011111011111100000100110100000100011011011011111011111011111011111011111100000011111100000011111100000100000100000100000100000011111100010100000100000100000100000011111011111011111
100000011111011111100000011111100000100000011111100000100000011111100000011111011111100000011111011111011111100000011111011111100000011111011111100000100000011111011111011111100000011111100000
100000100000100000100000100000011111011111100000100000011111100000011111100000011111011111100000011111011111100000100000011111100000011111011111011111011111011111011111100000100000100000011111
100000011111011111011111100000011111100000100000011111100000100000100000100000100000011111011111100000011111011111011111011111100000011111100010100000100000100000100000100000100000100010100000
011111100011011111100000100000011111011111100000100000011111100000100000011111100000100000011111100000100000100000100000100000100000011111011111011111011101011111011111100000011111011111011111
011111100000011111011111100000100000100000011111100000100000011111011111100000011111011111100000100000011111100000011111100000100000100000100000100000011111100000100000100000100000011111100000
011111011111100000011111011111011111011111100000100000011111011111100000100000011111100000100000011111011111100000011111100000100000011111100000100000100000100000011111011111100000100000011111
100000100000100000100000011111100000100000011111100000100000100000011111011111011111011111100000100000100000100000100000100000100000100000011111100000011111100000011111100000100000100000011111
100000011111100000011111011111100000100000011111011111011111100000011111100000011111100000100000011111011111011111100000100000011111011111100000011111011111100000011111100000100000100000100000
100000011111100000100000100000100000100000100000100000011111100000100000100000100000100000100000011111100000011111100000011111100000011111100000100000100000100000100000011111100000100000011111
100000011111100000100000100000100000011111100000100000011111100000011111100000011111100000100000011111100000011111011111100000011111100000100000011111011111011111100000100000100000011111011111
100000100000100000011111011111011111011111100000011111100000100000011111100000011111100000011111100000011111011111100000100000100000100000011111100000100000100000011111100000100000100000100000
100000011111100000100000100000100000011111100000011111100000100000100000011111011111011101100000011111100000011111100000100000100000100000011110100000100000100000011111100000011111011111100000
100000011111011111011111100000011111011111011111100000011111011111100000100000011111100000011111011111011111100000011111100000011111011111011111100000011111100000100000011111011111100000011111
011111011111100000011111011111100000100000100000011111011111011111011111100000100000011111011111011111100000011111100000011111100000100000100000100000011111100000100000100000011111100000011111
100000100000100000011111011111011111100000011111100000011111011111100000011111011111011111100000100000100000100000011111100000011111100000011111011111011111100000011111011111011111011111100000
011111011111100000100000100000011111100001011111100000100000100000011111011111011111100000100000100000011111011111011111100000100000100000011111100000011111100000100000011111011111011111011111
011111011111100000100000100000011111011111100000011111100000100000100000011111100000100000100000100000011111011111011111011111011111100000100000011111100000100000011111100000011111100000100000
011111100000100000100000011111011111100000100000100000100000100000011111100000100000011111011111100000100000011111100000011111100000011111100000100000100000011111011111100000100000100000011111
011111011111100000100000011111100000100000011111011111100000011111100000100000011111011111011111011111011111011111011111011111100000011111100000011111011111011111100000011111100000011111100000
100000011111100000011111011111100000011111011111011111011111011111100000100000011111100000100000011111100000100000100000011111011111011111011111011111100000011111011111100000100000100000011111
100000100000011111100000011111100000100000100000011111011111011111011111100000011111011111100000100000011111011111100000100000100000011111100000011111011111100000100000011111100000100000100000
100000011111100000100000011111011111011111100000100000100000011111011111011111011111100000011111100000100000100000100000011111100000011111100000011111011111011111011111100000011111011111011111
011111100000011111100000011111011111100000100000100000100000100000011111100000100000100000011111011111100000011111100000100000100000011111011111100000100000011111100000011111100000011111011111
100000011111100000100000100000011111011111100000100000100000011111100000011111100000011111100000011111100000100000011111011111011111011111011111011111100000100000011111011111100000100000011111
011010011111011111011111100000011111011111100000100000100000011111011111100000100000011111100011011111011111011111011111100000100000100000100000011111100000100000011111100000100000011111100000
100000011111100000011111011111100010100000011111011111011111100000100000011111011111100000011111011111011111100000100000100000011111011111100000011111011111011111100000100000100000100000100000
100000011111011111011111100000011111100000100000100000100000011111011111100000100000100000100000100000100000011111011111011111011111100000100000100000011111100000100000011111011111011111100000
100000011111100000100000100000011111100000100000100000011111100000100000100000011111011111011111100000100000100000011111011111100000100000011111011111011111100000100000100000100000100000011111
100000100000100000100000011111100000011111100000011111100000100000100000100000100000011111011111011111011111100000011111011111011111011111100000100000100000011111100000011111100000100000011111
011111011111100000100000011111011111100000100000011111100000011111011111011111100000011111100000100000011111011111100000011111011111011111100000011111100000100000100000100000011111011111011111
100000100000011111100000100000011111100000011111011111011111011111100000011111100000011111100000100000100000011111011111011111011111100000100000100000100000100000100000011111011111011111011111
011111100000011111011111011111100000100000100000100000100000100000011111011111100000011111011111011111011111011111100000011111011111011111100000011111011111100000011111011111011111100000011111
100000011111011111011111100000100000100000011111011111100000100000011111011111100000011111100000011111100000011111100000011111100000011110011111011111011111011111100100011111100000100000011111
011111011111100000100000011111011111100000011111011111100000100000100000100000100000100000100000011111100000011111011111100000011111011111100000011111100000011110100000011111100000100000100000
100000011111100000011111100000011111100000100000011111011111100000011111100000100000100000100000100000011111100000100000011111011111011111100000011111100000011111100000011111100000011111100000
100000100000100000100000011111011111100000100000011111100000011111100000100000100000100000100000100000011101100000100000100000011111011111011111011111100000100000011111011111100000100000011111
011111011111011111011111011111100000100000011111011101100000100000100000011111100000011110011111100000100000011111100100011111011111100000011111100000011111011111100000100000011110011111100000
100000011111100000100000011111100000011111100000100000011111100000100000100000100000011111011111100000100000011111100000011111100000100000100000011111100000011111100000011111100000011111100000
100000011111011111100000011111100000011111100000011111011111100000100000100000100000100000100000011111100000100000011111011111100000100000011111100000011111011111011111100000100000100000011111
011111100000011111100000011111100010100000011111011111100000011111011111100000100000100000011111011101011111100000100000100001100010100000100000011111100000100000011111011111011111100000100000
100000100000011111011111011111100000011111011111011111100000100000011111011111011111100000100000100000100000100000011111011111011111100000011111011111011111100000100000100000100000011111100000
100000100000100000100000100000100000011111100000011111011111100000011111011111100000100000100000011111100000011111100000011111011111011111011111011111011111011111100000011111100000011111100000
011111100000011111100000100000011111011111100000100000100000011111100000011111100000011111011111100000100000100000011111100000100000011111011111011111011111011111011111100000011111011111011111
100000100000100000100000011111011111100000011111100000011111011111100000011111011111011111011111011111011111100000011111100001011111100000011111100000011111011111100000011111011111100000100000
011111011111100000011111100000100000011111011111100000011111100000011111100000100000100000100000011111100000011111011111011111100000100000011111100000011111011111011111011111100000011111011111
100000100000011111011111011111100000100000011111011111011111100000100000100000100000011111100000011111100000100000011111100000011111100000100000011111011111100000100000011111100000100000011111
011111100000011111011111100000011111011111100000100000011111011111011111011111011111011111011111011111100000100000011111011111100000011111011111011111100000100000100000011111100000011111100000
011111011111011111100000100000011111100000011111011111011111011111100000011111100000011111011111011111100000100000100000011111100000011111011111100000100000100000100000100000011111100000100000
011111100000011111011111100000011111100000011111011111011111100000100000011111011111100000011111100000011111100000011111011111100000100000100000011111100000011111011111100000011111011111100000
011111100000100000100000011111100000100000011111011111100000011111011111011111011111011111100000100000011111011111100000011111011111011111100000100000011111011111011111011111011111011111100001
100000100000011111011111100000100000011111100000100000011111100000011111011111011111100000011111100000100000011111100000011111011111100000100000011111011111011111011111100000011111100000100000
011111011111011111100000100000100000100000011111011111100000100000011111100000100000011111100000011111011111100000100000011111011111011111011111100000011111100000100000011111011111100000100000
100000011111100000100000011111100000100000100000011111011111011111100000011111100000011111011111100000011111100000100000100000011111011111011111100000011111011111011111011111011111100000011111
011111100000100000011111100000100000100000100000100000011111011111011111100000011111011111011111100000011111011111100000011111100000011111100000100000100000011111100000100000011111100000100000
100000011111100000100000011111100000100000011111100000011111011111011111011111100000011111100000100000011111100000100001100000100000100000100000100000011111100000100000011111100001100000011111
011111011111100000011111100000100000100000011111100000100000011111011111011111100000011111100000100000011111100000100000100000011111100000100000100000011111011111100000011111100000100000011111
100000100000011111011111011111011111100000100000011111011111100000100000100000011111100000011111011111100000011111011111100000011111011111011111011111011111011111011111100000100000011111011111
100000011101100000100000100000100000011111100000100000011111100000100000011111011111100000100000100000011111011111100000100000100000011111100000011111100000011111011111011111100000011111011111
100000011111011111100000100000100000011111100000100000011111011111011111011111100000011111100000100000100000011111011111011111011111011111100000100000100000011111011111100000100000100000011111
011111011111100000011111011111011111100000011111011111011111011111100000011111011111100000011111011111011111100000100000011111011111100000100000100000100000100000011111011111100000100000100000
011111100000011111100000100100100000100000100000100000100000011111011111100000100000011110100000011110011111011111011111011111011111100000011111100000011111100000011111100000011111100000011111
011111011111011111100000011111011111011111011111100000011111011111011111011111100000100000100000100000100000100000100000011111100000011111100000100000011111011111100000100000011111011111011111
011111011111100000100000100000011111100000011111100000011111100000100000011111011111100000011111011111011111011111100000100000011111011111100000011111011111100000100000011111011111011111100000
011111011111011111100000011110011111100000011111011111011111100000100000011111011111011111011111100000011111011111100000011111100000011111100000100000011111011111011111011111100000100000100000
011111011111011111100000011111100000100000100000011111011111011111011111011111100000100000011111100000011111100000011111100000011111011111011111100000011111011111100000100000100000011111100000
