110100001011001011001011110100110100001011110100001011001011110100001011000111110100110100110100001011001010110100111000110100110101001000001011001011110100110100110100000111110100001011001011
001100110011110011110011110011110011110011110100001100001011001100001100001011001100001010001100001100001100110011110100110011110011001100001100110011110011001011001100001100110011001100001010
110011110101110101110011001100110011001100110100110011110011110011001100110011110011001100110011001100001100110011001100001100110011001100110011001100110011110011001100001100110100110011110011
110100001011110100001011001011110100001011001011110100110100110100110100110111110111110100110100001011110101001011001011110100110100110100001011001011001011001010110100110100110100110100110100
001100110011001100110011110101001100110011110101001100001100110011110011110011110011001100001100001100001011110011001100001100001011110011110011001100110011001100001100001100110011001011001100
001100110011001100110011001100110011001100001100110011110011001100110011110011110011110011001100001100001100110101110100110011001100110011110011001011110011001100001100110011110011110011001011
001011001011001011001010110100001011110100001011001011110100111000110100110100001011110100110100001011110100001011110100001011001011001011001011110100111001110100001011110100001011110100110100
001100110011110011110011110101110011110100110011001010001100110011110011001100110011001100110011001100110011110011110011001100001100001100110011001100110011110011110011001100001100110110110011
110100001011110110001011110100001011001011110100110100001011110100001011110100001011001011110100110100001011110100001011110100001011001011001011001011001011001011110100110100110110110101110100
001011110100111000110111110111110100110100001011001011001001001011110100110100001011110110110100001011110100001011110100110100110100110100110100110100110100001011001011001011001011110100110100
110100001011001011001011001001110100001011110100001001001011001011001001110100110100001011110111110100110100110100110100110100110100001011001011001001110100001011001011110100110101001011110100
110011110011110011110011110100001100110011110011001100110011001100110011001100001100001011110011001011001100110011110011001100001011001100001100001100110011110100001100110100110011001100001011
001001001001001011110101001011110100001011110100001011001011001010110100110100001011001001110100001001110100110100001010110100001011110101001011110100110100110100110100001011001011110100110100
001100110011110011001100001011110100001100110011001100001100110011001100110011001100110011001100001100001100110100001100110011001011110011110011001100110011110011001100110100001011001100001100
001011001011001011110100001011001011001011001011001011110101000111001010110111000111001011001011001011110101001011001011110101110100001011001011110100110100110100110101110100110100001011001011
001001110100001011001011001011110100110100001011001011110100001011001011110100110100110100001011001011110100001011110111110100110100001011110111110100001011110100110100110100110100110100001011
001011110111110100001011110100001011110100110100001011110101110100001011110100001011110101110100110100110100110100001011110100001011001011110100001010001011001011110100001011110111001010110100
001100001010110011001100110011110011110011001100110011001100110011001100110011001010001100110011110011001100110011001100001100001100110011110011001100001100110011001100001100001100110011001100
110101000111001010001010001010110101110101001010001010001010001010001001110101110101110101110101001010001010111000001010001000110101001010110101110101110111110101110111110101110101110110110101
001011110100110111001011110100110100110100110110001011001011110100110100110100001011001011110100001011001011110100110100001011001011001011110100110100110100001011110100001011001011001011001011
001011110100110100110100110100110100110100001011110100110101110110110100001011001011001011110100001011001011110101001011001011110100001011110100110100001011110100110101110100001011001010001010
001011110100001011001011001011001011001011110100110100110100001011001011110100001011111000110100001011110100001011110100001000110100001011110101110100001011110100001011001011001011110100001011
110100110100001011110100110100110100001011110100110100001011110100001011001011110100110100001011001011110100001011110100001011110100110101111000110100001000110100001011001011001011001010110100
001001110100001011001011110100110100110100110100110100111000001011110100001011110100001001001011001011110100110100111000110100110100001011110100001001001011001011110100001011110100001011110100
001010001011001011110101110100001011110100001011001011001011001011001001001011110100110100001001001011001011110100110100001001001011001011001011110100110100001011110100001010001011001011001011
001011110100001011001011110100001011001011110100110100110100110100110100001011110100110100001011110100110100110100110100001011110100001001110100001011110100001011110100110110110100001001110100
001100001100110011001011110011110011110101110011110011110011001100001100001011001100110011001100110011001100110011110100110011110011001100110101110011001100001100001100001100110011110011110101
001010110110001000110101001010000111001000001001001010001010110111001010001010110101111000001010000110110101001000001010110101001010110110001010001010001010001010001010110101110101001010001010
000111001011110100001000110100001011001011110100110100110110110100110100001011001011001011001010110100001010001011001011001011001011110100001011001011001011001011110100001011000111110100110100
001011001011110100110100001011001011001011110100001011110100001011001011110100001001001011110100001011001011001011110100001011001011001010001011110100110100110100110101001001001000001011110100
001100110100110011110011001100001100110011001100110011110011110011001100110011110011110011001100110011001011110011001100001011110101110011110011110011001100001100110011110011001100001100001100
001011110101110100001011110100110100110110001011001011001001110100110100110100001011001011001000001011001011001010001011001001110110110100001011001011110100001001001011110100110101110101001011
110100001011110100110100110100110101110100110100001011110100001011001011001011001011001011001011110100110100110100001001001011001010110100001011001011110100001011110101110100110100001011001000
001011110101001100001100110011110011110101001100001100110011110011110101110011001100001100001100001100001100110100110011110011001100110011110011110011001100110011110101110011110011001100001100
110100001011001011110100110100001011110100001011001001110101001011001011110100110100001011000111000111001011001011110100001011110100110100001011001011110100001011110100110100001011001011110100
110100110100001011110100110100001000001000001011001011110100001011110100110101001011110100110100110100110100001011110100110100110100110101001011110100110100110100110110110100110100110100001011
001100001100001100001100110011001100110011110011001100001011001100110011110011110011110011110101001100110011001100001100110011110011110011001100001100110011110011001011001100001100001100001100
110100001011110100001011110100110111110100001011001011110100001011110101001011001011110100110111110100001001110100110100110100001011001011110100110100110101110100001011001011110100110100110100
111001110101001010001010110101110111110101110101110101110101111000110101110101001010111000001010000110001010110101110101110101110101110101001010111000110101001001001010001010001010110101001010
001000001011001011110100110100110101001011001010110100110100110100001011110100001011001011001011110100001011001011001011110100110111001011001011110100001011001011001011110101001001001011001011
110110110100110100110100110100110100110100001011001011110100110100110100001011110100110100001011110100001000110100001011110100110100001011001011110100110100001001110100001011110100110100110110
110011001100110101001100001100110011110011001100110011001100110011001011110011001100001100110011110011001100001100001100110100001100001100110011110011110011110011110011001011110011001100001100
110100001011001011110100001011001011001011110100110100110100110110110100110100110100001011110100001011001011001011001011001011110100110100001011110110001010110100110100110100001011001011001011
110101001010001001110101110101110101110110001010110101110101110101110101110101001010001010110101001010000111110101001010110101001010110101000111110110001010000110001010001010110110001001000110
110101001011001011001011110100001011001011001011110100110100001011001011110100110100001011110100110100001011110100110100110100001011110100110100110100110100001011110100110100001011110100001011
110100001011110100110100001011110100001011001011001011001011110100110100001011001011110100110101001011001011110100001010001011110100001011110101110100110100001011001011001010001011110100001011
110100001011001011110110001011001011001011110101001011110100110100110100001011110100110100001011001011110100001011110100001011001011001011110100001011001011001011110101110100110100001001001011
110100001011001011110100110100001011001011110100110100001001001011001011001011110110110100001011110100110100110100110100110100110100001011110100001011001011110100110100001011110100001001110101
110011110011110101001100110011110101001011001100001011110011001100110011110011110011001100001100001100110011110011001100001100001100110011001100001100001100001100110011110011001100001100001100
110101110110001010110110001010110101001010110101001010110101110101110101110101001010001010110101001001110101110101110101111000001010111001110111001010001010000111000110001010001010110110110101
110011110011001010001100110011110011001010110110110011110011001100001100110011110101110011001100001100001100001100001011110011001010110011001100001100110011110011001100001100001100110011110011
110100001001110100001011001011110100001011110100110100001011110100001011001011110100110100001000110100110100001010110110110100001011001011110100110100001011110100110100110100110100110100110100
110100001011001011001011001011001011110100001011110100001001001001001011001011001011110100110111110101110100001011110100001011001011111000001011110100001011001011110100110100110100110100001001
110011001100001100001100001011110011110011001100001100110011110011001100001100110011001100110011110101110011001100110011001100001100110011110101001100110011001100001100110100001100001100001100
110101110111111000001001001010111001110101110111110101110101110101110101110101110101001010110101110101110101001010110101110101001010001010110101110101001001001010001010001010001010001010110101
110101000110110101001010001010001010110101110101001010110101110110110101110101110101001010110101001010000111001010001010001010001010110101001010001010001010110101111000001010001010111000001010
110010110010001101001101001101001101001101110010001101110010001101110010110010110010110010001101110010110010110010110011110010001101110010110010001101110011001101001101001101001101110010110010
110010001101110010001101110010110010110100001101110010110010001101001101001101110010001101110010110010110010001101110010110010110010001101001101110010110011001100110010110010110010110010001101
110011110011110011110100001100110011001100110011110011001100110011110011110011001100001100001100110011001010110101110011001010110011001100001100110011110011110011110011001100001100110011110100
001001001011001011110100110100110100001011110100110100001011001010001011001011001011110110001011110100001001001011110100001011110100110100001011110110001011001011001011110101001011110100110100
110010001101001101110100110010001101001101110010001100110010110010001101001101110010110010110010001101001101110010110010001101110010110010001101110010110010001101110010110010110010110010110010
001011110100001011110100001011110100001011001011110100110100001011001011110100110100110100001011110100001011001011110100110100110100110100110100110100110100110100001011110100001010001011001011
110100001011001011110100110100001001001011110100110100110100110100110111001011001011001011110100110100001011001011110100001010110100001011001010001011110100110100110100001011110100110100110100
110100110100001011110100110100001011001011001011001011110100001011110100110100110100110100110100110100001011001011001011110100001011110100110100110111110101001011001001110100001011001011110100
001011110101001011001011001001001011001011111000001011110100001011110100110100001011110100110100001011001011001011000111110100001011001011110100001011001011110100110100110100001010110100110100
001011001011001011110111110100110100110100001011110100001011001000110111110101110100001000110100110100110100001011110100110100001011001011110100110100001011001011110100110100001011001011110100
110011110011001011110011110011110011110011001100001100110011001011001100001100001011001100110011110011001100110011110101110011001100110011001100001100110011001100001100001100110011110011001100
110101110101001010001010110101110110001010001010110110110110110101001010001010001010110101110101001000110101001010110101000110110101001010110101001010001010110110001010001000000111001010001010
110100110110001011110100001011110100001011001011001011001000110100110100110100001011111000001011001011001011110100001001001011110100001011110100001011001011001011001011001011001011110100001011
001011001011110101001011110100001010110100001011110100110110001011001011110100110100110100110100001011001011110101111000001011001011110100110100110101001001001011001011001011110100000111110100
001100110011001100110011110011001100001100110011001011110011001100110011001100001100001100110011001100110011110011110011001010001100001100110011001100001100110011001010110011001100110011001100
001001001011110100110111110100110100001011110111001011001011110100110100001011001010001011110100110111001011110100001011001011110100001011110100001011001011001010001010110100001011110100001011
001100001100001100001100110011001100110011001100110011001100001100110011110100110011001100110011110011110011001011110011110011001100001100110011110011110011001100110011110011001011001100001011
110101001011110101110100001011001011110100001011110100001011001011110100110100001011001011001011001010001011110100001000001010001011001011001011001011001001110100001011110100001011110100110100
001010110101001010110101110101001010110101001010110101110101110110001000000111110101110101110101001010110101111000001010110101110101001010001010001010110111110101001010001010110101001010110101
001011110100001011001011001011001011110100001011001000110100110100001011001011110100001011001011110101001011001011001000110100110100001011001011110101001011110100001011001000001011001011001011
001011110100001011001011110100110100001000110100110101001011001011001001110101110100110100001001110100110100001011111000110100110100110110001011001011110100001011110100001001001001110100110100
110111001001001010001011001011001011001011001001001011001011001011110100001011111000001011001011110100001011001011110100001011110101001011110100110110110100001011001011001011001011001011110100
110100110100001011110100110100110100110100001011110100001011001011001010001000110100001011001011001011110100110100110101001011110100110100001001001011001001110100001011001011110100001011110100
110100110100110101001011001011110100001011110101110100110100110101110100110110001011110101001010110100110101001011110100001011001011001011001011110100110100001011110100110100001011110100110100
001011110100001011110100110111001011001001001011110100001011110101110110110100110100110100001011001010110100110100001011110100110100001011001001001011110100110100110100110110110100110100110100
001011110100001001110100110100110100110100110111110100001011110110110100001011110100110100110100110101110100001011110100001011001011110101001011110100110111110100001011001011001011110100001011
001010001011110100001011110100110100001011001011001011001010110100001011110100001010001011001011110100001010001011001011110100110100001011110100110100001011001011001011110100001011001011110100
001100001100110101110011110011001100001100001100001100110011110011001011110100001100001100110011001100110110001011001100001011001100001011001100001010001100001100110011110100110011110011001100
001100001100110011001100001100110100001100001100001100110011110011110011001100110011110011110011110011110011110011110011110011110011110011001100001100001100001100001100001100110011110011110011
001011001011001011110101001011001011001011110100001001001011001011110100001011001011001011001011001001001011110101001011001001110100110100110100001011001011110100110100001011110101110100110100
001011001011001011110101110100001001110100001011001011110100110100001001110100110100110100110100001011110100001011110110001011110100001011001011001000001011110100001010001010110100110100110100
110101001010001010000111110101110101110101001010001000001010001010110101110101001010001010110101110101110101110111001010110110110101110101001010110101110101110101001010110101001010001010110101
000111001011110110001011001011110100110100001011110100110100110100001011110100110100110100110100110100110100110100110100001011001000110100001010110100110100001010001011110100001011110100110100
110101110101001010110101001010111000110101000111001010110101001010001001110111001001110101001010001010001010000111110101000110001010110101110101110101110101110101110101001010001010110101001001
110100001011001011110100110100001011001000001011001011001011001011001011110100001011001011110100110100110100110100001011110100110100110111001011001001001010001011110100001011001000001011001011
110100110100001000001011110100001011001011001011001011110100111000110100110100110100001011001011110100110100110100001000001011001000001011110100001011001011001011110100001011110101001011001011
110101001010001000110101001010111000001010001010001010110101001010110101001010000111001010110101110101110101001010001010110101001010110101001010110111001010110101001010110101110101001010001010
001011001011110100110100110100001011001011110100110100110100001011001011001011111000001011110100001011111000001011110100001011001011001011110100110100001011110100110100001011110100001011110100
001011001011001001001011110100110100110100110100001011110100001011110100001011110100001011001011001011110100110100001011001011001000000111001011110100110100001011001011110110110100001011110100
001011110100001011110100110111001011001011110100001000110100110101110100001011110100110100110100110100001011110100001011001011001010001011110100111000001001001011001011110110001011001011110110
110101001010001001001011110100110100110110110100001011001001110100001011001011110100110100110100001011110100110100110100001011001011110100001011001011001011110100001011110100001011001011110100
001100110100001100001100110011110011110011001100001100110011001100110011110011110011110011001100110011110011001100001100001011001100110011001100110011110011001011110011110011001100110011110011
110100110100110100110100001011110100001001001011001011110100110100110100001011110100110100111000110100001010110100110100110100110100110100110100110100110100110110110100001011110100110100001011
001010110011001100001100001100001100001010001100110011110011110011001100001100110011110011001100110011110011110011110100110011001100001100001010001100001100110011110011110011110011110011001100
001101110010001101110010110010001101001101110010001101110011110011110010110010001101110010001101001101001101110011110010001101110010110010110010110011001100001100110010001101110010110010001101
001011001011110110001011110100001011001001110100001011110100110100110110001011001010001011001001001011001011001011001011110100110100001011110100110100001011110100110100110100110100110100110100
001100110011110011001100001100001011001100001100001100001011110011001100110011110011110011110011001100110011001100110011001011110011110011110101001100001100110011001100110011110011110011001100
110100001011110100110100110100110101110110000111110100110110001011001010111000110100001011001010001011001011110100001011110100001011110100001011001011110100110100001011001000110100110100110100
001010110100001011001011001011110100110100001011001011001011001011001011001011110100001011001001001011110100001011001011001001110100001011001010110100110110110110110100110100001011110100001011
110010110010110010110010001101001101110100001101110010001101110010001101110100110010001101001101110010001101110010001101110010001101110010001100110010001101110010001101110010110010110010001101
001011001010110111001011001011110100001010110100001011110100001011001011001011001001110100001001110100001011110100001011001011001011110100110101001010001011110100001000001011001011110100001001
110011110011110011110100001100001100110011001100001100001100001011110011110100110011110011110011001100110011001100110110110011001100110011001100110011001100110100111001001100110100001010110100
001101110011001101001101001101001101001100110011001101110010110010001101110010110100110010110010001101110010001101110010001101001101001101001101001100110010001101111010110010001101001101001101
001010110101001000001010110101001010110101110110110110001000110101110101001010110101001010001010110101001010001010001010001001110101000111110101001010001010110110001001001010110101001001001010
110101001010001010001010001010110111001010110101000111110110110101001010001000110101110101001010001010110110110101110101110101111010001010001010001010001010110101110111001010110101111000110101
001011001011001011110100001011110100001011001011001011001011001011001011001011001011110100001011110100001011001011110100110111110100001011001011110100110101001010111000110100110100001001110111
001100110011001011110011001100110011001100110011110011110100001100110011001100110011001011110011110011110011001100110011110011110011001100001100001100110011110011111000001100001100110011110011
110100001011001011001011000111111001110101110100110100110100000111001011110100110100001011110100001011001011001011001011110100001011001010110100110100001011001011000111001011001011001011110101
001001001011001001110100110100001011001011001011001011001011110100001011001011001011110110001011110100001011110100110100001011110100110100110100110100001011001000001000110100110100110100110100
001010001011110100001011001010001000001011110100110100110101001011110100001010001011001011110100110100001011001011001011000111110100001011110100001011001011110100110111001011001011001011001011
110110001011001011001011110100110100001000110100110100110100001010001011001011110110001001110101001011110100110100001011001011001011110100001011110100110101001011110111110100001011001011001011
001011001011001011001011110101110101110100001011001011001011001011110100001011001001001001001010110100110101001011110110110100110100001011000111110101110111001011111000110100001011110100111000
110011001100001100001100110011001100001100110100001100001100001100001010001100110011001100001100110011001100110011001100001100110110001100110011001100001100110011000111110011110011110011110011
001011110100001011110100110110110100001010001011110100110100001011001011111000110100111000110100110100001011001011001010001011110100001011001011001011110100110100111000110100001011001011110100
110100001011001011001011110110001011110100110111110100110100110100110110001011001011110100110100001001110100110100001011110100001011110100001000001011001011110100001001001011001011110100110110
110100001011001011001011110100110100001011001011001011001011110101110100110100001011001011001011110100110100110100001011110100110100001011110101001011110100001011001000110100001011110100001011
110100110100001001001011110111001011001011110100110100001011110100110100001011001011110100001010110100001011110100110100110100001011110100110100001011001011001011001000110101001011110100110100
110101111000110100001011001011001011110100001011001011001011001011110100110100001011001000001011001011110100110100001001110100110100001011110100110100001011110100111000110100001011001011001011
001011001011001011110100001000001010001011110100001011001001110110001011001011110100001011001011110100001011110100110100110100001011110100001011001011001011110110001011110100001011001011001011
110010001100110010110010110100110010001101001101110010110010110010001101001101110010110010001101001100001101110010001101110010001100001101110010110010001101001101000110110010001101110010110010
001001001001001011001011001011110100001011001011110100110101110100001011001011001011110100110100110100110100110100110100001010110100001011110100110100110100001011001001110100110100001011110100
110100001011110100110100110100001010110100110100110100001011110100001010110100001011001011111000110100110100110100110100001011001011110100111001110100110100001011110111110100110100001011001011
001011110100001011110100110100110110001011110100001011001011001010110100110100110100001011001001001011001011110100110100001011110101110100001011001010001011110100110111110111110100110100001001
110001001110110001001110110001001110001110001110001110110001110001001110110001110001001110110010110001001110110001110001110001110001110010110010110001001110001110000101110010001110110010110001
001011110100001010110100001011110101001011000111001010001011110111001011110100110100001011110100001011001011001011110100001011110100110100110100110100001011001000001000110100001011001011001011
001100110011001100110011001100001100110110001100110011110011110011001010001100110110001010001100001100110011110011001100110011110011110011110011001100110011001100000111001100110100110011110101
001100110011001010110011001100110110110011001010110011001100001100110011001100001100001100110011001100001100110101110011001010110011110011001100001100001011110011111001001100001100001100001100
110100001001110101110100110100001011110100110110001011111000110100110100001011001011001011001011001011001011110100001011001011001011110100110100001011001001110100110110110100001011111000110100
110100110100110100001011001011001011001011001011001011001011001011001011110111110100110100110100110100001011001011001011001011110100001011000111001001001011110100001000001011001000001011110100
110100110100110100110100110100110100001011110100110101110100110100110100001011001011001011001011110100110100110100001011001011110100001011001011110100110100001011001001110100001011001011110100
110010110010001101001101110010001101110010001101001101110010110010001101001101110010001101001101110010001101001101001101001101110010001101110010001101110010110010000101001101110010110010110010
110100110100001011001011110100001011001011001011001010110100001000001011001011110110110100001011001001001010001011001011001011110100001011001011110100001011110100110111110100110100111000001011
110110110110001001110110110110001001110110110110110110110110001001110110110110001001001001111000110110000111110110001001001001001001001001000110001001001001001001001011110110110110110110110110
001000001011110100001011001011110100001011110100111000111000110100001011110100001011001000001011001011001011110100001011001010001011110100001010001010001011110100001001001011001011001011001011
111001110011001100001100001100001100001100110011110011001100001100110011110011001100001100001010110110110011001100110011110011001100001100110011110101110011001100000111001100110011001100001100
000110110011110011110011110011110100001100110011110011110011110011110011110011110011110011110011001100110011110011001011001100110011001100110011110011110011110101001001110011001100001100001100
000110110010110010110010110011001101110010001101110010001101001101001101001101110010001101001100110010001101110010110010001101001101001101110010110010001101001100111001001101001101110010001101
111010110010110010001101110010001101110010001101001101110010110011110010001101001101001101001100001100110010001101001101110010110010001100001101110010110010110010111001110010001101001101001101
111000001011001011110100110100110100110100110100110100001011001011110100110100001011110100001001001011110110110100110100110100110100110100110101001011001011001011110110001011001011001011001001
111000001100110011001100001100001100110011001100001100110011001100001100110011110011001100110011001100110100001100001011110011001100001100110011110011110011001011111000110011110101110011001100
111001001100001100110100001100110011001100001100110011001100001100001011110011001011110011001100001100110011110011001100001100110011001100001100110011001011110011000111110011001100110011110011
000111001100001100001100110011110101001011110101001100110011110011110011110011110011001100001100110011110011110011001011110011110011110011001100110011001100000110001100110100001011001100001100
110111110100110100110101110100001011001011110100110100110100001011001011110101000111001011110100110100001000001011110100110100110100001011001011001011001010001000001011110101001011110100001011
001001001010110101001010001010110101110111110110110101110101001010110101001010001010001010001010110101110101001010001101001010110101001010111001001010110101110010001010110101110110110101110101
000111001011110100110100001011001011001011110100001001001011001011001011110100001011110100001011001011001011110101001000110100110100001011001011110100110100110111110111110100001011001011001011
110101110100110100110101001011001011001011110100110100001000001011110101001010110100001011001011110100110101110101111000001011110100110100001011001011001011110111001010001011001011001011001001
111000001011001011001011001011001011110100001011110100110100110100001011110100001010001011001011001011110101001011110111110100110100110100111000001011001011110111001011110100001000001011110100
110111110100110100110100110100110100110110110100110101110110001001001011110100110100110100001011001011001011110100111000110101001001110100110100110100110100001000001001001011001011001011110100
110101001011110100110100001011001011110100001011001011110101110100110100001011001011110100001011110100110100001011001000001011001011110100001011001000110101111000110100110100110100110100001011
110111001011001011001000001011110100110100001011001010001000001011110100110100110100001011001011001011110100110101001000110100001001110100001011001011001001110011001011001011110100110100001000
111010110010001101110010110010001101001101001101001101001101110010110010110010001101001101001101001101110011110010000101110010001101001101001101110010110010000101001101110010001101110010110010
001001110100001011000111110100001011001011110100110101001011001011001011111000001010001010110101110100110110001011110111110100110100110100110100001001001011001000110100001011110110110100001011
110111110100001011001010110100111000110101001011001011001011110100110100001011110100110100001011001011111000001011001000110100001011001011001011110100001011110111001011110100001000110101110100
111000110011110011001100001100001100001100110011110011110011110100001100110100110101001100110100110100111001110011000111110011110011001100001100001100110011111001001100110011001100001100001011
111000110011001010110011001100110011001100110011001100110011001100110011110011001010001100110011110011001000110100000110110011001100110011001100110011001100110111110011110011110011110011110011
000111110011110011001100110011001100110100001100001100001100110011001100110011110011110011001100110100111000001010110111110011001100001100001100001100110011001000001100110011110011110011001010
110101001011001011001011110100110100001011001000110100001011110100001011110100110100001011001011001011111000001010111000001011110101111000110100001011110100111001001011001011001011110101110100
110110110100110100110100001011001011001011001011001011001011001011110100110100110110110100001011001001001000110100110111110100001011110100001011001011001011111000001011001011001011110100110100
110111110100110111110101110100110100001011001011110100001011001011001011110111001011110100001011001010000111111000001011110100110100001011001011110110110100000111001011110100001011001001001011
111001001100001100110100110011001100110011110011110110110011001100110011000110001100001100001100001100111000001100111000110011110011110011110011110011110011111000001100001010110011001100110011
110110110100110100001011001010110100001011001011001011001011001011110100001010110100110100001011001011001000001011111000001011001011001011110110001001001011111001001011110110110100001011110101
110100110100110100001011110100110100001011110100001011110100001011001011000111001011110100110100110110001000001011110110001011110111001011001001001011110100001000001011110100110100001011001011
110111110100110111001000110100001011001011110100001001001001110100110100000111001011110100001011110100111000001011001000001010001011001011110100001011001011001000001011001011001011110100001011
110111001010001000110101001010110101001010001010001010001010001010000111001001110101001010001010110101001001110110110110001000001010001010001010110101001010110110110101110101001010001001110101
110111110100001001110100110100110100001011001011110100110100110100001011111000001011001011001001001011111000110100001000001011001001001011110100110100110100001000001011110100001011001011110100
000111001100000111110011001100001100110011110011001100001100110011001011000111001100001100001100001100001000110011000111110011001100001100110011001011110011111000110011001100001100001100001100
110111001011111000001011001011001011001011110100110100001011001011001011001000001011001011001011110100001000110100001100001011001011110100110100110100110100111000110100110110001011000111110100
000110110010111010001101001101110100110010001101110010001101001101110100000110110010110010001101110010000110001101000110001101110010110010110010001101110010001000110010001100110010110010001101
001000001011110111110100110100110100001011001011001001110100110100110100111000110111110100110100110100111000001011001000001001110100110100110100110100001000110111001011110100111001110100110100
111000110100000111110100110100110100001000000111110100001011001011110101001000110100001011110100001011110110001011001000001011001011110100001011001000001011110111001010001010001011001001001011
001000001011001010110100001011001011110100001011110100001011110100001000000111110100001011001011110100110111110100110110110111001011110100110100001011110100000111110100001010001011110100110100
001101001011001100110100001011110100110100001011110110110101001011001011001011110100001011110100000111110111110100110111001011001011001011110100001011001011110110001011110111110100001001001011
110101110100110111110100110100001011001010110100110100110100001011110100001000001011001011001011001011001000110101001000001011001011001011001011001011110100111000110100110111001011110100110100
000110001101000101001101110010001101110010001101110010001101001101001101000110110010001101110010001101000110001101111010110010001101110010001101001101110010000110001101001101001101001101110011
111000001011110111001011110101001011001011001011110100001011110100110100000111001011001011110100001011001000001011110111110100001011001001001011001011001011001001110101110100001011110100110100
110111001011000111001011001011001011001011001011001011110110001011001011001001001011110100001011110100110111001011110101110100110100110110110100001000001011001000110101111000110100001001001011
111000110010111001110100110010110010110010001101001101001101001101001101000110110010110010001101001101000110110010000101110010001101110100110010110010001101111001110010111010001101001100001101
110111110101110111110110001011001011001011110100110110110100001011110100110111001011001011001011001011111000110100001000001011001011110100001011110100110100110111110110001000110100001011001010
111010001110000101110001001110110001110010001110001110110001110001110001000101110001001110110001110010000110110001000101110001110001001110001110001110110001000101001110111011001110110001110001
110111110100000111110100001011001010001011110100001011110100110100110100110111001011110100001010110100110110001001111000001011110100001000001011001011110100110111001011000111001011110100110100
110111110100110110110100001010110100110100110100110100110100001011001001110111001011110100110100001011110111110100001000110100110110110100110100110100001011001000110100001000001011001011110100
000111000111001011110100001011110100001011001011001011110100110100110100110111001011110100110100001011110111110100001001001011001011110100001011110100001011001000110100111000001011001011110100
001001110100000111110011110011110011001100001100001100110011001100110011111000001100110011001100001011111000110011111000001011001100110011001100001100001100111000110011000111001100001100110011
000111001011110111110111001011110100110100110100001011001011001011110100110111001011110110110100001011001000001001110111110100001011001011001011001011110100111000110101110111110100001011110110
110111001100111000001100110101001100001100001100001100110011110011001100110111001100001100110011110100111001001100111001110011001100110011110011110011110011111001001100000111001100110011001100
110111001000110111110100110100001010001011001011001011001011001011001000110111110100001011001011110100110111001011110111110100110110001011001011001011001011001000110100001000001011110100001001
111001001100111000001100001100001011110011110011110011110011110011110011000111001100110011001100001010000111001100110111110011110011001100001100001011001011000111110110111000001100001010110101
001010001100111000110101110100110011001100110011001100110011110011001100000110110011001100001100110011000110110101000111110011110011001100001011001100001100001000001100000111001100110011001100
110010110101001000001010001010110101110101001010001001110101001010110101001001110101001010001010110111110100110101110101111000001000001010110110110101110101110101001000001001110101001010001010
000110001011110100110110001011110100001011001011001011001011110100110100110111001011110100001011001001110110110110001000110100110100110100110111001001001011001001110100001000001011110110110100
111001110100001000001011001011110110001011110100110100110111001011001011000111001011110110001011001011110111110110001000001001001011110100111000001011110100110111110100110111110100001011001011
000111001011001000110100110100001011001011110100001011110100110100001011001000110100001010110100110100110110110100111000110100001011001011000111110100001011110111001011111000110100001011001011
111000001100000110001100001100110101110011110011110011110011001100110011001000110011110100001100001100111001001100001000001100110011001100111000001011110011001000110011001000110011110011001100
111001110101001000001001111000110100110100001011110100110100110100110111000111110100001010110101001000110111110100110111110100001011110110000111001010111000001000001011110111001011001011110100
001000110100001000001011001011000111110100110100001011001011001010111000110111001011110100110100110100110011110101001010110100110100110100000111110100110100110111001011001000001001110100000111
110111111000111000110100001011110100001011110100001011110100110100111000001001110101001000001011001001110111001011001000110100001011001011110111001011110100110111001011110111001011001011110100
001000110100110111001011001001110100001000110100001011110100001011001000001000001011000111001011110110110111110100000111001011110100000111000111001011110100001000110100110111110100110100110100
001010001000110110001010000110001010110101001010110101110101001010001000110110001000001010001010110111001001000111001010110101001010110101110110110101110110110110110101110110001010110101001010
111000110101111001001011001100001100110011110011001100110011001100000110000110110011001100110011110011000111110011110111110011110100001100000111001100001011001001001011110111001100110011001100
000101001101000110001101001101110010001101001101001101111001110010000110000110110010110010110010110011000101110010000101001101110010001101111001001101001101000101001100001000110010110010001101
000111001101111000001101110010110010110010001101001101111001001101000101000111001101001100001101001101000111110010000100001101110010110011111010001101001100111010110010111010001101001101001100
001010110100001000001010111000110100001011110101001011000111110100110111001000001011110100001011110110111000001011000111110100001011001010110111001000110100001000001011001001001011001001001011
110111001000001000110100001011001011110100110100001011001000110100001000110111110100110100110101001011001000001011001000001011001011001011000111001001110100000111110100110111001011001011001011
000110110011111001001100110011001100001100001100001100111001001100110110111000110011001100110011001100000111000101110011110011110011110011111000001100110011000111110011110110001100110011110011
110111110100001000001011001011001011001011001001110100000111001001000111110111001011001011001001001011000111110111110100110100110100001011001011001011110100001010001011000111110100001011001011
111011110001000110001110001110001110110010001110001110000101110001000101000100001110110001001110001110000110111010110001110001001110110001000101110001001110000011001110000101110001001110110001
110111001010110111110100001011001011001011110100110100111000110100111000001001001011110110110110110110110101110111001011110100001011110100000111001011110100001000110100001000110100110100110110
001001110100001000110100001011000111110100001000110100110111001011110110000111110100001011001011001011000110110111110100110100110100110100001001001011110100001000001011000111110100110111110100
001001000110001011001010110101110101001010110101110101110100110111110110110110001010110101111010110101000111110110001010110101110101110101001001110101110111111000110101001001110101110101110111
001000001011001000110100110100110100001011110110110110110111110100110111110111110100001011110101110100110110000111001011001011001001001011001000110100001011001010110100001000001001001010110100
110110110011111001001100110011001100110011110011001100000110001100111001111001001100001100001100001100110110110111001100110011001100110011001000110100001100001000001100111001001011001100001100
001000001011001010110100001010001011110100001011001011110111001011110101001001001011110100001011001011111001001000001001001011001011111000001100110101001011110110110100110111110100110100110100
001000110100111000110100001011110100110100001000001010111000000111001000001001001011110101110100001000110111001001001010001010001011110100001000001001110100000111001011110110001011001011110100
000110110010111001110010110011110010001101000110110010000111110010000110000100001101001101001101001101111001000101001101001101001101001101111001001101110010111001110011000111110010001101001101
001000001011110111001011001011110100000111001000110100001000110100110111111001110100001011001011110100110111001000001011001011001011001000001000110101110100110100110100110111001011110100001011
110111001011111000001011001001001011001011110111110100001001001011110111000111110100110110001011001011110111110111001011110100000111110100001001001011110100001000001000110111001011001011001011
111000110100110101110110110100001011001011001001110100111000001011001000110111110100110100001011001011001000001000001011110100001001110100110110001001110100110111001011001000001011001011110111
111001001010110111110100110011001100001100111001001100110111001100110110111010001100110011110011110011111001001011001010110011001100001011111000001100000111111000110011110111001100110011110111
110111001011111001110100001010001011110100110111001011110111001011001000001000001011110100110100001010001001110111001011110100001011001011110111110100000111000111110100001000110100110100000111
111000110100111010001100001100001100110011000110110011001000110100111001111000001100110110001010110011111000111000001100001100110011001100000110001100000110000111001100110111110011001100000111
110111110011000111001011110011001100001100000111001100000111110011110111000111110011110100110011110011111000111000001011110011001100001100111000110011111000000111001100000111110011001100111001
111001001101000110001100110010001101001101111001110010111001001101000110000110001101001100001101001101000101000110110010001101110010110010111001001101000101111001001101111001001101110010111001
001001110100001000110100110110110100001011001000001001001011001010110111001001001011001011001011110100110111110111001011001000001010110100000111001011000111110111110100000111001011110100001000
110111001011001000110110110100001011110101000111001011110111000111110111111000110100000111110100001011000111001000001011000111000111001011110111001010001101001000001011110110110100001001000111
001000001011001000110100110110001011001011001000110100001000001000110101110110001011110100110100001011110111110111110100111000110100001011110111110100000111001010110100111000001011001011001000
110111001011000111110011110011110011110011000110001100000110111000110011000111001100110011001100110100001000111000001100000111001011110011111001001100111000111010110011000111110011001100000111
111000001100111000110011001100001100001100111000110011110111000110001011000111110011001100001100110011111000111000001100111001110011110011000111110101000111111000001100000111110011001100000111
111000001100001001110011001100110011110011111000001100001001111000001100111001110011001100110011001011000111000110001100000110001100001100110111001100000111111000001100000111110101110011111000
000110110010000101110010110100110010001101000110001100000110111001110010111001110011001101110010001101111001000111110011111001110011001101111001001101000101000110001101111000110010001101000110
110110110100110110001010001011110100001000111000110100000111111000110100001000001010001011110100110100001000110111001001111000001011001001110111001011001000111010001011110110110111110100111000
001000001011001000000111001011001011001011110110110101110101110111001011001000001011110100001011001011001001001011001011001000001011110100000111001011000111110100001000111001110100001011110111
001001110101110110001010110101001001110101001011001010001001001101001010110100001010110101110101110101001001001001110101001001110101001010110110110101001001110111110101000111001001001001110110
000111001011000111001011110100000111110100110111001011000111001000110100110111111000001001001011001001110100110011001011001000001001001011110011001011110111000111110100111000001011110100001000
000110001011001011001011000111000111110101001000001000001001001000110100001001001011111001110100001000001011001000110110111000001011001001001000110101110111001000110100001001001001110100111000
110111110111111000001011110100001000110101001000110100001000000111001001110111001010110100110110111000110100001000110101001000001011110100001001001010111000001000110100000110001010001011001001
000111000111001000001011001011111000001011001000001011110111001010110100110100001011110100001011000111110100110110001011000111110100001011001000110100001011110111001011001000001011001011110111
110111001011001001001011110111000111001011110111001011001000001001110100001010110101001010001011110101001011110111110100001001001011110100001000110100001000000110110100110111110100110100110110
001000001011110111110100001010110111001011001000110100001001110111001001001000110100110100110100110111001011001000110100001000110101110100111000110110110111001000001010001000110100001001110111
000110001011110111110100110100000111110100000111001011001000001000001011110111001011001011001011001001001000001000111000001000110100110100001011110101110111110101001011001000001010001011001000
110110110100110111110100110100110111001011110101001000001000001000001000001000001011110100001011001000001000001000110100111000001011001011111000001011110100001000110100001000110100110100001000
