000000000000000000000000000000000000000000000000000000000000000000000000000000000000000000000000000000000000000000000000000000000000000000000000000000000000000000000000000000000000000000000000
000000000000000000000000000000000000000000000000000000000000000000000000000000000000000000000000000000000000000000000000000000000000000000000000000000000000000000000000000000000000000000000000
000000000000000000000000000000000000000000000000000000000000000000000000000000000000000000000000000000000000000000000000000000000000000000000000000000000000000000000000000000000000000000000000
000000000000000000000000000000000000000000000000000000000000000000000000000000000000000000000000000000000000000000000000000000000000000000000000000000000000000000000000000000000000000000000000
000000000000000000000000000000000000000000000000000000000000000000000000000000000000000000000000000000000000000000000000000000000000000000000000000000000000000000000000000000000000000000000000
000000000000000000000000000000000000000000000000000000000000000000000000000000000000000000000000000000000000000000000000000000000000000000000000000000000000000000000000000000000000000000000000
000000000000000000000000000000000000000000000000000000000000000000000000000000000000000000000000000000000000000000000000000000000000000000000000000000000000000000000000000000000000000000000000
000000000000000000000000000000000000000000000000000000000000000000000000000000000000000000000000000000000000000000000000000000000000000000000000000000000000000000000000000000000000000000000000
000000000000000000000000000000000000000000000000000000000000000000000000000000000000000000000000000000000000000000000000000000000000000000000000000000000000000000000000000000000000000000000000
000000000000000000000000000000000000000000000000000000000000000000000000000000000000000000000000000000000000000000000000000000000000000000000000000000000000000000000000000000000000000000000000
000000000000000000000000000000000000000000000000000000000000000000000000000000000000000000000000000000000000000000000000000000000000000000000000000000000000000000000000000000000000000000000000
000000000000000000000000000000000000000000000000000000000000000000000000000000000000000000000000000000000000000000000000000000000000000000000000000000000000000000000000000000000000000000000000
000000000000000000000000000000000000000000000000000000000000000000000000000000000000000000000000000000000000000000000000000000000000000000000000000000000000000000000000000000000000000000000000
000000000000000000000000000000000000000000000000000000000000000000000000000000000000000000000000000000000000000000000000000000000000000000000000000000000000000000000000000000000000000000000000
000000000000000000000000000000000000000000000000000000000000000000000000000000000000000000000000000000000000000000000000000000000000000000000000000000000000000000000000000000000000000000000000
000000000000000000000000000000000000000000000000000000000000000000000000000000000000000000000000000000000000000000000000000000000000000000000000000000000000000000000000000000000000000000000000
000000000000000000000000000000000000000000000000000000000000000000000000000000000000000000000000000000000000000000000000000000000000000000000000000000000000000000000000000000000000000000000000
000000000000000000000000000000000000000000000000000000000000000000000000000000000000000000000000000000000000000000000000000000000000000000000000000000000000000000000000000000000000000000000000
000000000000000000000000000000000000000000000000000000000000000000000000000000000000000000000000000000000000000000000000000000000000000000000000000000000000000000000000000000000000000000000000
000000000000000000000000000000000000000000000000000000000000000000000000000000000000000000000000000000000000000000000000000000000000000000000000000000000000000000000000000000000000000000000000
000000000000000000000000000000000000000000000000000000000000000000000000000000000000000000000000000000000000000000000000000000000000000000000000000000000000000000000000000000000000000000000000
000000000000000000000000000000000000000000000000000000000000000000000000000000000000000000000000000000000000000000000000000000000000000000000000000000000000000000000000000000000000000000000000
000000000000000000000000000000000000000000000000000000000000000000000000000000000000000000000000000000000000000000000000000000000000000000000000000000000000000000000000000000000000000000000000
000000000000000000000000000000000000000000000000000000000000000000000000000000000000000000000000000000000000000000000000000000000000000000000000000000000000000000000000000000000000000000000000
000000000000000000000000000000000000000000000000000000000000000000000000000000000000000000000000000000000000000000000000000000000000000000000000000000000000000000000000000000000000000000000000
000000000000000000000000000000000000000000000000000000000000000000000000000000000000000000000000000000000000000000000000000000000000000000000000000000000000000000000000000000000000000000000000
000000000000000000000000000000000000000000000000000000000000000000000000000000000000000000000000000000000000000000000000000000000000000000000000000000000000000000000000000000000000000000000000
000000000000000000000000000000000000000000000000000000000000000000000000000000000000000000000000000000000000000000000000000000000000000000000000000000000000000000000000000000000000000000000000
000000000000000000000000000000000000000000000000000000000000000000000000000000000000000000000000000000000000000000000000000000000000000000000000000000000000000000000000000000000000000000000000
000000000000000000000000000000000000000000000000000000000000000000000000000000000000000000000000000000000000000000000000000000000000000000000000000000000000000000000000000000000000000000000000
000000000000000000000000000000000000000000000000000000000000000000000000000000000000000000000000000000000000000000000000000000000000000000000000000000000000000000000000000000000000000000000000
000000000000000000000000000000000000000000000000000000000000000000000000000000000000000000000000000000000000000000000000000000000000000000000000000000000000000000000000000000000000000000000000
000000000000000000000000000000000000000000000000000000000000000000000000000000000000000000000000000000000000000000000000000000000000000000000000000000000000000000000000000000000000000000000000
000000000000000000000000000000000000000000000000000000000000000000000000000000000000000000000000000000000000000000000000000000000000000000000000000000000000000000000000000000000000000000000000
000000000000000000000000000000000000000000000000000000000000000000000000000000000000000000000000000000000000000000000000000000000000000000000000000000000000000000000000000000000000000000000000
000000000000000000000000000000000000000000000000000000000000000000000000000000000000000000000000000000000000000000000000000000000000000000000000000000000000000000000000000000000000000000000000
000000000000000000000000000000000000000000000000000000000000000000000000000000000000000000000000000000000000000000000000000000000000000000000000000000000000000000000000000000000000000000000000
000000000000000000000000000000000000000000000000000000000000000000000000000000000000000000000000000000000000000000000000000000000000000000000000000000000000000000000000000000000000000000000000
000000000000000000000000000000000000000000000000000000000000000000000000000000000000000000000000000000000000000000000000000000000000000000000000000000000000000000000000000000000000000000000000
000000000000000000000000000000000000000000000000000000000000000000000000000000000000000000000000000000000000000000000000000000000000000000000000000000000000000000000000000000000000000000000000
000000000000000000000000000000000000000000000000000000000000000000000000000000000000000000000000000000000000000000000000000000000000000000000000000000000000000000000000000000000000000000000000
000000000000000000000000000000000000000000000000000000000000000000000000000000000000000000000000000000000000000000000000000000000000000000000000000000000000000000000000000000000000000000000000
000000000000000000000000000000000000000000000000000000000000000000000000000000000000000000000000000000000000000000000000000000000000000000000000000000000000000000000000000000000000000000000000
000000000000000000000000000000000000000000000000000000000000000000000000000000000000000000000000000000000000000000000000000000000000000000000000000000000000000000000000000000000000000000000000
000000000000000000000000000000000000000000000000000000000000000000000000000000000000000000000000000000000000000000000000000000000000000000000000000000000000000000000000000000000000000000000000
000000000000000000000000000000000000000000000000000000000000000000000000000000000000000000000000000000000000000000000000000000000000000000000000000000000000000000000000000000000000000000000000
000000000000000000000000000000000000000000000000000000000000000000000000000000000000000000000000000000000000000000000000000000000000000000000000000000000000000000000000000000000000000000000000
000000000000000000000000000000000000000000000000000000000000000000000000000000000000000000000000000000000000000000000000000000000000000000000000000000000000000000000000000000000000000000000000
000000000000000000000000000000000000000000000000000000000000000000000000000000000000000000000000000000000000000000000000000000000000000000000000000000000000000000000000000000000000000000000000
000000000000000000000000000000000000000000000000000000000000000000000000000000000000000000000000000000000000000000000000000000000000000000000000000000000000000000000000000000000000000000000000
000000000000000000000000000000000000000000000000000000000000000000000000000000000000000000000000000000000000000000000000000000000000000000000000000000000000000000000000000000000000000000000000
000000000000000000000000000000000000000000000000000000000000000000000000000000000000000000000000000000000000000000000000000000000000000000000000000000000000000000000000000000000000000000000000
000000000000000000000000000000000000000000000000000000000000000000000000000000000000000000000000000000000000000000000000000000000000000000000000000000000000000000000000000000000000000000000000
000000000000000000000000000000000000000000000000000000000000000000000000000000000000000000000000000000000000000000000000000000000000000000000000000000000000000000000000000000000000000000000000
000000000000000000000000000000000000000000000000000000000000000000000000000000000000000000000000000000000000000000000000000000000000000000000000000000000000000000000000000000000000000000000000
000000000000000000000000000000000000000000000000000000000000000000000000000000000000000000000000000000000000000000000000000000000000000000000000000000000000000000000000000000000000000000000000
000000000000000000000000000000000000000000000000000000000000000000000000000000000000000000000000000000000000000000000000000000000000000000000000000000000000000000000000000000000000000000000000
000000000000000000000000000000000000000000000000000000000000000000000000000000000000000000000000000000000000000000000000000000000000000000000000000000000000000000000000000000000000000000000000
000000000000000000000000000000000000000000000000000000000000000000000000000000000000000000000000000000000000000000000000000000000000000000000000000000000000000000000000000000000000000000000000
000000000000000000000000000000000000000000000000000000000000000000000000000000000000000000000000000000000000000000000000000000000000000000000000000000000000000000000000000000000000000000000000
000000000000000000000000000000000000000000000000000000000000000000000000000000000000000000000000000000000000000000000000000000000000000000000000000000000000000000000000000000000000000000000000
000000000000000000000000000000000000000000000000000000000000000000000000000000000000000000000000000000000000000000000000000000000000000000000000000000000000000000000000000000000000000000000000
000000000000000000000000000000000000000000000000000000000000000000000000000000000000000000000000000000000000000000000000000000000000000000000000000000000000000000000000000000000000000000000000
000000000000000000000000000000000000000000000000000000000000000000000000000000000000000000000000000000000000000000000000000000000000000000000000000000000000000000000000000000000000000000000000
000000000000000000000000000000000000000000000000000000000000000000000000000000000000000000000000000000000000000000000000000000000000000000000000000000000000000000000000000000000000000000000000
000000000000000000000000000000000000000000000000000000000000000000000000000000000000000000000000000000000000000000000000000000000000000000000000000000000000000000000000000000000000000000000000
000000000000000000000000000000000000000000000000000000000000000000000000000000000000000000000000000000000000000000000000000000000000000000000000000000000000000000000000000000000000000000000000
000000000000000000000000000000000000000000000000000000000000000000000000000000000000000000000000000000000000000000000000000000000000000000000000000000000000000000000000000000000000000000000000
000000000000000000000000000000000000000000000000000000000000000000000000000000000000000000000000000000000000000000000000000000000000000000000000000000000000000000000000000000000000000000000000
000000000000000000000000000000000000000000000000000000000000000000000000000000000000000000000000000000000000000000000000000000000000000000000000000000000000000000000000000000000000000000000000
000000000000000000000000000000000000000000000000000000000000000000000000000000000000000000000000000000000000000000000000000000000000000000000000000000000000000000000000000000000000000000000000
000000000000000000000000000000000000000000000000000000000000000000000000000000000000000000000000000000000000000000000000000000000000000000000000000000000000000000000000000000000000000000000000
000000000000000000000000000000000000000000000000000000000000000000000000000000000000000000000000000000000000000000000000000000000000000000000000000000000000000000000000000000000000000000000000
000000000000000000000000000000000000000000000000000000000000000000000000000000000000000000000000000000000000000000000000000000000000000000000000000000000000000000000000000000000000000000000000
000000000000000000000000000000000000000000000000000000000000000000000000000000000000000000000000000000000000000000000000000000000000000000000000000000000000000000000000000000000000000000000000
000000000000000000000000000000000000000000000000000000000000000000000000000000000000000000000000000000000000000000000000000000000000000000000000000000000000000000000000000000000000000000000000
000000000000000000000000000000000000000000000000000000000000000000000000000000000000000000000000000000000000000000000000000000000000000000000000000000000000000000000000000000000000000000000000
000000000000000000000000000000000000000000000000000000000000000000000000000000000000000000000000000000000000000000000000000000000000000000000000000000000000000000000000000000000000000000000000
000000000000000000000000000000000000000000000000000000000000000000000000000000000000000000000000000000000000000000000000000000000000000000000000000000000000000000000000000000000000000000000000
000000000000000000000000000000000000000000000000000000000000000000000000000000000000000000000000000000000000000000000000000000000000000000000000000000000000000000000000000000000000000000000000
000000000000000000000000000000000000000000000000000000000000000000000000000000000000000000000000000000000000000000000000000000000000000000000000000000000000000000000000000000000000000000000000
000000000000000000000000000000000000000000000000000000000000000000000000000000000000000000000000000000000000000000000000000000000000000000000000000000000000000000000000000000000000000000000000
000000000000000000000000000000000000000000000000000000000000000000000000000000000000000000000000000000000000000000000000000000000000000000000000000000000000000000000000000000000000000000000000
000000000000000000000000000000000000000000000000000000000000000000000000000000000000000000000000000000000000000000000000000000000000000000000000000000000000000000000000000000000000000000000000
000000000000000000000000000000000000000000000000000000000000000000000000000000000000000000000000000000000000000000000000000000000000000000000000000000000000000000000000000000000000000000000000
000000000000000000000000000000000000000000000000000000000000000000000000000000000000000000000000000000000000000000000000000000000000000000000000000000000000000000000000000000000000000000000000
000000000000000000000000000000000000000000000000000000000000000000000000000000000000000000000000000000000000000000000000000000000000000000000000000000000000000000000000000000000000000000000000
000000000000000000000000000000000000000000000000000000000000000000000000000000000000000000000000000000000000000000000000000000000000000000000000000000000000000000000000000000000000000000000000
000000000000000000000000000000000000000000000000000000000000000000000000000000000000000000000000000000000000000000000000000000000000000000000000000000000000000000000000000000000000000000000000
000000000000000000000000000000000000000000000000000000000000000000000000000000000000000000000000000000000000000000000000000000000000000000000000000000000000000000000000000000000000000000000000
000000000000000000000000000000000000000000000000000000000000000000000000000000000000000000000000000000000000000000000000000000000000000000000000000000000000000000000000000000000000000000000000
000000000000000000000000000000000000000000000000000000000000000000000000000000000000000000000000000000000000000000000000000000000000000000000000000000000000000000000000000000000000000000000000
000000000000000000000000000000000000000000000000000000000000000000000000000000000000000000000000000000000000000000000000000000000000000000000000000000000000000000000000000000000000000000000000
000000000000000000000000000000000000000000000000000000000000000000000000000000000000000000000000000000000000000000000000000000000000000000000000000000000000000000000000000000000000000000000000
000000000000000000000000000000000000000000000000000000000000000000000000000000000000000000000000000000000000000000000000000000000000000000000000000000000000000000000000000000000000000000000000
000000000000000000000000000000000000000000000000000000000000000000000000000000000000000000000000000000000000000000000000000000000000000000000000000000000000000000000000000000000000000000000000
000000000000000000000000000000000000000000000000000000000000000000000000000000000000000000000000000000000000000000000000000000000000000000000000000000000000000000000000000000000000000000000000
000000000000000000000000000000000000000000000000000000000000000000000000000000000000000000000000000000000000000000000000000000000000000000000000000000000000000000000000000000000000000000000000
000000000000000000000000000000000000000000000000000000000000000000000000000000000000000000000000000000000000000000000000000000000000000000000000000000000000000000000000000000000000000000000000
000000000000000000000000000000000000000000000000000000000000000000000000000000000000000000000000000000000000000000000000000000000000000000000000000000000000000000000000000000000000000000000000
000000000000000000000000000000000000000000000000000000000000000000000000000000000000000000000000000000000000000000000000000000000000000000000000000000000000000000000000000000000000000000000000
000000000000000000000000000000000000000000000000000000000000000000000000000000000000000000000000000000000000000000000000000000000000000000000000000000000000000000000000000000000000000000000000
000000000000000000000000000000000000000000000000000000000000000000000000000000000000000000000000000000000000000000000000000000000000000000000000000000000000000000000000000000000000000000000000
000000000000000000000000000000000000000000000000000000000000000000000000000000000000000000000000000000000000000000000000000000000000000000000000000000000000000000000000000000000000000000000000
000000000000000000000000000000000000001100000000000000000000000000000000000000000000000000000000000000000000000000000000000000000000000000000000000000000000000000000000000000000000000000000000
000000000000000000000000000000000000110100000000000000000000000000000000000000000000000000000000000000000000000000000000000000000000000000000000000000000000000000000000000000000000000000000000
000000000000000000000000000000000000110111000000000000000000000000000000000000000000000000000000000000000000000000000000000000000000000000000000000000000000000000000000000000000000000000000000
000000000000000000000000000000000000110100000000000000000000000000000000000000000000000000000000000000000000000000000000000000000000000000000000000000000000000000000000000000000000000000000000
000000000000000000000000000000000000110101000000000000000000000000000000000000000000000000000000000000000000000000000000000000000000000000000000000000000000000000000000000000000000000000000000
000000000000000000000000000000000000110010000000000000000000000000000000000000000000000000000000000000000000000000000000000000000000000000000000000000000000000000000000000000000000000000000000
000000000000000000000000000000000000110011000000000000000000000000000000000000000000000000000000000000000000000000000000000000000000000000000000000000000000000000000000000000000000000000000000
000000000000000000000000000000000000110111000000000000000000000000000000000000000000000000000000000000000000000000000000000000000000000000000000000000000000000000000000000000000000000000000000
000000000000000000000000000000000000000111000000000000000000000000000000000000000000000000000000000000000000000000000000000000000000000000000000001100000000000000000000000000000000000000000000
000000000000000000000000000000000000001011000000000000000000000000000000000000000000000000000000000000000000000000000000000000000000000000000000001100000000000000000000000000000000000000000000
000000000000000000000000000000000000111000000000000000000000000000000000000000000000000000000000000000000000000000000000000000000000000000000000110111000000000000000000000000000000000000000000
000000000000000000000000000000000000110111000000000000000000000000000000000000000000000000000000000000000000000000000000000000000000000000000000110100000000000000000000000000000000000000000000
000000000000000000000000000000000000001100000000000000000000000000000000000000000000000000000000000000000000000000000000000000000000000000000000110101000000000000000000000000000000000000000000
000000000000000000000000000000000000110110000000000000000000000000000000000000000000000000000000000000000000000000000000000000000000000000000000110010000000000000000000000000000000000000000000
000000000000000000000000000000000000110110000000000000000000000000000000000000000000000000000000000000000000000000000000000000000000000000000000110011000000000000000000000000000000000000000000
000000000000000000000000000000000000001100000000110100000000000000000000000000000000000000000000000000000000000000000000000000000000000000000000001001000000000000000000000000000000000000000000
000000000000000000000000000000000000001011000000110100000000000000000000000000000000000000000000000000000000000000000000000000000000000000000000000111000000000000000000000000000000000000000000
000000000000000000000000000000000000001100000000001001000000000000000000000000000000000000000000000000000000000000000000000000000000000000000000110101000000000000000000000000000000000000000000
000000000000000000000000000000000000001011000000110100000000000000000000000000000000000000000000000000000000000000000000000000000000000000000000001000000000000000000000000000000000000000000000
000000000000000000000000000000000000110101000000110101000000000000000000000000000000000000000000000000000000000000000000000000000000000000000000110111000000000000000000000000000000000000000000
000000000000000000000000000000000000110010000000110010000000000000000000000000000000000000000000000000000000000000000000000000000000000000000000110100000000000000000000000000000000000000000000
000000000000000000000000000000000000001011000000110011000000000000000000000000000000000000000000000000000000000000000000000000000000000000000000001010000000000000000000000000000000000000000000
000000000000000000000000000000000000111001000000110111000000000000000000000000000000000000000000000000000000000000000000000000000000000000000000001010000000000000000000000000000000000000000000
000000000000000000000000000000000000110101000000000111000000000000000000000000000000000000000000000000000000000000000000000000000000000000000000001100000000000000000000000000000000000000000000
000000000000000000000000000000000000000111000000110101000000000000000000000000000000000000000000000000000000000000000000000000000000000000000000001011000000000000000000000000000000000000000000
000000000000000000000000000000000000110100000000111000000000000000000000000000000000000000000000000000000000000000000000000000000000000000000000001100000000000000000000000000000000000000000000
000000000000000000000000000000000000110010000000110111000000000000000000000000000000000000000000000000000000000000000000000000000000000000000000110101000000000000000000000000000000000000000000
000000000000000000000000000000000000110110000000001100000000000000000000000000000000000000000000000000000000000000000000000000000000000000000000001011000000000000000000000000000000000000000000
000000000000000000000000000000000000110100000000110110000000000000000000000000000000000000000000000000000000000000000000000000000000000000000000110010000000000000000000000000000000000000000000
000000000000000000000000000000000000001001000000001010000000000000000000000000000000000000000000000000000000000000000000000000000000000000000000001011000000000000000000000000000000000000000000
000000000000000000000000000000000000001100000000110100000000000000000000000000000000000000000000000000000000000000000000000000000000000000000000111001000000000000000000000000000000000000000000
000000000000000000000000000000000000001001000000110101000000000000000000000000000000000000000000000000000000000000000000000000000000000000000000110101000000000000000000000000000000000000000000
000000000000000000000000000000000000001000000000110100000000000000000000000000000000000000000000000000000000000000000000000000000000000000000000111001000000000000000000000000000000000000000000
000000000000000000000000000000000000110110000000001011000000000000000000000000000000000000000000000000000000000000000000000000000000000000000000001100000000000000000000000000000000000000000000
000000000000000000000000000000000000110100000000110101000000000000000000000000000000000000000000000000000000000000000000000000000000000000000000110011000000000000000000000000000000000000000000
000000000000000000000000000000000000110111000000110010000000000000000000000000000000000000000000000000000000000000000000000000000000000000000000110101000000000000000000000000000000000000000000
000000000000000000000000000000000000110100000000001011000000000000000000000000000000000000000000000000000000000000000000000000000000000000000000001111000000000000000000000000000000000000000000
000000000000000000000000000000000000001011000000000111000000000000000000000000000000000000000000000000000000000000000000000000000000000000000000110111000000000000000000000000000000000000000000
000000000000000000000000000000000000110110000000110101000000000000000000000000000000000000000000000000000000000000000000000000000000000000000000110100000000000000000000000000000000000000000000
000000000000000000000000000000000000001011000000000111000000000000000000000000000000000000000000000000000000000000000000000000000000000000000000001001000000000000000000000000000000000000000000
000000000000000000000000000000000000001100000000001100000000000000000000000000000000000000000000000000000000000000000000000000000000000000000000111000000000000000000000000000000000000000000000
000000000000000000000000000000000000110101000000110011000000000000000000000000000000000000000000000000000000000000000000000000000000000000000000001010000000000000000000000000000000000000000000
000000000000000000000000000000000000110101000000110101000000000000000000000000000000000000000000000000000000000000000000000000000000000000000000110100000000000000000000000000000000000000000000
000000000000000000000000000000000000110100000000001100000000000000000000000000000000000000000000000000000000000000000000000000000000000000000000001001000000000000000000000000000000000000000000
000000000000000000000000000000000000110111000000001001000000000000000000000000000000000000000000000000000000000000000000000000000000000000000000110100000000000000000000000000000000000000000000
000000000000000000000000000000000000110011000000110100000000000000000000000000000000000000000000000000000000000000000000000000000000000000000000001011000000000000000000000000000000000000000000
000000000000000000000000000000000000001011000000001001000000000000000000000000000000000000000000000000000000000000000000000000000000000000000000001010000000000000000000000000000000000000000000
000000000000000000000000000000000000001011000000111000000000000000000000000000000000000000000000000000000000000000000000000000000000000000000000110101000000000000000000000000000000000000000000
000000000000000000000000000000000000001100000000110110000000000000000000000000000000000000000000000000000000000000000000000000000000000000000000110100000000000000000000000000000000000000000000
000000000000000000000000000000000000110011000000001100000000000000000000000000000000000000000000000000000000000000000000000000000000000000000000110101000000000000000000000000000000000000000000
000000000000000000000000000000000000000111000000001001000000000000000000000000000000000000000000000000000000000000000000000000000000000000000000110101000000000000000000000000000000000000000000
000000000000000000000000000000000000110010000000001100000000000000000000000000000000000000000000000000000000000000000000000000000000000000000000001100000000000000000000000000000000000000000000
000000000000000000000000000000000000001010000000110101000000000000000000000000000000000000000000000000000000000000000000000000000000000000000000001001000000000000000000000000000000000000000000
000000000000000000000000000000000000110101000000110110000000000000000000000000000000000000000000000000000000000000000000000000000000000000000000001101000000000000000000000000000000000000000000
000000000000000000000000000000000000111001000000110101000000000000000000000000000000000000000000000000000000000000000000000000000000000000000000110101000000000000000000000000000000000000000000
000000000000000000000000001100000000110110000000001100000000000000000000000000000000000000000000000000000000000000000000000000000000000000000000110101000000000000000000000000000000000000000000
000000000000000000000000110100000000001111000000001011000000000000000000110100000000000000000000000000000000000000000000000000000000000000000000001100000000000000000000000000000000000000000000
000000000000000000000000001001000000110110000000110101000000000000000000110100000000110100000000000000000000000000000000000000000000000000000000001101000000000000000000000000000000000000000000
000000000000000000000000110100000000110100000000110100000000000000000000110111000000001100000000000000000000000000000000000000000000000000000000000111000000000000000000000000000000000000000000
000000000000000000000000001011000000110100000000001001000000000000000000110100000000110111000000000000000000000000000000000000000000000000000000001110000000000000000000000000000000000000000000
000000000000000000000000001110000000001101000000110011000000000000000000001011000000110100000000000000000000000000000000000000000000000000000000110110000000000000000000000000000000000000000000
000000000000000000000000001101000000110111000000110101000000000000000000110010000000001011000000000000000000000000000000000000000000000000000000001011000000000000000000000000000000000000000000
000000000000000000000000001001000000110010000000001011000000000000000000001010000000001110000000000000000000000000000000000000000000000000000000000111000000000000000000000000000000000000000000
000000000000000000000000111001000000001100000000001100000000000000000000110111000000001101000000000000000000000000000000000000000000000000000000110110000000000000000000000000000000000000000000
000000000000000000000000110101000000110101000000001101000000000000000000000111000000110111000000000000000000000000000000000000000000000000000000001111000000000000000000000000000000000000000000
000000000000000000000000001000000000110110000000000111000000000000000000110101000000111001000000000000000000000000000000000000000000000000000000001010000000000000000000000000000000000000000000
000000000000000000000000001001000000001101000000001110000000000000000000111000000000001011000000000000000000000000000000000000000000000000000000110100000000000000000000000000000000000000000000
000000000000000000000000110100000000110110000000110110000000000000000000110111000000111000000000000000000000000000000000000000000000000000000000110100000000000000000000000000000000000000000000
000000000000000000000000110110000000110101000000001011000000000000000000001100000000001001000000000000000000000000000000000000000000000000000000001101000000000000000000000000000000000000000000
000000000000000000000000001010000000110011000000111001000000000000000000000111000000110100000000000000000000000000000000000000000000000000000000001001000000000000000000000000000000000000000000
000000000000000000000000001011000000001011000000001010000000000000000000001010000000001010000000000000000000000000000000000000000000000000000000110010000000000000000000000000000000000000000000
000000000000000000000000110101000000111000000000110001000000000000000000001100000000001010000000000000000000000000000000000000000000000000000000001100000000000000000000000000000000000000000000
110100000000000000000000001100000000110110000000001010000000000000000000110101000000110100000000000000000000000000000000000000000000000000000000110101000000000000000000000000000000000000000000
001100000000000000000000001011000000110100000000001100000000000000000000110100000000110101000000000000000000000000000000000000000000000000000000110110000000000000000000000000000000000000000000
001001000000000000000000001011000000001100000000110100000000000000000000110101000000110100000000000000000000000000000000000000000000000000000000110011000000000000000000000000000000000000000000
001100000000000000000000001110000000001011000000001101000000000000000000001011000000110101000000000000000000000000000000000000000000000000000000001010000000000000000000000000000000000000000000
001011000000000000000000001011000000001101000000001001000000000000000000110010000000110101000000000000000000000000000000000000000000000000000000110101000000000000000000000000000000000000000000
110010000000000000000000111001000000110011000000001110000000000000000000110101000000001110000000000000000000000000000000000000000000000000000000001101000000000000000000000000000000000000000000
110011000000000000000000110101000000110110000000110100000000000000000000111001000000001011000000000000000000000000000000000000000000000000000000001011000000000000000000000000000000000000000000
110111000000000000000000000111000000000111000000110101000000000000000000001011000000000111000000000000000000000000000000000000000000000000000000111000000000000000000000000000000000000000000000
111001000000000000000000001100000000110010000000110110000000000000000000000111000000001011000000000000000000000000000000000000000000000000000000001010000000000000000000000000000000000000000000
110101000000000000000000110011000000001010000000001101000000000000000000001100000000000111000000000000000000000000000000000000000000000000000000001100000000000000000000000000000000000000000000
111000000000000000000000001011000000110110000000110110000000000000000000001101000000001100000000000000000000000000000000000000000000000000000000110100000000000000000000000000000000000000000000
110111000000000000000000110100000000110100000000001011000000000000000000110101000000110011000000000000000000000000000000000000000000000000000000110101000000000000000000000000000000000000000000
001100000000000000000000110111000000110111000000110011000000000000000000110100000000001011000000000000000000000000000000000000000000000000000000110011000000000000000000000000000000000000000000
110110000000000000000000110100000000001101000000110101000000000000000000001001000000110100000000000000000000000000000000000000000000000000000000110011000000000000000000000000000000000000000000
001010000000000000000000110111000000001011000000001000000000000000000000001100000000110111000000000000000000000000000000000000000000000000000000110110000000000000000000000000000000000000000000
110100000000000000000000111000000000001011000000110110000000000000000000001001000000110100000000000000000000000000000000000000000000000000000000000111000000000000000000000000000000000000000000
110101000000000000000000001010000000001011000000001100000000000000000000001000000000001001000000000000000000000000000000000000000000000000000000110010000000000000000000000000000000000000000000
110100000000000000000000110100000000110110000000001100000000000000000000001010000000001000000000000000000000000000000000000000000000000000000000001010000000000000000000000000000000000000000000
001011000000000000000000110111000000110100000000110101000000000000000000110100000000001010000000000000000000000000000000000000000000000000000000001010000000000000000000000000000000000000000000
110110000000000000000000110100000000110101000000110011000000000000000000001001000000110100000000000000000000000000000000000000000000000000000000001100000000000000000000000000000000000000000000
001110000000000000000000110111000000001100000000110011000000000000000000110100000000001001000000000000000000000000000000000000000000000000000000110111000000000000000000000000000000000000000000
001011000000000000000000001010000000110000000000110110000000000000000000001011000000001100000000000000000000000000000000000000000000000000000000001101000000000000000000000000000000000000000000
000111000000000000000000110101000000110110000000000111000000000000000000001010000000110101000000000000000000000000000000000000000000000000000000001011000000000000000000000000000000000000000000
001011000000000000000000001100000000001011000000110010000000000000000000110101000000110110000000000000000000000000000000000000000000000000000000110101000000000000000000000000000000000000000000
111001000000000000000000001011000000001100000000001010000000000000000000001100000000001011000000000000000000000000000000000000000000000000000000110101000000000000000000000000000000000000000000
001100000000000000000000001011000000001010000000001010000000000000000000001011000000110100000000000000000000000000000000000000000000000000000000110110000000000000000000000000000000000000000000
110011000000000000000000001100000000001101000000110100000000000000000000001011000000110101000000000000000000000000000000000000000000000000000000110100000000000000000000000000000000000000000000
001011000000000000000000001001000000110110000000001001000000000000000000110100000000110101000000000000000000000000000000000000000000000000000000001011000000000000000000000000000000000000000000
001100000000000000000000001101000000110101000000001101000000000000000000001001000000110100000000001100000000000000000000000000000000000000000000110100000000000000000000000000000000000000000000
110111000000000000000000001011000000001010000000001011000000000000000000001101000000001001000000001100000000000000000000000000000000000000000000010000000000000000000000000000000000000000000000
001100000000000000000000110101000000110110000000001010000000000000000000001011000000001101000000110111000000000000000000000000000000000000000000110110000000000000000000000000000000000000000000
001001000000000000000000110100000000110110000000001011000000000000000000001011000000110101000000001100000000000000000000001100000000000000000000110101000000000000000000000000000000000000000000
001000000000000000000000001101000000001011000000001010000000000000000000110100000000001011000000110101000000000000000000001100000000000000000000001100000000000000000000000000000000000000000000
110110000000000000000000111001000000110111000000110100000000000000000000110011000000110100000000110010000000000000000000001001000000000000000000001010000000000000000000000000000000000000000000
110100000000000000000000001110000000110101000000110101000000000000000000000111000000110011000000001101000000000000000000110100000000000000000000001100000000000000000000000000000000000000000000
001001000000000000000000001010000000110101000000001100000000000000000000001110000000000111000000001001000000000000000000110101000000000000000000001010000000000000000000000000000000000000000000
110100000000000000000000001011000000001001000000110000000000000000000000001010000000001110000000111001000000000000000000110010000000000000000000110101000000000000000000000000000000000000000000
110101000000000000000000111001000000110100000000110110000000000000000000001011000000110110000000001010000000000000000000001101000000000000000000001010000000000000000000000000000000000000000000
110110000000000000000000110110000000110010000000001011000000000000000000000111000000110101000000001000000000000000000000110111000000000000000000001010000000000000000000000000000000000000000000
110101000000000000000000110001000000110100000000110100000000000000000000110110000000111001000000001001000000000000000000111001000000000000000000001010000000000000000000000000000000000000000000
110100000000000000000000001010000000111000000000110110000000000000000000001111000000110110000000110100000000000000000000001011000000000000000000110101000000000000000000000000000000000000000000
110101000000000000000000110100000000110100000000110100000000000000000000001010000000110001000000110110000000000000000000001000000000000000000000110111000000000000000000000000000000000000000000
001011000000000000000000001100000000001100000000110110000000000000000000001100000000110110000000001010000000000000000000001001000000000000000000001011000000000000000000000000000000000000000000
110100000000000000000000001101000000110110000000110101000000000000000000110100000000110100000000110100000000000000000000001100000000000000000000110101000000000000000000000000000000000000000000
110111000000000000000000001001000000001101000000001010000000000000000000001101000000001100000000001011000000000000000000001010000000000000000000110111000000000000000000000000000000000000000000
001101000000000000000000001110000000110101000000110110000000000000000000001001000000110011000000001100000000000000000000001010000000000000000000001100000000000000000000000000000000000000000000
001011000000000000000000110100000000110110000000110110000000000000000000001110000000110111000000001011000000000000000000110100000000000000000000110010000000000000000000000000000000000000000000
110101000000000000000000110101000000001011000000110101000000000000000000001100000000001110000000110101000000000000000000110101000000000000000000110100000000000000000000000000000000000000000000
110100000000000000000000001010000000001011000000001001000000000000000000001011000000110100000000110010000000000000000000110100000000000000000000001000000000000000000000000000000000000000000000
110011000000000000000000001101000000110010000000110101000000000000000000001010000000110101000000110101000000000000000000001011000000000000000000110100000000000000000000000000000000110100000000
111001000000000000000000001010000000001100000000001011000000000000000000001101000000110110000000111001000000000000000000110101000000000000000000001100000000000000000000000000000000001100000000
001110000000110100000000001011000000110110000000001001000000000000000000001010000000001101000000110101000000000000000000001110000000000000000000110110000000000000000000000000000000001001000000
110110000000110100000000110011000000110000000000110100000000000000000000110101000000110110000000000111000000000000000000001101000000000000000000001011000000000000000000000000000000110100000000
001011000000001001000000110101000000001011000000110010000000000000000000001100000000110101000000001100000000000000000000111001000000000000000000110101000000000000000000000000000000001010000000
000111000000001100000000001000000000110100000000110100000000000000000000110101000000001101000000110011000000000000000000001011000000000000000000110100000000000000000000000000000000110010000000
001010000000110101000000001010000000001111000000001000000000000000000000111000000000110101000000110101000000000000000000000111000000000000000000110101000000000000000000000000000000110011000000
110001000000001110000000110100000000111001000000110100000000000000000000110110000000001000000000001100000000000000000000001100000000000000000000001011000000000000000000000000000000001001000000
001010000000110011000000110100000000001000000000110100000000000000000000110101000000110110000000110111000000000000000000001101000000000000000000001110000000000000000000000000000000111001000000
001100000000110111000000110101000000110001000000110110000000000000000000110100000000110100000000001100000000000000000000110101000000000000000000110100000000000000000000000000000000110101000000
001100000000111001000000110011000000110100000000110011000000000000000000110101000000110100000000001001000000110101000000110100000000000000000000110110000000000000000000000000000000001000000000
001101000000110101000000001100000000001001000000110101000000000000000000110011000000001011000000111000000000001100000000110111000000000000000000110010000000000000000000000000000000001001000000
001001000000001000000000110110000000110110000000110100000000000000000000001101000000110011000000001010000000110111000000001100000000000000000000001011000000000000000000000000000000001100000000
110010000000110111000000111001000000110111000000001011000000000000000000001010000000110011000000001100000000001100000000110111000000000000000000001100000000000000000000000000000000110110000000
001100000000110100000000001110000000001010000000110101000000000000000000000111000000001010000000110111000000110101000000001000000000000000000000110001000000000000000000000000000000001010000000
001011000000110110000000001010000000110111000000001110000000000000000000110010000000000111000000001100000000001110000000001010000000000000000000000111000000000000000000000000000000001100000000
001010000000110110000000001010000000001101000000001100000000000000000000001010000000110010000000001011000000110011000000110100000000000000000000111000000000000000000000000000000000001011000000
001101000000001100000000110100000000110100000000001010000000000000000000001010000000110110000000001010000000001001000000001001000000000000000000001111000000000000000000000000000000001100000000
110110000000001011000000110111000000110111000000001110000000000000000000001100000000110110000000110101000000000111000000001100000000000000000000110010000000000000000000000000000000110101000000
110101000000110100000000001101000000110100000000110101000000000000000000001001000000001100000000001100000000001011000000001011000000000000000000110111000000000000000000000000000000001011000000
110011000000001101000000001011000000001100000000110101000000000000000000110011000000110111000000001011000000001000000000001010000000000000000000110110000000000000000000000000000000001110000000
110101000000001011000000110101000000001010000000110001000000000000000000001011000000110101000000110101000000001001000000001011000000000000000000110111000000000000000000000000000000110101000000
001000000000110010000000001011000000001011000000000111000000000000000000001011000000001011000000001100000000001100000000001100000000000000000000110110000000000000000000001100000000111001000000
110110000000001011000000001010000000111000000000001000000000000000000000110101000000110101000000110111000000001010000000001011000000110100000000110111000000000000000000001100000000110101000000
110100000000000111000000110100000000110010000000001111000000000000000000001010000000001011000000001101000000001010000000110101000000001100000000110011000000000000000000001001000000111001000000
001100000000001011000000001011000000001010000000001110000000000000000000001100000000001010000000001011000000001100000000110100000000110111000000001100000000000000000000110100000000000000110100
110101000000000111000000001100000000000110000000110111000000000000000000001011000000110100000000110101000000001011000000110111000000110100000000001001000000000000000000110101000000000000110011
001101000000110100000000110000000000110100000000110110000000000000000000001100000000001011000000001100000000110100000000110011000000001011000000110100000000000000000000110010000000000000110101
110011000000001101000000001010000000001101000000001001000000110100000000110000000000001100000000110011000000001011000000001011000000110010000000110100000000000000000000001101000000000000001100
110110000000110101000000110101000000110101000000110110000000110100000000110110000000010000000000111001000000001011000000110101000000110011000000001010000000000000000000110111000000000000110111
000111000000110100000000110100000000001100000000001001000000110111000000110101000000110110000000110010000000001110000000001100000000110111000000001011000000000000001100111001000000000000110100
001110000000001001000000110110000000110111000000110011000000001100000000001100000000110101000000110110000000110101000000110011000000000111000000111000000000110100110100001011000000000000110111
001010000000110100000000001100000000110100000000110100000000001011000000001010000000110100000000001011000000000111000000111001000000001011000000110010000000110100110111111000000000000000001000
001010000000110111000000001010000000001100000000001001000000110010110100001100000000110110000000000111000000110101000000001110000000001000000000001010000000001001110100110111000000000000110110
001100000000001000000000110101000000110000000000110100000000001101001100110110000000001100000000001010000000111001000000110110000000001001000000111010000000001100001011110100000000000000001100
001001000000001010000000110110000000001011000000001100000000110111110111110101000000001010000000110001000000001100000000001011000000001100000000110100000000001011001110110110000000000000110111
110011000000110100000000001010000000110100000000110111000000111001110100110111000000110101000000001100000000001101000000000111000000110110000000110011000000110010001101001010000000000000110100
001011000000001001000000001010000000110100000000110101000000001011110101001010000000110110000000110100000000110101000000110110000000001010000000001011000000001101001001001100000000000000110101
001011000000110100000000001011000000001000000000001000000000111000001110001010000000110110000000001100000000001100000000001111000000110100001100110100000000110111000111001010000000000000001010
110101000000001011000000110111000000001001000000001110000000001001001101001011000000110110000000110011000000001001000000110110000000110101110100110111000000111001110101001100001100000000110101
001010000000110110000000001011000000001010000000110110000000001100110111110111000000110101000000001001000000110100000000110100000000001100001001001100000000110101111000001100001011000000110100
001100000000001011000000110101000000110110000000111010000000110110000111001011000000110111000000110010000000001001000000110100000000110101110100110100000000001000001001110111110101000000001011
001011000000110100000000110111000000110100000000110101000000001010110101110101000000001011000000110100000000111000000000110011000000001011110101110001000000001001110100110100110010000000001011
110100000000001011000000110100000000110110000000001101000000110100111000110111000000001011000000110101000000001010000000110111000000001110110010001011000000001100001010001011001011000000001010
010000000000001011000000110010000000110110000000110101000000001011001001001100000000110111000000110110000000001100000000001110000000110101001101110011000000110110110110110010111001000000001001
110101000000110100000000110100000000110010000000110100000000110100110100110010000000110100000000001101000000110111000000001100000000000111001001110100000000110110110100001101001100000000001101
110101000000001001000000001000000000001011000000001001000000001011001010001100000000001110000000001010000000110100000000110101000000110101000111001000000000110100001011110111111001000000110101
001100000000000000001101110100000000001010000000110100000000110101001010001000000000001100000000001011000000001011000000110110000000111001110101110111000000001011110100000111110100000000110101
110110000000000000110101001100000000110010000000110100000000001110110100001100000000001000000000110011000000001010000000110011000000110100001000110110000000001100110101001011110011000000001100
001100000000000000001011001010000000111000000000110001000000110101001011110100000000001100000000001011000000110101000000110110000000110011110111110110000000110101110101111000110101000000001101
110110000000000000110100110011000000110110000000110101000000111001001100110110000000001100000000111000000000001100000000110101000000110101001100110100000000110101001110110111001100000000000111
110101000000000000110011001011000000001110000000001101000000110101110101001101000000110110000000110110000000110101110100110011000000110100001010110100000000001110001011001100001001000000001110
001010000000000000111001110100000000110100000000110100000000000111110101001011000000110011000000001100000000001011110100001011000000001001110110110110000000110101111001110110001100000000110110
110110000000000000001110110101000000001100000000111000000000110100001110110100000000001011000000110100000000001100110111111000000000001100001100110010000000000111110101001010110111000000001011
110110000000000000110110110101000000110111000000001001000000001101110101110101000000110100000000110101000000110111001100110110000000001001001011001011000000110101111001110100111000000000111001
110101000000000000110101001110000000001011000000001010000000001011000111001011000000110101000000001101000000110011110101001100000000001000001100110110000000000111001100001011001010000000110110
001001000000000000000111110110000000110100000000110110000000110100110101001110000000001011000000110011000000001011001110001100000000001010110101110110000000110100110011001100110100000000001100
001011000000000000001010001010000000110100000000001100000000110111000111110100000000001110000000001010000000001011001101001011000000110100110101001000000000001101001011001011001001000000001010
110101000000000000001111110010000000110100000000110100000000001100110100110110000000110100000000000111000000110100110111110011000000110111110010001010000000001011001100001011001100000000110100
001001000000110100110110110101000000001001000000110110000000001001110011001110000000001010000000001110000000110011111001110011000000001100110101001110000000110100001001001110001011000000110100
001100000000001100110100110100000000001001000000001110000000111000001011110101000000110010000000110110000000000111110101110110000000110101111001001100000000110111110100001011001010000000001101
110010000000110111110100110001000000001000000000110101000000001010001100110100000000001011000000110110000000001110001000111001000000001010110101110100000000110100001001111001001011001100110111
001100000000110100001101111001000000001011000000001010000000001100001001001111000000110100000000110100000000110110001001001111000000001011000111110111000000001001001000001011001100110100001110
111000000000001011001001111000000000111001000000001110000000110111110100000111000000110001000000110111000000110101110100001010000000001100110100001011000000001000001010111001110101110111110100
110100000000001110001100001111000000110100000000001000000000110100001001111000000000111001000000110011000000111001001010001010000000110101001101110100000000110110110100001100110101001100001011
110100000000110011110100001110000000110110000000110110000000110101111000001111000000111000000000001011000000110110110110110100000000110101110101110100000000110100110111110011110100001011001010
110110000000001001110101110111000000001010000000110010000000001010001010001110000000001111000000001011000000001111110100001001000000001100110100110100000000110111001100001011110111001110001101
110011000000000111001010001010000000110101000000110100000000001010110100110111000000110010000000001011000000001010001011110011000000001001110111001001000000001100001011110100110011110011001010
001011000000110100001101110111000000110100000000110100000000110100110111110110000000001001000000110110000000001011001100110101000000001101001100110111000000001011001010001001001011110111110101
110100000000111000001010110110000000001000000000001001000000110101001100001001000000001010000000110110000000001100001011001011000000110101110111001000000000110110110101001100001011111001001101
001011000000110111001011110111000000110111000000110101000000110101110101001010000000110111000000001011000000110011110101110101000000001011001000110101000000001011110100001001110100001011110101
110101000000110100001101110011000000000111000000110100000000110100001010001001000000110110000000001100000000110111001110001010000000110100110110111001000000110100001011001000001101111000111000
110010000000110110110101001100000000110010000000001100000000001001001011001101000000001001000000010000000000110010001011110100000000110011001100110100000000110101001011110110111001110111110110
001100000000110110111000001001000000000111000000001100000000001101110100001100000000001101000000110110000000001100000111001011000000111001001001001010000000001011001100110100110010001100110100
001010000000110100110110001100000000001011000000001001000000110101001011001010000000110100000000001011000000001011110101110100000000110010001100110110000000110100110111001001110110001010110100
001110000000110101001100110100000000110100000000110111000000110101110101110100000000001001000000110100000000001010111001010000000000001010001011001011000000110111001101110100110101110110110101
001011000000110100001100110110000000110100000000001000000000001100110100110100000000110100000000110110000000110011110110001010000000001011110110110100000000001101001011001011111001001100110011
110100000000110101001011001011000000110100000000001011000000001101110111110110000000110100000000110100000000110110110011001011000000111001001011111000000000001011001011001010001010001011001101
001111000000001011001101111000000000001011000000000111000000000111110011110101000000001010000000110110000000110101110101110100000000110101001100110111000000110111001100110101001111110100110110
111001000000110010001101110010000000110011000000001100000000110010001011111000000000001011000000001011000000001101110100110100110110001111001011111001000000110100110011001100110110110101111001
111000000000001011001010001010000000110111000000001010000000110110001011001110000000111000000000110110000000001011001001110100001100001010110101001110000000001101111001001010110100110101001110
001111000000111001000111000110000000110010000000110110000000001011001100110110000000110010000000110110000000001000110100110111001010110100001100111001000000111001110010110101110100110010110110
110010000000001011001110110100000000111000000000001011000000000111110011111010000000001010000000001010110100110110001001110100110101110100110111001011000000001110110110001100001101001011110110
001001000000111001110110110011000000110011000000001100000000110110111001001100000000000110000000001011001100001100111000110101110110001101110011110100000000001001001011110111001001000111001100
001010000000110100001010001011000000110011000000001000000000110001001110110011000000001100000000110111110111001100001010110010001010110111001011001100000000000111001011001101001110001011001001
001001000000110011110100001100000000110110000000001001000000001010110110001011000000001101000000110101001100001011001100110011001010110010110101001100000000001010111001110101110100000111110011
110110000000110101001001001001000000110100000000111001000000001100001011001100000000001011000000110101110101110011001001110111110101001100110100001011000000110001001010110101001011001100110110
001001000000110100110011001100000000001101000000110010000000110100111001110111000000001100000000110111001110110011110100000111110111110101110011001101000000110110001111001100001010110011001011
110011000000001001001011001100000000001001000000111001000000001101110110001100000000110111000000001100001101110110110101110101110101110110000111110111000000110100001010001101001101001011110101
110100000000110100110101001111000000110110000000001011000000001001001111110100000000110100000000001110001001111001001010111000110101001101001110001110000000110100110100111001110110001010001010
001001000000110111001011110110000000001010000000110100000000110010001010001111000000110100000000110100111001001110001011001001110111110110001010001000000000001101110100110010001011001001110100
110100000000001000110110110011000000001001000000001100000000110101001100001011000000001111000000001000110101001010001100001100110110001011110101001101000000110111001101110110110011001100001011
001100000000001010110100001100000000001100000000001100000000110101110100110011000000001011000000001100001000001001110101001010110010001101000111110011000000110010001001110101001011110111110100
001010000000001100110101111000000000110101000000001011000000001010001101110100000000110011000000110100110111001100001011110110110100001011001010001010000000001100110010000111111000111000010000
110101000000110111001100110111000000001001000000110011000000001101001001111000000000110100000000110110110100001001001100001100111000001000110001110100000000001011001100110110110110110110001010
111000000000110100110000001010000000110111000000001001000000110110001110110111000000111000000000001101001010110011110111001011110100110110110110001101000000110110110101001111110100110100110101
001110000000110101110110001010000000001100000000001110000000110101110100001010000000110111000000110101110110001011001101110100001100001100110100111000000000110011110110001010110100001001001100
110110000000001010110101110100000000110110000000111000000000110011110101110110000000001010000000110100110100001011110101001011110110001100001100001010000000110110110100110100001011110100001010
111010000000110101110100001100000000110111000000110011000000001011001010110100000000001010000000001011110101110101110101110101001101001011110011001010000000001011001010001100110011110101110100
001100000000110100110110110110000000110101000000110011000000001000110011001100000000110100000000110101001100001010110100001110110101110011110111001001000000110011001011110011110011110110110110
001101000000110101110100001110000000001010000000001010000000110110001010110110000000001100000000001110001010110100001101001011110100110011001110001100000000110101001101001001001010110101001011
110101000000110101001010110101000000110100000000110100000000110100001011001110000000001010000000001100001011001011000111111001001011001010001100001011000000001000001011001110111001001100001010
001100000000001100110101001010000000110100000000110011000000110100110011001011000000001110000000001010001110001100001110001011110101000111110101110111000000110110001000110100110010001011110110
110111000000110111110110001110000000110111000000001001000000110101110101110110000000110101000000001110110101010000001010000111001110110010110110001001000000110100110110001011110110110101001010
110100000000110011110110001000000000110101000000110110000000110011001000110010000000001010000000110101000111110110110101001100110100110110110011110100000000001100110100001010001010001100110101
110100000000110101001010001010000000110110000000110110000000110011110110111000000000110010000000001100001011110101000111001101001010110110001010001010000000001011001100001101110100110111001001
110001000000110101001011001110000000110110000000110111000000001010110100110110000000001000000000110001000111001100110110001011110010110100110101001001000000110011110101110110001001001101110101
110101000000001100110111001100000000001101000000001100000000000111110100001110000000001010000000111001001100001010110001001100110101001001110011001011000000001101110011110101001101110101001011
001101000000110011001011110100000000001101000000001011000000001110001011001100000000001110000000111000110011001100001010001001001100001101110101001010000000110110110011001101001011001011110111
001100000000111001110101110111000000110110000000110111000000110110001101110100000000001011000000110001001011110111110100110100110001110101111000110100000000111001001010110101110101110100001100
001100111000001110001001001011000000110111000000110111000000110110001101110111000000001100000000001110001100001011001100001001111001110101001010110100000000001110111001001000110101110011001110
001100001001001010001100110100000000001011000000001100000000110100001010001011000000110111000000110111001001110110110011001000111000001011110100001001000000110110110010110110110110111001001100
001001110110001011001110001100000000110001000000001010000000001001000111001100000000110101000000001010110100110110001001001010001111001010110100001011000000110110110110110100110100001110111000
001100110110111001110100110100000000110100000000110111000000001101110010001100000000001100000000001001001001110110001110110100110010110100001011110110000000001100110110110100001011001010110100
001011001100001010111000110111000000110011000000001011000000001011001010001100000000110100000000110110001000110101110100110111001001110101001101001010000000110111110100110101110100110101110100
001110110100001111001100110111000000110100000000110110000000001011110110110111000000001100000000110111110110110111110101110100001010110100110011110011000000110011001001001100110000111001001010
001101110110001010001100001000000000001001000000110100000000110101001100110111000000110111000000110011110100110101110110110101110111010000001010001101000000001011110011110011110110110110001101
001001110010110100001010110101000000111001000000001100000000001010001001001000000000110111000000110100110111110101001101110110001010110110111001110110000000001011001011001001110101110001001011
000111110101110100110011111001000000110011000000110111000000001100110011110101000000001000000000001001110100110111110110001011001001110101001110110111000000001011110101111001001100001010001100
001011001010110011110101001100000000001100000000110101000000110101110101000111000000110101000000110100001011110100110101110100001101110100001010110101000000110110110101110010110110001100001011
001000001110110111110100110110000000110111000000110110000000001100110101001100000000000111000000110100001010110010001101110101001100001010001010110001000000110100001010001010110100110100001011
001001001000110010001011001010000000000111000000110110000000110000110101110110000000110100000000001010110101110100110101110101110111110100001100110100000000001011110100001010001010001101110010
001100001010110100001011110110000000001011000000110011000000110110110110110110000000110110000000110101110100111000001000110100001100001010001001001101000000110100110101001100001011110111110100
001010001110110101001110001100000000110110000000110011000000001011110100110101000000001010000000001000001011110100001010001001001100001011110011001100000000010000001100001001001010001110001010
001010001100001010001100111000000000001101000000110110000000001100001011001100000000110101000000001110001011001100001100110011001010001010001011110111000000001010010000001101110110110100110010
001100110100110011001010110111000000110110000000110111000000110110001100001000000000001100110100110110001100110110110100110101001011110110001011111001000000110101001010001011110110110101110101
001011110111110110001110000111000000001011000000001011000000110100110000110111001100001000001100000110110111110011001011001011111000001010110101110100000000110100001011110101110101001010001100
001100001011110101001011110010110100110101000000110001000000110110110110111001001100110111110111110100001101001011110011001100110010110101110110110100000000110110110100110101110111110011110001
001011001100110011110100000111001010110101000000110100000000110101001011001110110111111001110100110011110101110100110011001101110110001001110100001001000000001100001010110110001011001010111001
110101001100110101110001110101110111110100000000001101000000001010110100111001110100001110110101001011001011110101110110000111000110110101001011111001000000001010001100001100110101110101111000
001110001100111000111001001100110100001011000000001100000000110111001010001011110101111001110011001100110100110110111001110010001100110101001100110101000000001011110110110100110111001101001111
110101110111110110111000001100001011001011000000001001000000110110110100110100001110110101110011110111001101001110001110001010110011001001110000110110000000110110001011110100001100001011110010
000111110111001100110001001100110010001001000000000111000000110101110110110100110011110100110111110100000111110100001010110101001011001100110110001101000000001010110110010000110010001000001001
001011111000110100110010001011001101001011000000110011000000001001001011110100001001001100000111001100110010110110110110000111110100001110110101110110000000110110110110110110110100001010001010
111001001011001011110111110011110111001010000000001100000000110101110110001011111001110100001011110001001010001110001100110110001001001100001100110111000000110101110110001011001000110100110111
110100000111110011110110110111000111001010000000001001000000001010110101110011110101001011111000001011001011110101001001110001110100111000110110110101000000001001110101110100001100110100110110
001101110100001101001001001110110101110011000000111001000000001010001001001001111000001101001001001101000111001100001101001010110100001100110100110101000000001011110111001010110100110101110111
001011001010110110001010111000001000110100000000001011000000110101001100110010110111110111110100110100110110001111110101001100110001110100110110001100000000110101001011110100110110001101110011
001100110110000111001001001101110111001101000000110110000000001001110010001000110100001110001010001011001111111001001011001100001011001010001011110101000000110111110101001010110011110011110100
110111001011110010110011001101001100001010000000001101000000110101110100110011110110111000001010001001001010001000110101001101001101001101110110110101000000001100110111110101001011110110110111
110100001100110110001100001010001010110111000000110110000000110101001000110011110110110011110100110110001100001111110110001001001100110101110110001010000000110010110100110110001100000111001100
110111001000110110001001001100110110001100000000110111000000110111001100001010110100001101110101110110001100001110001100001110001000110100110110110101000000001100110010001010001011001110110100
111000001001001100001100110011001100110110000000110101000000110100110100001011110101001010110100110100001101001001110101001100110111110101001011110110000000001000110100001010001011001010001010
001010000111001001001100001001001011110110000000110101000000001110001010110011110100110100001011110100110111001010110100110101110110001011110111001010000000110100111000001011001110110110001011
110100110010001101001010110110110100110111000000110100000000001100110011001001110101001101110101001010001110110111110000001010001010110010110101110011000000001100110100110111001100110100001000
110111000111110101001011110110110101001001000000110101000000001000110101001010110101001001001110001110001100110110110110110011001100110100001010001100000000001010001100110101001010001001001110
110100001011110101111000110111001011001100000000110101000000001100001100001010001110001010001011001011110101110111001011001001110100110110110111001101000000001101001010110101110010110011001010
001011110100110101110010110100001110001100000000001010000000001100001011110111110101001010111001001010001010001101110100001011001010110010001100110110000000001011001101001001110101110101111010
001010001100001010001010001011001011110111000000001011000000001010001011110100111001110111001011110010110011110100001010001101001110001011001110110111000000001100110101110100110100001011001100
001011001100110100000110001001111001110011000000110110000000110011001110001011001011110100000111001000110110110111110100110101001011001100110100001011000000001011001100001110110001110101001101
110100110101001011110100110111001011111001000000001010000000001011110100110111111001001011110100110110001011001100001010001000110110001111001000001010000000001011001011001100111001110110110111
110101001101001100001101001100111001001001000000001101000000001100110110110111110100110111110011001110110011110100001011001010001110000111110100001010000000110010110101001000111000001100110100
110101110111010000001011001010110100110100000000001100000000110101001110001100001101110111110101110100001011110110001010110100111000001000001100001001000000001100110010110100001111001011110111
110100001110110110110100110100110011001000000000001101000000110101001011110110110101110100110100110100111000110101001010110100001010001111110110001001000000001010001100001100001110110100110100
110111001000001011001001001011110101110010000000110110000000001110001100110111001100110110111000001001110110001000001010001011001110001110110011110100000000110010110110001010001001110000110100
110011001101110100110100001010001100110111000000110111000000110100001111110101001001001001110100001011001100001110110101110011001100110111110110001100000000001010110010001101110110001010001111
110101110011110110110100001100110111110101000000001100000000001010111001001010001100001011001001001100001100001010001001001101001100001010001100110111000000110100001011110101110111001011001011
001011110110001100110010001110001100000111000000110110000000110010111000001100110111001010111000001100110101000110110101001010001001110111110101001101000000110001110100110100001100110100110011
110100001100001010001011001001110111110111000000110110000000001011001111001100111000001100001010001100001101110100110101000111110101110110001011111001000000000111110001110101001001110110110100
001101001101001011001101110110001000110111000000001001000000001100001110001001001010110100001100001001110011001101110111001110110100001001001110110111000000111000111001110101001101110100001000
000111001001001010001100001010001010110011000000001001000000001111110111001011110100001001110111001001001010001011110100001010110100001101001100001100000000110001001000001110001100110110001001
001110001010110110001000110110001100001011000000001100000000111001001100110110110111110101110100001000111001110100110010001010110100110100001010001000000000001110001111001100001001001011001010
001010001010001010001001110011001001001010000000110100000000111000001001001010001011110110110101001011110010001001110100110100110111001001001110110010000000001001001110001010001100110110001010
110110110111001011001001001101110100110101000000001001000000001111001010110011001011110110001010111001110111110100111000001001001001001011001011110111000000001010110111001110110100001010001100
111001001011111000110110001010110101001100000000110011000000110010110111110011110110110011001011001100001010001100001100110011001000001100001100001011000000111000001010110101110110110110110100
110110001011110101110100001001110110001011000000111001000000001001001101001010001011001101110100001010001100001111110100110101110101001010001111111001000000110110001001110100001011110101001010
001111110111110101001100001011001011001101000000001001000000110110001100110111110100001010110101001010110111110101001010110101111001001011000111001001000000001001001010110001111000001001110010
110110110111110111001010001111001100110010000000001100001100001001001001001011110101001001001011001011110011110011110011110101110100111000111000110111000000001101110111111001001110001011110101
001100001100001100110010001100001011110010000000001000001100110110110100110001001011110101001100001100001011001100001011001010001011110010001011001101000000110100110011111000001010110101110110
110100110110110010001011001101001011001110000000110010110111110111110100110100001100110001110111001000001011001000110100001100001010110110001110001100000000110111001100001111111010110111001110
110011110111001100001010001100110100001010000000001001110100110011110110110011110111001100110011110111110101110111110101001011110101111010110111001010000000110100001001001110110100001100111000
110111110101111000110010001001001001001010000000001011001011110100110101110100001101001101001011111001001010110110110101001100110100110100110110001011000000001100001100110111001101110010001001
110010110110001100111000000111001101110011000000111001110010001001001000110111110101001100110101001110110100001010001110110000001000001101110111001100000000110110001100001010001011110100110010
001100110100001100001010110011110101001100000000110111001101001100110010111001001011110111001100000111110101110100001100001010110111001011001010001011000000110101110110001001001100001000110100
110101110100110110110010110100001011000111000000001001001001110100110110001101001100111001001101110101001100110100001010110101000111110100110111001101110100111000110101110110111000001100110100
001010110111001101001100001001001100001001000000110011000111110110000110110100001101110011111001110100010000001010110010001100001111110111110011001110001100001110111000110111001100110100001001
110011001011001011001100000111110011110110000000001100001011001011001100001001000111001100110010001100110110001110110101001010000111110100001100001110110111001001001110110011110100001010001011
001010001010110100110111110101111001001110000000110110001000111000110011000111110010110111001010001100110101110101110100110100001011001100110111110010110100000110001010001100110001110011110100
110101110101001011001011110111001100110111000000001011001001110010001011110101001010111001110101001011110100001010001111001010110100001111110100110110001011110100000110001001110101001011001100
110011110011001011110100001101001010001100000000110100110100001010001100110110110101001011111001001101001010110010000111110101001100110101110100110110110010001101110100110100110011110100001100
001011001101001110110100001010001011110100000000110101001010000110110111001101111001001010110110110111110100111000001000001010001100001101001010110011001101001011001101110100001100110101110111
111000001010110100001100110111111001110111000000001100110110110100001100001100001010001101110001110010110110110110110001110110110101110100110101001011001001110101001011110110111000001011001001
110110110111110110110111001011110110110101001100001110001100110011110100001001110001110110001010111000110101001110001110110110110011001000111000111001111001001001110100001011001001001110001000
001100001011110010001001110101110001110010001100001110001011110101110001110101110110001001001100110011001010001100001001001011110111001001110010110111001011110100001001111000001010110100110101
110100110001001011001000110110110110110011110111110010001100001100001011001011110100001011110100110011110110110100001010001001001110001010001010001010001000001100001100001110001010110110111001
110101110100001100001011110101110100001011110100001010110101001001110011110100110100110101001101110110110110110111110111001011001000110110111010110010110111110001001100001010110100110010110100
001101001101001111111001110101110100001010110101110110001011001100001011110101001101001100110111110100110101110101110110110101110011110100110100110111001100001011001111000110110100001011110110
110011110100111001110100110110001101110100110010001101001110001100001000001011110111001011110010001101110111110100110111001001110011001100001101001100110110110011110101001100110110110100001010
001010001001001000110110110101001001110110110011001100001011001111110111001010110010110101001100001001001011001100001101001100001010001010001011001100110110110100110011110011001110001111110101
111001000111110001110110001010110010110100001001000111000111001011110110110101001100001010001011110110001011001100110100001110001100001110001100001001001100001000001100001011001011000111110100
001110001101001110001011110110110100110100111001001001110101110011001010110110110101001011110110110110110111001001110111001100001101110101001001110101001011111000111000110100001010111000001000
001010110100110111110100001101001011001010110101110110000111001100110100001010110110001010110011110111001100110111110100001000110111110110110100001110001100110110001001001001110010110001110111
001010001001110110111000001100001001110101111000110010001100111000001100001101110011001010001010001100001110001000001100110100001010001110001100001101001011110110001010001100001000001110111001
001100000111001001110111110011001101110100110111110111001101001001110110110100001010110011001011110101001100110101110110110100001010001000110001001011110101001100001010110100110110001001001110
110111001011001010111001001010110110001100001100110100001011110110001110110011001011001100001101001001001000111001001011110110001001001010001011001010110010110100110100001111001110001010111001
001101110110110111001110001001110101111001110110110100110100110110001011110110001101110011110101001001001100110100001000110011110100001110110011110100001011110110001100001011110100110111110101
110101001101001101000111110100110011001011001010110111110111001100001010001001001010110110001000001100110100001010001110110101001011110100001100110110111001110011110110110011110100001010110100
001011001010001100001011001010110101110101001100001011001100110100001110110100111001110111110110110110001010110110001010110100110111110100001000001100001011001011110010110100001001110111110100
110101110111110111110100001010111000110100110101110010001001110110111000001010001010110100001100001001110011110101000110001011110111110111110111110100000111110110110101001000001011001101110100
001010001011110100110100001001110110111001110100110011111000110010001010110110110100110110001100001011001011110100001100110101001100001011001010110110110100110010001010110111110100110100110101
110100001011110100110100110111110100001101001011001011001010001011110010110111110100110110110101001010001100111000110011110010110110001100110110110101110011001000001110110110001100001001001101
110101110100110110110101001100001100110100110101001010001100001010001100110111001011001001110011110100110101001001110101001101001001001100110100110100110101110110111000001010110100001100110111
110100001011110101001101001100110101111001110010001100110111110010001100110100110011110111001101110100001011000111001100001010110101110100110100110100001100110010110110110100110111110100001110
010000110101001001001001001001110011110100001011001010110100001100110111001011110011001100110110110111001110001110110111110010110110110111110110000110001001001100110100110100001001110110001000
001010001010110100110010001101001101110010000111001100110101001010001011001001110110001100111001110101001100000111110100110101110100110111001110110101001100110100001100001001001000110101001101
001011001011001010001000111001110110110111110101110100110110001110001100001101000111110111001110001010110110001011110100110100110100001000110110001011110111110111001100110010110101111000110110
001100001010000110110011001001000111111000111001001010001011001100110100111001110011001101110110001010110010110100001111110010110111110101001010110100111000110101001001001011111001110010110110
001010001010001100001101110100001110110111001100001011110100001100001100110111001010000111110110110011110101001100001011111001110101111001001110000111110110110100001011001010110100110110001100
001100001101001101110110001000001010001001001101001100110101110111001001110100110110001001001100110011001100110100001101001000110110001100001000001101001100110100001100001110001010000110110011
001010110100001011110100110010110110001100001011001100001011110101110111001000110100110100001001001010110001001011110100110001110110001010110110110100001001110100110100001000001001001100001001
110101001101110100110011001001001100001010110100000111001100001100111000110010110111001000001101001001111001001101001000001110110011110110001110000111110100110111001100110110110101110011110110
001010110110110111001001001011001001001010001001110101001001110100110101110111001101110010001011001011001000001001001001001001001101110101001100001100110101110111001001001110110100110101001010
001010110111110100110110111001001101110110001100001011110011110100111001001011110101001001110101001111001111001110110110001010001010110100001100001110110110001000110111001100111000110100001001
110110001100110100110110001001001011110101001001110100110101001001001100111001001011001011001011110100110010111000110110001001001001001000001001110101001011110101001000001100110111001001001100
110101001010001111110111001001110101110101111000111001110101001001001010110111110101111001001010110011001001001101110100001010001011110111001011111000110100000111001011001001000111001100110101
110111001010110101001100110011001011000111001010001101001100001000001010001001001010001001110100001100001010110011110100001001001111111001001100110111001011001100000111001011110010110100001001
110101110111001101001011001100110110001010110100110100001101110101110101001101110100001001110101110111110111001010110110001101001100110010110100110111110101001010110100001100111001001111001001
001011001001001100001001110110001100110111110111000111111001111001001100001100001011110011001100111001001010110100001110110100110011111001110100110100001100110110110110001100001011110101001100
110111001100111000110111110101110101110100001100110100001110110100111000110110001100001100010000001101110111001101110101001001110100001011110111001010001001110101110110001100110100110011001010
001100001100001001001100001100001100110011001011001110110110001010110111110101010000110110001010001100001101110111001010001100110111110100110111001010001101001100110101110111001100001100110111
001110110111001010110110001011010000110101110110110101001011110110111001110100110110110101001011001001001100001010001110110100111001110100001000001010001011111000110100110111110100001000110101
110100110011110110001001001101110110001001110101001000000111110101001110001011001011110100001100111001001001110110111000110110001101110100110101110100001011001001111000001000110101110111110110
111000111001001100110101110010001011110110110100001001110110110100000111110011001100001011001001110101110100110111001010001011001100110101111001110101001100111001001001110101110011001010001100
110101110111001100110110110010001100001011001011110111001111111000001011110010110110110011001100110110110100001100110010111000110111001101110100111001110011001110111001111001001001001010110100
110100110100001010001100001110110110001011110101001100001010110111001100110010001100110010110110110011110110001011001100001110111001001001110110110110111001000111110010110100110010001100110111
110110001000110010110100110110001100001100001100001010001100000111110100001110001010110010110101001010110101001001001100001010001011110010001010001001110010001011111001110110111000001100110101
110011110010001011001001001010110110110100001001110110110100001110110100001010001011110010110110001001001000001001001001000110110110001000110101110100001010001100001011001010001101001010001100
001011110111110110001011110011001011001010001101110110001101000111001011110110001010001010001010110101001110001100001011110100110011001101110100110011001011110100110100001011110011110010001010
110100001011110010110110001100001010001010110101001011001001110101110011110011001010001010001010001011001010110110110100110011001010001101001000001011000111110100001100001100110110110101110011
110101111001111000110110000111001010110111001011001011001110001100001001110100110110110011001011110100111010110111001100001011001001001010110111001001001010001011001100111000110100001010001101
110101110111110110001101001001001010001100001100111001001100001100001110000111110101110100001001001011001100001011001100110100001011001100111001110110110001001101001011001001110011110010001010
001110110111110010110011110110110101001000001100110110110101001100001000001001001001111001001011001011110011001010001000001001001011001101110010110101001010001001110011111001001001111000001001
110100001101110100110110110010001001110010111001110111001010001010001101001010001011001001001011001010001011110100001001001100001100001001000111110101001100001110111000110010110110001010001011
110110001100110100110111110111001011001010001110110100001101110011110011110010110101001010110111001011110100001000110100110100110101110110110101110100001100111000110010111001110110110010001111
110010110110110111110101110100110101110010110110001101001010001001110110110111001001110010110100001010110111110101110111110001001011001010001100001100110011001101001000110101110111001100110100
110101001011001011110001001100110111001010110101001011001011001110110100110100110100001001110010110110110100111001001011110101110110110111110100001010110111001101001101001100001100001100001101
110100001100001100110100001001001100110100000111110111110011001000001101110100001110001100110100110011110100110100110110001101001011110100001100110110110010110110110011110100110101110111110100
110001110101001100001101110101110010001011001010110110001101110011110111110111110100110100111000110100001111110110110110110100110110110101110101110111001100110100001010110100001001110101001001
111001001101001100001100001110110100110111110001001011001000001101001010110101111000110111110100001101110101110110001101001000001010001001001101110100001011001100110100110101110111001101000111
111000001110001001110111110011111000001100001010110101001010110110001010001110110100001011110100110110110011001011110011001001001101001001110111001000001010001001001101001101110100110100001101
110001001110001001000111110101110100110110001100001100110100001100001001110011001100001110001010110111001100110100110110001010001100001100110010110010001101110110001001110111001010110100001100
001110110010111000001101110110001100110011001100110100001100001101110100110101110110110011110011110100001000001000110111001010001101110110001000110110001010001010001010110010001001110111001001
110111001010001011110100001100001010001010001101001010110101110111110101001010110011110101110101110110110111001001110101110100110110110111110011001110001011110111110110111000001011110111111001
001010001010000111001001001010001101001100110111110110001101110110001001110100001011110110110100001010110110000111001111110100110111110101001101001010001101110100110111110011001010001000110101
001001001101110100111001001100110101110110110010001001001101001010001001001010110100110100110101110111110110001110001100110110001100001010001010110100001011110101001100001101110100110101110110
110110001100001010001011001100110100110100001100001100001010110111110100110100001011110110110101110111110100111001110011110010110110001100001100110101111000001001001011001010110100000111110011
001001111001110110110110110111110101110100110101001000111001001100001010001100001011001100001110001100110100001011110100110101110110001100110011110111001010001001110111110100110111110100001010
001101001001001011001010110101001011110101110110001101110010110101110111001010001110001100001100001100110110001100001001001010110111110111110111001100001100110100110111001101110101110110001001
110100001010001100001010001100001110001100001101001010001010001001110101001011001100110110001010110111110010110100111001110010110111001011110110001011001100110110001100110111001001001010001011
001001110010111000110111001100001100110011110110110010001010110111110110110100001010001011110010001101110101110100110011001000110100001010001010110011001011001001110110110111001010110101001011
110100001001001001001011111001001010001011001011001010001100110100001100001100110010001100110101111001110110110101001100001010110100110110110111001010110011110101001001001010001101001100110100
110100001100000111110101001011001110110100001101110100001001110110001100000111001011110100110100110111001110001101001001001110110111001101110100110100001101001010001011001001001101001011111000
110110110100110010110100110101110101110110001011001011001101001001110111001011001100000111001111110100001000110111000111110100001101001101001010001010001010001100110110110100110110001011001001
110101001001111001110101001100001100001111111000110111110101110101001011001011110001110101000111111000001010001110110101110100111001110110110111110100000111110100001100110101110111001010111001
111000110101110101110101111001110001001011001010001100110101110110001010110100111001001011001000110010001110111000001010110111001001110111110111110100001110110111110100110111110101001011001110
110010001110001100110110110011000111001010001100110101001011110100110110111001001000110100001111110111110100110011110011001011001100001011110100110101001010001011001001001001001111001001000111
110110110011110100001011110100111000000111110100001101001010110100001101001101110001111001001110110101001100110011001010110100001000001111001010110100001010110110110101001100001100001010110101
000110001011001100110110000111110001110101001011001010001100001001001101001100001110110011110111111001001001001010001001001100110010001100001001001101110100001010001010001010001101001101001100
001100110110001011001010001100001110110100001101001100001011110101110110111001110111001100110110110111001011001100110101110100001001110011001011001011110111001101001010110111001100001100110100
001101001100110011110011110010001001001010110011110110001100001010001001110100001010111001110111110111001100110011001011001001110101001100110110110100110011110011110011110101001001001101110100
110101110110001001001100001011001010110110110110110100110000110110001011110010110111110100001010001101110100001001001100110111111001110111110100110110001011001010110011110110000111110110110101
110100001100110010110011111000001001110011000111001100001010001101110001001011110110001110110111110100001100001010001011111000110111111001001100110001001011110111110110110100110011110111001101
110111001100001000110110001001110110001110001011001011001011110011110100111000001001110101110011001010001001110110110101001011110111001101111000001011110101001011110111110100001100110100001001
001100110110001101001001110111001001001010001010001100110100001010110011001001110011111000001100110101110111001001001010111001001101110100110101110110110110001111110101001001110111001010110010
110100110101110011110100001100001101110110001001110011001010001001110100001001001100110111001001110100111000001100001011110100001100110111001010111001110100110100110101001011000111110110111000
001111001100110110001010110110110100001100001010110101001100110101110111001100001001001001001100110101110101110101110110001010001010000111001010110101110101110011001100110110110101001001110011
110101001100001100001010110110110111001001001110110100110110001111000111001010001100110100001100110011111001110111001010110110001011110101001101001100001100001100110011110110001010110111001101
001110001100001101110111001010001100001101110011110110110100001100110011110110001100110110110110110010110100001011001101001011110100110110110011001010001100001001110100001101001101001100001010
110100001011110111001001110101001100110101001100001111110110110011001100110110001010001010001011001110110110001100110100110100001011110111110011110110110110111001110111110011001010110100001100
111000001011001010110100110101001010001011110100001011001010110100110111001011001011110110111010001110110110001010001101111000001101110111110110110011110101110011000111110110110111110111001101
001001110100001010001100111001110110001010110100110110001010110111111001110101001000110101110010110110001011110111001010111000110010001010110111110101110100110100110011111000110110001101110111
110110000111110111001001001010001000110110110100111001110101111001001011111001110010110101001010110110110100001011001001111001001110001111110101001010001010001001110100001011001011000111110110
001010110011001100110011110111110010001100001111110101110111110011110110001010110110111001111010110011001000001010001100110010001110001100001011001001110100111001001001110001110100110111001010
001100001100110101111001001100110110110101110110110100110101001100110011110111000110110110001100110100110111001100110110000111001010001101110100110110001011001011000111001100110101001100001001
110100111001110111110111110011111010110100001101001010001011110111001010110100001100110111001101111001111001110100110110001011110110001100001011001100001011001010110101110011110101001000001100
001010110100110100001001110101001100110000001011110110110111000111110111110011001101110100001011110111001110110111001001110100001101001001110101110011110110110011110110110100001010001110001011
001110001110001000110100001001001101110110110111001101110100001011001011110101001011110011001100110110111001001011001001001100110100000111110110001100001010110110001101110111110101110111001001
001011001011001110001010110110001011110101110101110101110010110110110101001001110100110111001011001101001011110110001100110101000111110011001011110100001010110111110110111001110110110101001001
110110111000110111110111001011001100110100110111110110001100110011110100110110001001001100110111001001110100001010001100001011110111110100110110110100001011110101001001110011110110000111110100
001110001001110101110111001011110111110110110100001001001000001010001010110101001100001100001010110100001100001101001001110011110110110111110110110100001001110101110101001100110011110111001001
111000110111111001001010110100110100110100001001110110110100110111001011001011001100001111001011001100110100110011110011001001001110111001001101001111001011001100110101110111110100110111110111
110110001100001001110100001100001100001010110101110100001100001011001010001100001111110101110101110111001011110110111001110010110111110101001100001010110101001011110100111001110011001101001011
110010110110110111001100110110110001001011001011110011110110110101001011001100110101110011110100001011110011110111001001001000001100001010110011110011001001001011001011110101110110001100110110
001100110110110011110111110110110101001010001101001100001101110100110110110110001101110100110100110010001001001011001100110011001100110011001010110101001100001010001011110110001001110110001100
001100001010001100001011110111110011001010110101110100001011110101110110001010001100111000110110001101001110110001001000110011001001110110001001001001110010110101001010001101001100001011110100
001001110101110110110110001100110100110110110100110100110100001011110011001001111000001001110110110101001000110100001110001010001011110111001100001011110100001010110101110110001010110100001001
