000000000000000000000000000000000000000000000000000000000000000000000000000000000000000000000000000000000000000000000000000000000000000000000000000000000000000000000000000000000000000000000000
000000000000000000000000000000000000000000000000000000000000000000000000000000000000000000000000000000000000000000000000000000000000000000000000000000000000000000000000000000000000000000000000
000000000000000000000000000000000000000000000000000000000000000000000000000000000000000000000000000000000000000000000000000000000000000000000000000000000000000000000000000000000000000000000000
000000000000000000000000000000000000000000000000000000000000000000000000000000000000000000000000000000000000000000000000000000000000000000000000000000000000000000000000000000000000000000000000
000000000000000000000000000000000000000000000000000000000000000000000000000000000000000000000000000000000000000000000000000000000000000000000000000000000000000000000000000000000000000000000000
000000000000000000000000000000000000000000000000000000000000000000000000000000000000000000000000000000000000000000000000000000000000000000000000000000000000000000000000000000000000000000000000
000000000000000000000000000000000000000000000000000000000000000000000000000000000000000000000000000000000000000000000000000000000000000000000000000000000000000000000000000000000000000000000000
000000000000000000000000000000000000000000000000000000000000000000000000000000000000000000000000000000000000000000000000000000000000000000000000000000000000000000000000000000000000000000000000
000000000000000000000000000000000000000000000000000000000000000000000000000000000000000000000000000000000000000000000000000000000000000000000000000000000000000000000000000000000000000000000000
000000000000000000000000000000000000000000000000000000000000000000000000000000000000000000000000000000000000000000000000000000000000000000000000000000000000000000000000000000000000000000000000
000000000000000000000000000000000000000000000000000000000000000000000000000000000000000000000000000000000000000000000000000000000000000000000000000000000000000000000000000000000000000000000000
000000000000000000000000000000000000000000000000000000000000000000000000000000000000000000000000000000000000000000000000000000000000000000000000000000000000000000000000000000000000000000000000
000000000000000000000000000000000000000000000000000000000000000000000000000000000000000000000000000000000000000000000000000000000000000000000000000000000000000000000000000000000000000000000000
000000000000000000000000000000000000000000000000000000000000000000000000000000000000000000000000000000000000000000000000000000000000000000000000000000000000000000000000000000000000000000000000
000000000000000000000000000000000000000000000000000000000000000000000000000000000000000000000000000000000000000000000000000000000000000000000000000000000000000000000000000000000000000000000000
000000000000000000000000000000000000000000000000000000000000000000000000000000000000000000000000000000000000000000000000000000000000000000000000000000000000000000000000000000000000000000000000
000000000000000000000000000000000000000000000000000000000000000000000000000000000000000000000000000000000000000000000000000000000000000000000000000000000000000000000000000000000000000000000000
000000000000000000000000000000000000000000000000000000000000000000000000000000000000000000000000000000000000000000000000000000000000000000000000000000000000000000000000000000000000000000000000
000000000000000000000000000000000000000000000000000000000000000000000000000000000000000000000000000000000000000000000000000000000000000000000000000000000000000000000000000000000000000000000000
000000000000000000000000000000000000000000000000000000000000000000000000000000000000000000000000000000000000000000000000000000000000000000000000000000000000000000000000000000000000000000000000
000000000000000000000000000000000000000000000000000000000000000000000000000000000000000000000000000000000000000000000000000000000000000000000000000000000000000000000000000000000000000000000000
000000000000000000000000000000000000000000000000000000000000000000000000000000000000000000000000000000000000000000000000000000000000000000000000000000000000000000000000000000000000000000000000
000000000000000000000000000000000000000000000000000000000000000000000000000000000000000000000000000000000000000000000000000000000000000000000000000000000000000000000000000000000000000000000000
000000000000000000000000000000000000000000000000000000000000000000000000000000000000000000000000000000000000000000000000000000000000000000000000000000000000000000000000000000000000000000000000
000000000000000000000000000000000000000000000000000000000000000000000000000000000000000000000000000000000000000000000000000000000000000000000000000000000000000000000000000000000000000000000000
000000000000000000000000000000000000000000000000000000000000000000000000000000000000000000000000000000000000000000000000000000000000000000000000000000000000000000000000000000000000000000000000
000000000000000000000000000000000000000000000000000000000000000000000000000000000000000000000000000000000000000000000000000000000000000000000000000000000000000000000000000000000000000000000000
000000000000000000000000000000000000000000000000000000000000000000000000000000000000000000000000000000000000000000000000000000000000000000000000000000000000000000000000000000000000000000000000
000000000000000000000000000000000000000000000000000000000000000000000000000000000000000000000000000000000000000000000000000000000000000000000000000000000000000000000000000000000000000000000000
000000000000000000000000000000000000000000000000000000000000000000000000000000000000000000000000000000000000000000000000000000000000000000000000000000000000000000000000000000000000000000000000
000000000000000000000000000000000000000000000000000000000000000000000000000000000000000000000000000000000000000000000000000000000000000000000000000000000000000000000000000000000000000000000000
000000000000000000000000000000000000000000000000000000000000000000000000000000000000000000000000000000000000000000000000000000000000000000000000000000000000000000000000000000000000000000000000
000000000000000000000000000000000000000000000000000000000000000000000000000000000000000000000000000000000000000000000000000000000000000000000000000000000000000000000000000000000000000000000000
000000000000000000000000000000000000000000000000000000000000000000000000000000000000000000000000000000000000000000000000000000000000000000000000000000000000000000000000000000000000000000000000
000000000000000000000000000000000000000000000000000000000000000000000000000000000000000000000000000000000000000000000000000000000000000000000000000000000000000000000000000000000000000000000000
000000000000000000000000000000000000000000000000000000000000000000000000000000000000000000000000000000000000000000000000000000000000000000000000000000000000000000000000000000000000000000000000
000000000000000000000000000000000000000000000000000000000000000000000000000000000000000000000000000000000000000000000000000000000000000000000000000000000000000000000000000000000000000000000000
000000000000000000000000000000000000000000000000000000000000000000000000000000000000000000000000000000000000000000000000000000000000000000000000000000000000000000000000000000000000000000000000
000000000000000000000000000000000000000000000000000000000000000000000000000000000000000000000000000000000000000000000000000000000000000000000000000000000000000000000000000000000000000000000000
000000000000000000000000000000000000000000000000000000000000000000000000000000000000000000000000000000000000000000000000000000000000000000000000000000000000000000000000000000000000000000000000
000000000000000000000000000000000000000000000000000000000000000000000000000000000000000000000000000000000000000000000000000000000000000000000000000000000000000000000000000000000000000000000000
000000000000000000000000000000000000000000000000000000000000000000000000000000000000000000000000000000000000000000000000000000000000000000000000000000000000000000000000000000000000000000000000
000000000000000000000000000000000000000000000000000000000000000000000000000000000000000000000000000000000000000000000000000000000000000000000000000000000000000000000000000000000000000000000000
000000000000000000000000000000000000000000000000000000000000000000000000000000000000000000000000000000000000000000000000000000000000000000000000000000000000000000000000000000000000000000000000
000000000000000000000000000000000000000000000000000000000000000000000000000000000000000000000000000000000000000000000000000000000000000000000000000000000000000000000000000000000000000000000000
000000000000000000000000000000000000000000000000000000000000000000000000000000000000000000000000000000000000000000000000000000000000000000000000000000000000000000000000000000000000000000000000
000000000000000000000000000000000000000000000000000000000000000000000000000000000000000000000000000000000000000000000000000000000000000000000000000000000000000000000000000000000000000000000000
000000000000000000000000000000000000000000000000000000000000000000000000000000000000000000000000000000000000000000000000000000000000000000000000000000000000000000000000000000000000000000000000
000000000000000000000000000000000000000000000000000000000000000000000000000000000000000000000000000000000000000000000000000000000000000000000000000000000000000000000000000000000000000000000000
000000000000000000000000000000000000000000000000000000000000000000000000000000000000000000000000000000000000000000000000000000000000000000000000000000000000000000000000000000000000000000000000
000000000000000000000000000000000000000000000000000000000000000000000000000000000000000000000000000000000000000000000000000000000000000000000000000000000000000000000000000000000000000000000000
000000000000000000000000000000000000000000000000000000000000000000000000000000000000000000000000000000000000000000000000000000000000000000000000000000000000000000000000000000000000000000000000
000000000000000000000000000000000000000000000000000000000000000000000000000000000000000000000000000000000000000000000000000000000000000000000000000000000000000000000000000000000000000000000000
000000000000000000000000000000000000000000000000000000000000000000000000000000000000000000000000000000000000000000000000000000000000000000000000000000000000000000000000000000000000000000000000
000000000000000000000000000000000000000000000000000000000000000000000000000000000000000000000000000000000000000000000000000000000000000000000000000000000000000000000000000000000000000000000000
000000000000000000000000000000000000000000000000000000000000000000000000000000000000000000000000000000000000000000000000000000000000000000000000000000000000000000000000000000000000000000000000
000000000000000000000000000000000000000000000000000000000000000000000000000000000000000000000000000000000000000000000000000000000000000000000000000000000000000000000000000000000000000000000000
000000000000000000000000000000000000000000000000000000000000000000000000000000000000000000000000000000000000000000000000000000000000000000000000000000000000000000000000000000000000000000000000
000000000000000000000000000000000000000000000000000000000000000000000000000000000000000000000000000000000000000000000000000000000000000000000000000000000000000000000000000000000000000000000000
000000000000000000000000000000000000000000000000000000000000000000000000000000000000000000000000000000000000000000000000000000000000000000000000000000000000000000000000000000000000000000000000
000000000000000000000000000000000000000000000000000000000000000000000000000000000000000000000000000000000000000000000000000000000000000000000000000000000000000000000000000000000000000000000000
000000000000000000000000000000000000000000000000000000000000000000000000000000000000000000000000000000000000000000000000000000000000000000000000000000000000000000000000000000000000000000000000
000000000000000000000000000000000000000000000000000000000000000000000000000000000000000000000000000000000000000000000000000000000000000000000000000000000000000000000000000000000000000000000000
000000000000000000000000000000000000000000000000000000000000000000000000000000000000000000000000000000000000000000000000000000000000000000000000000000000000000000000000000000000000000000000000
000000000000000000000000000000000000000000000000000000000000000000000000000000000000000000000000000000000000000000000000000000000000000000000000000000000000000000000000000000000000000000000000
000000000000000000000000000000000000000000000000000000000000000000000000000000000000000000000000000000000000000000000000000000000000000000000000000000000000000000000000000000000000000000000000
000000000000000000000000000000000000000000000000000000000000000000000000000000000000000000000000000000000000000000000000000000000000000000000000000000000000000000000000000000000000000000000000
000000000000000000000000000000000000000000000000000000000000000000000000000000000000000000000000000000000000000000000000000000000000000000000000000000000000000000000000000000000000000000000000
000000000000000000000000000000000000000000000000000000000000000000000000000000000000000000000000000000000000000000000000000000000000000000000000000000000000000000000000000000000000000000000000
000000000000000000000000000000000000000000000000000000000000000000000000000000000000000000000000000000000000000000000000000000000000000000000000000000000000000000000000000000000000000000000000
000000000000000000000000000000000000000000000000000000000000000000000000000000000000000000000000000000000000000000000000000000000000000000000000000000000000000000000000000000000000000000000000
000000000000000000000000000000000000000000000000000000000000000000000000000000000000000000000000000000000000000000000000000000000000000000000000000000000000000000000000000000000000000000000000
000000000000000000000000000000000000000000000000000000000000000000000000000000000000000000000000000000000000000000000000000000000000000000000000000000000000000000000000000000000000000000000000
000000000000000000000000000000000000000000000000000000000000000000000000000000000000000000000000000000000000000000000000000000000000000000000000000000000000000000000000000000000000000000000000
000000000000000000000000000000000000000000000000000000000000000000000000000000000000000000000000000000000000000000000000000000000000000000000000000000000000000000000000000000000000000000000000
000000000000000000000000000000000000000000000000000000000000000000000000000000000000000000000000000000000000000000000000000000000000000000000000000000000000000000000000000000000000000000000000
000000000000000000000000000000000000000000000000000000000000000000000000000000000000000000000000000000000000000000000000000000000000000000000000000000000000000000000000000000000000000000000000
000000000000000000000000000000000000000000000000000000000000000000000000000000000000000000000000000000000000000000000000000000000000000000000000000000000000000000000000000000000000000000000000
000000000000000000000000000000000000000000000000000000000000000000000000000000000000000000000000000000000000000000000000000000000000000000000000000000000000000000000000000000000000000000000000
000000000000000000000000000000000000000000000000000000000000000000000000000000000000000000000000000000000000000000000000000000000000000000000000000000000000000000000000000000000000000000000000
000000000000000000000000000000000000000000000000000000000000000000000000000000000000000000000000000000000000000000000000000000000000000000000000000000000000000000000000000000000000000000000000
000000000000000000000000000000000000000000000000000000000000000000000000000000000000000000000000000000000000000000000000000000000000000000000000000000000000000000000000000000000000000000000000
000000000000000000000000000000000000000000000000000000000000000000000000000000000000000000000000000000000000000000000000000000000000000000000000000000000000000000000000000000000000000000000000
000000000000000000000000000000000000000000000000000000000000000000000000000000000000000000000000000000000000000000000000000000000000000000000000000000000000000000000000000000000000000000000000
000000000000000000000000000000000000000000000000000000000000000000000000000000000000000000000000000000000000000000000000000000000000000000000000000000000000000000000000000000000000000000000000
000000000000000000000000000000000000000000000000000000000000000000000000000000000000000000000000000000000000000000000000000000000000000000000000000000000000000000000000000000000000000000000000
000000000000000000000000000000000000000000000000000000000000000000000000000000000000000000000000000000000000000000000000000000000000000000000000000000000000000000000000000000000000000000000000
000000000000000000000000000000000000000000000000000000000000000000000000000000000000000000000000000000000000000000000000000000000000000000000000000000000000000000000000000000000000000000000000
000000000000000000000000000000000000000000000000000000000000000000000000000000000000000000000000000000000000000000000000000000000000000000000000000000000000000000000000000000000000000000000000
000000000000000000000000000000000000000000000000000000000000000000000000000000000000000000000000000000000000000000000000000000000000000000000000000000000000000000000000000000000000000000000000
000000000000000000000000000000000000000000000000000000000000000000000000000000000000000000000000000000000000000000000000000000000000000000000000000000000000000000000000000000000000000000000000
000000000000000000000000000000000000000000000000000000000000000000000000000000000000000000000000000000000000000000000000000000000000000000000000000000000000000000000000000000000000000000000000
000000000000000000000000000000000000000000000000000000000000000000000000000000000000000000000000000000000000000000000000000000000000000000000000000000000000000000000000000000000000000000000000
000000000000000000000000000000000000000000000000000000000000000000000000000000000000000000000000000000000000000000000000000000000000000000000000000000000000000000000000000000000000000000000000
000000000000000000000000000000000000000000000000000000000000000000000000000000000000000000000000000000000000000000000000000000000000000000000000000000000000000000000000000000000000000000000000
000000000000000000000000000000000000000000000000000000000000000000000000000000000000000000000000000000000000000000000000000000000000000000000000000000000000000000000000000000000000000000000000
000000000000000000000000000000000000000000000000000000000000000000000000000000000000000000000000000000000000000000000000000000000000000000000000000000000000000000000000000000000000000000000000
000000000000000000000000000000000000000000000000000000000000000000000000000000000000000000000000000000000000000000000000000000000000000000000000000000000000000000000000000000000000000000000000
000000000000000000000000000000000000000000000000000000000000000000000000000000000000000000000000000000000000000000000000000000000000000000000000000000000000000000000000000000000000000000000000
000000000000000000000000000000000000000000000000000000000000000000000000000000000000000000000000000000000000000000000000000000000000000000000000000000000000000000000000000000000000000000000000
000000000000000000000000000000000000000000000000000000000000000000000000000000000000000000000000000000000000000000000000000000000000000000000000000000000000000000000000000000000000000000000000
000000000000000000000000000000000000000000000000000000000000000000000000000000000000000000000000000000000000000000000000000000000000000000000000000000000000000000000000000000000000000000000000
000000000000000000000000000000000000000000000000000000000000000000000000000000000000000000000000000000000000000000000000000000000000000000000000000000000000000000000000000000000000000000000000
000000000000000000000000000000000000000000000000000000000000000000000000000000000000000000000000000000000000000000000000000000000000000000000000000000000000000000000000000000000000000000000000
000000000000000000000000000000000000000000000000000000000000000000000000000000000000000000000000000000000000000000000000000000000000000000000000000000000000000000000000000000000000000000000000
000000000000000000000000000000000000000000000000000000000000000000000000000000000000000000000000000000000000000000000000000000000000000000000000000000000000000000000000000000000000000000000000
000000000000000000000000000000000000000000000000000000000000000000000000000000000000000000000000000000000000000000000000000000000000000000000000000000000000000000000011000000000000000000000000
000000000000000000000000000000000000000000000000000000000000000000000000000000000000000000000000000000000000000000000000000000000000000000000000000000000000000000111101000000000000000000000000
000000000000000000000000000000000000000000000000000000000000000000000000000000000000000000000000000000000000000000000000000000000000000000000000000000000000000000111110000000000000000000000000
000000000000000000000000000000000000000000000000000000000000000000000000000000000000000000000000000000000000000000000000000000000000000000000000000000000000000000000011000000000000000000000000
000000000000000000000000000000000000000000000000000000000000000000000000000000000000000000000000000000000000000000000000000000000000000000000000000000000000000000111101000000000000000000000000
000000000000000000000000000000000000000000000000000000000000000000000000000000000000000000000000000000000000000000000000000000000000000000000000000000000000000000111101000000000000000000000000
000000000000000000000000000000000000000000000000000000000000000000000000000000000000000000000000000000000000000000000000000000000000000000000000000000000000000000111100000000000000000000000000
000000000000000000000000000000000000000000000000000000000000000000000000000000000000000000000000000000000000000000000000000000000000000000000000000000000000000000000101000000000000000000000000
000000000000000000000000000000000000000000000000000000000000000000000000000000000000000000000000000000000000000000000000000000000000000000000000000000000000000000000100000000000000000000000000
000000000000000000000000000000000000000000000000000000000000000000000000000000000000000000000000000000000000000000000000000000000000000000000000000000000000000000111110000000000000000000000000
000000000000000000000000000000000000000000000000000000000000000000000000000000000000000000000000000000000000000000000000000000000000000000000000000000000000000000111111000000000000000000000000
000000000000000000000000000000000000000000000000000000000000000000000000000000000000000000000000000000000000000000000000000000000000000000000000000000000000000000111101000000000000000000000000
000000000000000000000000000000000000000000000000000000000000000000000000000000000000000000000000000000000000000000000000000000000000000000000000000000000000000000000011000000000000000000000000
000000000000000000000000000000000000000000000000000000000000000000000000000000000000000000000000000000000000000000000000000000000000000000000000000000000000000000111100000000000000000000000000
000000000000000000000000000000000000000000000000000000000000000000000000000000000000000000000000000000000000000000000000000000000000000000000000000000000000000000000001000000000000000000000000
000000000000000000000000000000000000000000000000000000000000000000000000000000000000000000000000000000000000000000000000000000000000000000000000000000000000000000000001000000000000000000000000
000000000000000000000000000000000000000000000000000000000000000000000000000000000000000000000000000000000000000000000000000000000000000000000000000000000000000000000010000000000000000000000000
000000000000000000000000000000000000000000000000000000000000000000000000000000000000000000000000000000000000000000000000000000000000000000000000000000000000000000000000000000000000000000000000
000000000000000000000000000000000000000000000000000000000000000000000000000000000000000000000000000000000000000000000000000000000000000000000000000000000000000000000000000000000000000000000000
000000000000000000000000000000000000000000000000000000000000000000000000000000000000000000000000000000000000000000000000000000000000000000000000000000000000000000000110000000000000000000000000
000000000000000000000000000000000000000000000000000000000000000000000000000000000000000000000000000000000000000000000000000000000000000000000000000000000000000000000010000000000000000000000000
000000000000000000000000000000000000000000000000000000000000000000000000000000000000000000000000000000000000000000000000000000000000000000000000000000000000000000000000000000000000000000000000
000000000000000000000000000000000000000000000000000000000000000000000000000000000000000000000000000000000000000000000000000000000000000000000000000000000000000000111101000000000000000000000000
000000000000000000000000000000000000000000000000000000000000000000000000000000000000000000000000000000000000000000000000000000000000000000000000000000000000000000000101000000000000000000000000
000000000000000000000000000000000000000000000000000000000000000000000000000000000000000000000000000000000000000000000000000000000000000000000000000000000000000000000010000000000000000000000000
000000000000000000000000000000000000000000000000000000000000000000000000000000000000000000000000000000000000000000000000000000000000000000000000000000000000000000000000000000000000000000000000
000000000000000000000000000000000000000000000000000000000000000000000000000000000000000000000000000000000000000000000000000000000000000000000000000000000000000000111111000000000000000000000000
000000000000000000000000000000000000000000000000000000000000000000000000000000000000000000000000000000000000000000000000000000000000000000000000000000000000000000000000000000000000000000000000
000000000000000000000000000000000000000000000000000000000000000000000000000000000000000000000000000000000000000000000000000000000000000000000000000000000000000000000011000000000000000000000000
000000000000000000000000000000000000000000000000000000000000000000000000000000000000000000000000000000000000000000000000000000000000000000000000000000000000000000000010000000000000000000000000
000000000000000000000000000000000000000000000000000000000000000000000000000000000000000000000000000000000000000000000000000000000000000000000000000000000000000000000101000000000000000000000000
000000000000000000000000000000000000000000000000000000000000000000000000000000000000000000000000000000000000000000000000000000000000000000000000000000000000000000111110000000000000000000000000
000000000000000000000000000000000000000000000000000000000000000000000000000000000000000000000000000000000000000000000000000000000000000000000000000000000000000000000000000000000000000000000000
000011000000000000000000000000000000000000000000000000000000000000000000000000000000000000000000000000000000000000000000000000000000000000000000000000000000000000000010000000000000000000000000
111101000000000000000000000000000000000000000000000000000000000000000000000000000000000000000000000000000000000000000000000000000000000000000000000000000000000000000010000000000000000000000000
000010000000000000000000000000000000000000000000000000000000000000000000000000000000000000000000000000000000000000000000000000000000000000000000000000000000000000000011000000000000000000000000
000011000000000000000000000000000000000000000000000000000000000000000000000000000000000000000000000000000000000000000000000000000000000000000000000000000000000000111110000000000000000000000000
111101000000000000000000000000000000000000000000000000000000000000000000000000000000000000000000000000000000000000000000000000000000000000000000000000000000000000111101000000000000000000000000
111110000000000000000000000000000000000000000000000000000000000000000000000000000000000000000000000000000000000000000000000000000000000000000000000000000000000000111110000000000000000000000000
111100000000000000000000000000000000000000000000000000000000000000000000000000000000000000000000000000000000000000000000000000000000000000000000000000000000000000111100000000000000000000000000
111011000000000000000000000000000000000000000000000000000000000000000000000000000000000000000000000000000000000000000000000000000000000000000000000000000000000000000010000000000000000000000000
000100000000000000000000000000000000000000000000000000000000000000000000000000000000000000000000000000000000000000000000000000000000000000000000000000000000000011000000000000000000000000000000
111110000000000000000000000000000000000000000000000000000000000000000000000000000000000000000000000000000000000000000000000000000000000000000000000000000000000011000000000000000000000000000000
000001000000000000000000000000000000000000000000000000000000000000000000000000000000000000000000000000000000000000000011000000000000000000000000000000000000111101000000000000000000000000000000
000011000000000000000000000000000000000000000000000000000000000000000000000000000000000000000000000000000000000000000011000000000000000000000000000000000000111110000000000000000000000000000000
111101000000000000000000000000000000000000000000000000000000000000000000000000000000000000000000000000000000000000111111000000000000000000000000000000000000111110000000000000000000000000000000
111100000000000000000000000000000000000000000000000000000000000000000000000000000000000000000000000000000000000000111101000000000000000000000000000000000000111101000000000000000000000000000000
111111000000000000000000000000000000000000000000000000000000000000000000000000000000000000000000000000000000000000111101000000000000000000000000000000000000000100000000000000000000000000000000
111111000000000000000000000000000000000000000000000000000000000000000000000000000000000000000000000000000000000000000011000000000000000000000000000000000000111101000000000000000000000000000000
111110000000000000000000000000000000000000000000000000000000000000000000000000000000000000000000000000000000000000000100000000000000000000000000000000000000111101000000000000000000000000000000
000000000000000000000000000000000000000000000000000000000000000000000000000000000000000000000000000000000000000000000101000000000000000000000000000000000000000001000000000000000000000000000000
000000000000000000000000000000000000000000000000000000000000000000000000000000000000000000000000000000111101000000111100000000000000000000000000000000000000000100000000000000000000000000000000
111010000000000000000000000000000000000000000000000000000000000000000000000000000000000000000000000000111101000000000010000000000000000000000000000000000000000000000000000000000000000000000000
111110000000000000000000000000000000000000000000000000000000000000000000000000000000000000000000000000111110000000000001000000000000000000000000000000000000111110000000000000000000000000000000
000000000000000000000000000000000000000000000000000000000000000000000000000000000000000000000000000000000011000000000011000000000000000000000000000000000000111100000000000000000000000000000000
000011000000000000000000000000000000000000000000000000000000000000000000000000000000000000000000000000111101000000111101000000000000000000000000000000000000000010000000000000000000000000000000
111011000000000000000000000000000000000000000000000000000000000000000000000000000000000000000000000000111101000000111100000000000000000000000000000000000000111101000000000000000000000000000000
111110000000000000000000000000000000000000000000000000000000000000000000111101000000000000000000000000000100000000111111000000000000000000000000000000000000111101000000000000000000000000000000
000000000000000000000000000000000000000000000000000000000000000000000000111101000000000000000000000000000101000000000001000000000000000000000000000000000000000011000000000000000000000000000000
111111000000000000000000000000000000000000000000000000000000000000000000000010000000000000000000000000111100000000111110000000000000000000000000000000000000111101000000000000000000000000000000
000000000000000000000000000000000000000000000000000000000000000000000000000011000000000000000000000000000010000000000000000000000000000000000000000000000000111101000000000000000000000000000000
111101000000000000000000000000000000000000000000000000000000000000000000000011000000000000000000000000000001000000000000000000000000000000000000000000000000000100000000000000000000000000000000
111110000000111101000000000000000000000000000000000000000000000000000000000011000000000000000000000000111101000000000110000000000000000000000000000000000000000001000000000000000000000000000000
111011000000000011000000000000000000000000000000000000000000000000000000000100000000000000000000000000000011000000111110000000000000000000000000000000000000111101000000000000000000000000000000
111110000000000010000000000000000000000000000000000000000000000000000000111011000000000000000000000000111100000000000000000000000000000000000000000000000000000100000000000000000000000000000000
000000000000000011000000000000000000000000000000000000000000000000000000000100000000000000000000000000000001000000000011000000000000000000000000000000000000111100000000000000000000000000000000
111110000000111101000000000000000000000000000000000000000000000000000000000000000000000000000000000000000001000000000101000000000000000000000000000000000000111111000000000000000000000000000000
000010000000111101000000000000000000000000000000000000000000000000000000000001000000000000000000000000000010000000000010000000000000000000000000000000000000000010000000000000000000000000000000
000011000000111100000000000000000000000000000000000000000000000000000000111101000000000000000000000000000000000000000000000000000000000000000000000000000000111101000000000000000000000000000000
111110000000000101000000000000000000000000000000000000000000000000000000000011000000000000000000000000000000000000000001000000000000000000000000000000000000111101000000000000000000000000000000
000011000000000100000000000000000000000000000000000000000000000000000000000100000000000000000000000000111010000000000000000000000000000000000000000000000000000011000000000000000000000000000000
000010000000000010000000000000000000000000000000000000000000000000000000000001000000000000000000000000111110000000111101000000000000000000000000000000000000111101000000000000000000000000000000
111100000000111111000000000000000000000000000000000000000000000000000000000001000000000000000000000000000000000000000010000000000000000000000000000000000000000000000000000000000000000000000000
000010000000000011000000000000000000000000000000000000000000000000000000000010000000000000000000000000000011000000111011000000000000000000000000000000000000000010000000000000000000000000000000
111101000000111101000000000000000000000000000000000000000000000000000000000000000000000000000000000000000101000000111110000000000000000000000000000000000000000010000000111101000000000000000000
111101000000000100000000000000000000000000000000000000000000000000000000000000000000000000000000000000111110000000000000000000000000000000000000000000000000000101000000111101000000000000000000
111101000000111111000000000000000000000000000000000000000000000000000000000110000000000000000000000000000000000000000010000000000000000000000000000000000000111101000000111110000000000000000000
111110000000111111000000000000000000000000000000000000000000000000000000111110000000000000000000000000111111000000000010000000000000000000000000000000000000111110000000000011000000000000000000
111110000000000010000000000000000000000000000000000000000000000000000000000000000000000000000000000000000000000000000011000000000000000000000000000000000000000010000000111101000000000000000000
111101000000000000000000000000000000000000000000000000000000000000000000111101000000000000000000000000111101000000111110000000000000000000000000000000000000111101000000000011000000000000000000
111101000000000000000000000000000000000000000000000000000000000000000000111011000000000000000000000000111110000000000011000000000000000000000000000000000000000010000000000100000000000000000000
000011000000000110000000000000000000000000000000000000000000000000000000111110000000000000000000000000111011000000000010000000000000000000000000000000000000000110000000111011000000000000000000
000011000000000010000000000000000000000000000000000000000000000000000000000000000000000000000000000000111110000000111100000000000000000000000000000000000000111101000000000100000000000000000000
000001000000000000000000000000000000000000000000000000000000000000000000111111000000000000000000000000000000000000111110000000000000000000000000000000000000111101000000111110000000000000000000
111100000000111101000000000000000000000000000000000000000000000000000000000000000000000000000000000000111110000000111101000000000000000000000000000000000000111110000000000001000000000000000000
000000000000111011000000000000000000000000000000000000000000000000000000111101000000000000000000000000111110000000111101000000000000000000000000000000000000000101000000000011000000000000000000
111110000000111110000000000000000000000000000000000000000000000000000000000010000000000000000000000000000011000000111101000000000000000000000000000000000000000000000000111101000000000000000000
000100000000000000000000000000000000000000000000000000000000000000000000000101000000000000000000000000000011000000000010000000000000000000000000000000000000000011000000000100000000000000000000
111110000000000001000000000000000000000000000000000000000000000000000000000010000000000000000000000000111101000000111110000000000000000000000000000000000000111101000000000001000000000000000000
000011000000000000000000000000000000000000000000000000000000000000000000000000000000000000000000000000111110000000000010000000000000000000111101000000000000000101000000000001000000000000000000
111101000000000011000000000000000000000000000000000000000000000000000000000010000000000000000000000000111100000000000011000000000000000000111101000000000000111111000000111110000000000000000000
000011000000000010000000000000000000000000000000000000000000000000000000000010000000000000000000000000111110000000111101000000000000000000000010000000000000111101000000000000000000000000000000
111101000000000101000000000000000000000000000000000000000000000000000000000011000000000000000000000000111101000000000011000000000000000000111101000000000000000001000000000000000000000000000000
111101000000000011000000000000000000000000000000000000000000000000111101000010000000000000000000000000111101000000111111000000000000000000000011000000000000000001000000111010000000000000000000
000100000000000000000000000000000000000000000000000000000000000000111101111101000000000000000000000000111101000000000100000000000000000000000011000000000000111101000000000010000000000000000000
111111000000111110000000000000000000000000000000000000000000000000111110000010000000000000000000000000111110000000000000000000000000000000111100000000000000111111000000000000000000000000000000
000011000000111110000000000000000000000000000000000000000000000000000011000100000000000000000000000000111110000000000010000000000000000000000101000000000000000011000000111101000000000000000000
000100000000111101000000000000000000000000000000000000000000000000000011111110000000000000000000000000000011000000000100000000000000000000111100000000000000111100000000111011000000000000000000
111100000000111110000000000000000000000000000000000000000000000000000011000011000000000000000000000000000011000000111110000000000000000000000010000000000000000011000000111110000000000000000000
000001000000000011000000000000000000000000000000000000111101000000000100000011000000000000000000000000000011000000000011000000000000000000111111000000000000000100000000000000000000000000000000
000010000000111110000000000000000000000000000000000000111101000000000101000011000000000000000000000000000011000000000011000000000000000000111101000000000000111101000000111111000000000000000000
000011000000000100000000000000000000000000000000000000000010000000111100000010000000000000000000000000111111000000000010000000000000000000111101000000000000000011000000000000000000000000000000
111101000000000010000000000000000000000000000000000000000011000000000010111110000000000000000000000000000100000000000011000000000000000000000100000000000000000010000000111101000000000000000000
000011000000111101000000000000000000000000000000000000111101000000111111111101000000000000000000000000000000000011000000000000000000000000111111000000000000000100000000111110000000000000000000
111101000000000011000000000000000000000000000000000000000011000000000011111101000000000000000000000000000010111100000000000000000000000000000001000000000000000010000000000101000000000000000000
000000000000000011000000000000000000000000000000000000000100000000000011000011000000000000000000000000000011111111000000000000000000000000000010000000000000000011000000000010000000000000000000
111110000000111110000000000000000000000000000000000000111011000000111100000011000000000000000000000000111110111101000000000000000000000000000000000000000000000011000000000000000000000000000000
000011000000000011000000000000000000000000000000000000111100000000111111000001000000000000000000000000000011111100000000000000000000000000000000000000000000000011000000000011000000000000000000
000101000000000011000000000000000000000000000000000000111110000000111111111100000000000000000000000000000011111100000000000000000000000000000110000000000000111011000000000010000000000000000000
000100000000000011000000000000000000000000000000000000111111000000111110000000000000000000000000000000111101000001000000000000000000000000000011000000000000000001000000000011000000000000000000
111111000000111101000000000000000000000000000000000000000011000000000000111110000000000000000000000000111101111110000000000000000000000000000000000000000000000001000000111110000000000000000000
000011000000000011000000000000000000000000000000000000111101000000000000000100000000000000000000000000111101000011000000000000000000000000000011000000000000111101000000111101000000000000000000
000011000000111111000000000000000000000000000011000000111100000000000110000010000000000000000000000000111100000011000000000000000000000000000101000000000000000010000000111110000000000000000000
000010000000111100000000000000000000000000000011000000000001000000000010000011000000000000000000000000111101000011000000000000000000000000111110000000000000000000000000000100000000000000000000
000110000000000000000000000000000000000000000010000000000001000000000000111101000000000000000000000000111101000011000000000000000000000000000001000000000000111111000000111101000000000000000000
111101000000111110000000000000000000000000111101000000000010000000111101000011000000000000000000000000111100000000000000000000000000000000000001000000000000000010000000111101000000000000000000
111101000000111100000000000000000000000000000011000000000000000000000101111101000000000000000000000000000100000010000000000000000000000000000000000000000000111101000000000011000000000000111101
111110000000111100000000000000000000000000111101000000000000000000111110111101000000000000000000000000111111000010000000000000000000000000111101000000000011111101000000111101000000000000111101
111011000000111101000000000000000000000000111100000000111010000000000000000100000000000000000000000000000010111011000000000000000000000000111110000000000011000000000000000010000000000000000010
000000000000111101000000000000000000000000000101000000000010000000111111111111000000000000000000000000111101111100000000000000000000000000000101000000000010000011000000111110000000000000000011
111101000000000011000000000000000000000000000100000000000000000000000000000011000000000000000000000000111101111110000000000000000000000000111110000000111101000001000000000011000000000000111101
111101000000000011000000000000000000000000111110000000111101000000000011000100000000000000000000000000000011000010000000000000000000000000000000000000000011111111000000111101000000000000111101
000101000000000011000000000000000000000000000001000000000101000000111110000100000000000000000000000000111101111101000000000011000000000000000010000000000011111100000000000011000000000000000100
111111000000000100000000000000000000000000000011000000111110000101000000111111000000000000000000000000000000000101000000000011000000000000111110000000000100000011000000111101000000000000000101
000011000000000001000000000000000000000000000011000000000000000010000000111110000000000000000000000000111110111010000000111110000000000000111101000000000010000010000000111111000000000000000100
111111000000000011000000000000000000000000000100000000000001000000000000000011000000000000000000000000000010111101000000000011000000000000111110000000111100111110000000000100000000000000000010
111111000000111100000000000000000000000000111111000000000000000010000000000011000000000000000000000000111011111101000000111101000000000000000011000000000010111100000000000000000000000000000001
111101000000000100000000000000000000000000111111000000000011111110000000111101000000000000000000000000000100000010000000000011000000000000111110000000000001111111000000000010000000000000111101
000001000000000001000000000000000000000000000010000000000010111101000000111101000000000000000000000000111110000101000000111100000000000000111100000000000011000010000000111100000000000000000011
111101000000111110000000000000000000000000000000000000000101111110000000000000000000000000000000000000000010000000000000111011000000000000111110000000000011111101000000111110000000000000111100
000100000000000011000000000000000000000000000000000000111110111101000000000010000000000000000000000000000011000011000000000100000000000000000011000000000100000000000000111101000000000000111111
000011000000111101000000000000000011000000000110000000000000000010000000111110000000000000000000000000000010000011000000000010000000000000111101000000000001111101000000000011000000000000111111
000100000000000011000000000000000011000000111110000000000010000100000000111011000000000000000000000110000000111011000000000001000000000000111101000000111111000011000000111101000000000000000010
000011000000000011000000000000000010000000000000000000000010000010000000000100000000000000000000000011000000000001000000111101000000000000000010000000111110000010000000000100000000000000000000
111101000000000000000000000000000011000000000011000000000011000011000000111110000000000000000000111101000000000011000000000011000000000000000010000000000000000010000000000011000000000000000000
000010000000000010000000000000111101000000000101000000111110000011000000111110000000000000000000000010000000111111000000000100000000000000000011000000000000111101000000000100000000000000111010
111100000000000010000000000000000011000000111110000000000011000011000000000011000000000000000000111011000000111111000000000001000000000000000011000000000110000001000000111111000000000000111110
000010000000111011000000000000111100000000000000000000000010111110000000000010000000000000000000000000000000000011000000000001000000000000111101000000111110000011000000000011000000000000000000
000011000000111100000000000000000101000000000001000000000100000010000000111010000000000000000000000011000000000001000000000010000000000000000011000000000000111111000000000100000000000000000011
111101000000111110000000000000111100000000000000000000000010000011000000000011000000000000000000000011000000000011000000000000000000000000111111000000111101000011000000000100000000000000000101
000011000000000010000000000000000010000000000011000000111101111101000000000011000000000000000000111011000000111100000000000000000000000000000100000000111011111011000000111111000000000000111110
000101000000111101000000000000000001000000000010000000000011111101000000111110000000000000000000000001000000000011000000111010000000000000000000000000000011000010000000111110000000000000000000
000001000000000010000000000000111101000000111011000000000011000011000000111011000000000000000000000011000000000100000000111110000000000000000010000000000000111101000000111101000000000000000001
111111000000000110000000000000000011000000111110000000000010111111000000000000000000000000000000000001000000000011000000000000000000000000000100000000111111000011000000111101000000000000000000
111101000000111101000000000000000100000000000000000000111110000100000000000011000000000000000000111111000000111101000000111101000000000000111110000000000000111101000000000011000000000000000011
000010000000000011000000000000111111000010000000000000000011000000000000000011000000000000000000111101000000111110000000000101000000000000000011000000111101111100000000000011000000000000000010
000000000000111110000000000000000001000010000000000000111111000010000000000101000000000000000011000001000000000100000000111110000000000000111101000000000010000010000000000000000000000000111011
111111000000000101000000000000111110111101000000000000000011000100000000000001000000000000111101111101000000111110000000000000000000000000111101000000111011111100000000000010000000000000111110
111110000000000000000000000000000000000010000000000000000011000010000000000011000000000000000010000100000000000011000000000001000000000000111101000000000010111111000000111110000000000000000000
111101000000111101000000000000000000000100000000000000000001111101000000111111000000000000000011000011000000000011000000000000000000000000111101000000000000000000000000111011000000000000111110
111101000000111101000000000000000110000010000000000000111100111101000000111111000000000000111101000100000000111101000000111101000000000000000100000000111110000010000000111100000000000000000010
000000000000000101000000000000000010111100000000000000000000000011000000111101000000000000111101111101000000111011000000111110000000000000111111000000000010111101000000111110000000000000111101
000011000000000001000000000000000000000010000000000000000010111101000000111111000000000000000100111101000000111111000000111011000000000000000011000000000011111100000000111110000000000000111110
111111000000111101000000000000000011000011000000000000000100000011000000111101000000000011000101111110000000000001000000000000000000000000000100000000000010000000000000000011000000000000000011
111111000000000001000000000000000101111101000000000000000010111100000000000100000000111101000100111100000000111101000000000000000000000000000011000000000011000011000000000010000000000000111110
000100000000000001000000000000111110000011000000000000000001000001000000111101000000111110000010111101000000111110000000000010000000000000111111000000000010111101000000111010000000000000111100
000101000000111101000000000000000000111110000000000000000011111101000000111100000000000011000001000011000000000000000000111110000000000000000010000000111100111111000000000011000000000000000010
111110000000000001000000000000000001111110000000000000111101111100000000000011000000111101000011000011000000000001000000000011000000000000000011000000000010000010000000000011000000000000111101
111110000000111101000000000000111101111101000000000000111101111100000000111101000000000011000011111101000000111110000000000010000000000000000011000000000011111101000000111110000000000000111101
111100000000111100000000000000111101111101000000000000000011111111000000000010000000000100111100111011000000000011000000000011000000000000000011000000111101000000000000111011000000000000111101
111111000000000011000000000000111110111101000000000000000100000010000000000100000000111011111111000001000000111101000000000010000000000000000011000000111101000001000000000000000000000000111110
000010000000111100000000000000111011111101000000000000000001000011000000111110000000111100111111111111000000000000000000000100000000000000000000000010000000111101000000000011000000000000111110
111101000000000011000000000000000010111111000000000000000011111101000000000011000000000010000010000011000000111101000000000010000000000000111110000010000000000000000000000011000000000000111101
000000000000111101000000000000000000111111000000000000000100111101000000111101000000111111000000000010000000000001000000000011000000000000111110111101000000111100000000111011000000000000000011
000011000000111110000000000000000010000000000000000000111100000011000000000011000000111101000000000000000000000001000000111101000000000000111011111101000000111101000000111111000000000000111101
000011000000000100000000000000111110000010000000000000000001000000000000000101000000111101000110000001000000000100000000000011000000000000111100111101000000111111000000111101000000000000000011
111111000000111110000000000000111101000100000000000000000010111110000000111111000000000100000010000010000000000110000000000010000000000000000010111101000000111101000000000001000000000000000001
000010000000000011000000000000111110000010000000000000111101000010000000111111000000111111000000111101000000000010000000111110000000000000111111111111000000111100000000111111000000000000000100
000100000000111101000000000011000011111101000000000000000100000101000000111101000000000001111101000011000000000010000000111101000000000000111101000100000000111110000000000011000000000000000000
000001000000000011000000000011000010000010000000000000000011111100000000111110000000000010111011000000000000000100000000000011000000000000111110000000000000000010000000000001000000000000111110
000011000000111011000000111110000100111101000000000000111101111110000000000000000000000000111110000011000000000001000000111101000000000000111010111110000000111111000000000011000000000000000100
000001000000111111000000111101000010111101000000000000000000111110000000111111000000000000000000111111000000000010000000000011000000000000000011000100000000000001000000000011000000000000111110
111101000000111111000000000011000011111101000000000000111110000011000000111110000000111010111111000001000000000011000000000001000000000000111101111110000000000101000000111101000000000000000011
000101000000000011000000111101111101111100000000000000000010000010000000000011000000111110000000000100000000000000000000000100000000000000111110111101000000000010000000000100000000000000111101
000010000000000010000000000100000011111111000000000000000011000110000000111101000000000000111101111011000000000011000000000000000000000000000101000011000000111011000000111101000000000000000011
000011000000000000000000000101111110111101000000000000111100000011000000000000000000000011000010000010000000000011000000111110000000000000000000000011000000111110000000000011000000000000000011
000011000000000001000000000100000010111100000000000000111110000011000000000011000000111011111011111110000000000010000000000100000000000000111101000011000000000010000000000010000000000000000011
111101000000111110000000000010111101000100000000000000111110000010000000111111000000000010111110000100000000111110000000111110000011000000111101000011000000111110000000111100000000000000111100
111100000000111101000000111111111101000001000000000000000011111011000000111111000000000000000000000001000000000011000000000011000011000000000101000100000000000000000000000010000000000000000001
111110000000111110000000000011000011111110000000000000111110000000000000111100000000000001111110111110000000111111000000000011000010000000111111111111000000111110000000000011000000000000000011
111100000000000000000000111101000010111101000000000000111010111101000000111011000000000000111110000011000000111101000000111101000011000000000011000011000000000010000000111101000000000000000100
000001000000000011000000111100000001000011000000000000111101000011000000000010000000111101000011000000000000000001000000111101111101000000111111111100000000000011000000111101000000000000000100
000000000000111111000000111111000100111101000000000000000011111011000000000010000000111110000010111101000000000011000000111101111101000000000001000100111101000001000000000101000000000000111111
111110000000111111000000111111000000111101000000000000000010111111000000111100000000000101000011111101000000111011000000000011111100000000111101111111000011000011000000111111000000111101111110
000011000000111100000000000010000010000000000000000000111011000011000000111111000000111110111110111110000000000010000000111111111011000000000001111110111110111110000000111111000000111101111101
111100000000111011000000000000000100000010000000000000000000111111000000000010000000000000111100000010000000000011000000000011111101000000111101111101111101111111000000000011000000000010000011
000000000000000010000000000000111110000010000000000000111101111111000000000011000000111110111110000011000000111101000000000100000010000000111100000011111101000010000000111110000000000011111101
111101000000000010000000000100111101000101111101000000000011111101000000000000000000111110000011000001000000000011000000000100000001000000000011111101111101000010000000000000000000111101111101
111101000000111100000000000010000011111011000011000000000101000001000000000010000000000101000011111101000000111100000000000001111101000000111100111101000100111111000000000001000000000011000000
000001000000000001000000000000000011111110111110000000111111000011000000111101000000000010000011000001000000000010000000111110111101000000000011000000111011000011000000111110000000000100000010
000010000000000010000000000011000011000010111101111101000000111100000000111110000000000011000010111101000000000100000000111101111100000000000011111110111100111111000000000011000000000101000010
000011000000111101000000000101111101111101000011111111000000000100000000000011000000000010000010000101000000111111000000111101000010000000000010111110000010000010000000000011000000000100111011
000000000000000000000000000010000100000000111101000001000000000100000000111101000000111100111101111110000000000000000000111101000001000000111100000101111111000010000000000011000000000101000100
000001000000000011000000000000111111000110000100111101000000000011000000000001000000000010111101000011000000000010000000111101111110000000111110111100111101111010000000000011000000111111000010
000011000000000011000000000001111101111101000101111111000000000011000000000011000000111101111101111101000000000011000000000000000000000000111101000010000011111011000000111111000000111101000010
000000000000000010000000000000111100111101111100111101000000000010000000111111000000111101000011111101000000111100000000111110000000000000000011111110111100000001000000000001000000000011000011
000100000000111110000000000011000100111110000010111100000000111100000000111101000000111101111111111100000000000000000000000010111010000000111101000011000001000010000000000100000000111100000010
000011000000000011000000111110000001111011111111111101000000111110000000111011000000111110111100111110000000111101000000000101000010000000111011111110000001000000000000000101000000111111111010
111111000000111111000000111011000010000000000011000100000000000011000000000010000000000010000000000100000000000011000000000100111111000000000001000110111110000001000000000010000000000001000011
000011000000111101000000000010000011000011111101111101000000111101000000000011000000000011000010000001000000000001000000111110000011000000111111000010111101111110000000000010000000111110111101
000100000000000001000000000000111101000011111100111101111101111101000000111101000000000011000100000000000000111110000000111110000101000000111101111101000000111011000000000100000000000000000010
000010000000111101000000000010111101000101111111111110111101000101000000111101000000111101000010111110000000111101000000111101111110000000111110111110000110111101000000000001000000000011000101
111110000000111011000000000010000011111111000001000100000010000001000000000100000000111101111101000011000000000000000000000010000000000000000000111011000010000000000000000010000000111010000000
000001000000000010000000000011000000111101000010111110000011000001000000111110000000000001000101111100000000000001000000111010000001000000000001000001000000000001000000111101000000111110000010
111111000000000011000000000010111110111111000000000100111101111101000000000101000000000100111101000000000000111101000000000011000000000000000010000011000011111110000000000000000000000000000011
111011000000111101000000000011111111111111000000111101000011111110000000111111000000000000111101000011000000000000000000111101111101000000111101000011111011111110000000000011000000111101111011
000010000000000011000000000010111011000011000110111101111100000000000011000000000000111110000011111101000000000100000000000010111110000000111101000101000010000000000000111101000000111011111111
111011000000111100000000000100000100111111000010111011111011000001111101111110000000111100111100000000000000000011000000111011000101000000000000111111000000111101000000111110000000111110111101
000010000000000010000000111110000010000011000000000001000100111110000011000011000000111110000001000010000000111111000000000000000010000000111111111101000000000011000000111110000000000000111111
111110000000111100000000000010111101000100111101111111111110111101000011111100000000000011000011111101000000111101000000000011000000000000111111000001000000000111000000111101000000000001000001
111110000000000001000000111101111101111101000101111101111111111101000011000000000000111101000100000000000000111100000000111101111110111101000001000001111101111101000000000001000000000000000011
000000000000000000000000000010000011111100000010000010111101000000111101111101000000111101000100000001000000111110000000111011000010111101000100000011000010111101000000000011000000000011000001
111110000000000010000000000110000010111101000000000000111101111101000100000011000000111111000011000011000000000010000000000001000011111110000101000001000101000001000000000001000000111110000011
111110000000000011000000000011111110111101000001111111111100000001000101111111000000000010000011000000000000000001000000111101000010000011111110111101111110111101000000111101000000000100111011
111101000000111100000000000011111101111100000000000010111111000001000100111110000000000011000100111100000000000001000000000001111101111110000011000100000000000011000000000101000000000011000010
000001000000000000000000111110000011000100111101000011111111000100111110000011000000000011111111111101000000000101000000111111000010111100000011000011000010000010000000111110000000000100000000
000011000000000011000000111011000101000010111101111101111110111011111111000000000000111101000011111111000000111110000000111101000100000001111100111100111110111110000000111101000000000011111110
111110000000111101000000000011111101000011000101000000000000000010111101111111000000111101000100111101000000111011000000111111000010000010111011000011000011000011000000111101000000000011111110
000001000000000001000000000011000001111101000010000011000000000010111101000011000000000000111100000100000000111110000000111101111101000011111100000011111110111101000000111101000000000010000011
000010000000111110000000111101111100000011000000000001111010000100000100000000000000111110000001000010000000000010000000111100000011000000000010111110000011111111000000000100000000000100111110
111110000000111101000000111011000000111011111110111111000010000001111111000100000000000010000010000010000000000010000000000011111101000011111111111100000010111111000000111110000000000010000011
111111000000000000000000000001111110000001111110000100000000111110111111111101000000111011111101111111000000000000000000000100111110000011111101000010000100111110000000111100000000000011000010
111101000000000001000000000011111100111111111101111011000011000011000010111111000000000100000011111111000000111110000000111101000010000010000011000011000010000000000000111111000000000011111100
111111000000111101000000111111111110111101000010111110000101000000000000000100000000111110000011000101000000111110000000000011111101111110000100111101000011000010000000000000000000111101000010
111110000000000000000000000001111101111110111101000010111110000011000000111100000000111110000011000010000000111101000000111110000011111101111111000011000011000010000000111110000000111011111101
111110000000000100000000000010000011000000000010000011000000111101000110111110000000000011000000000101000000000001000000000100111101111111111111111011000011111100000000111101000011111111111101
111010000000000011000000000001111101111111111100000001000001000010000010000010000000000010111110111110000000000001000000111110111101111101111110111111000010111111000000111100000011000001111101
000101000000000001000000000010000011111110111110111110000000111110000000111111000000000110000010000010000000000010000000000011111111111111000000111111000010111110000000000000000010111101000010
111111000000111101000000000100000011111101111101111101000011000011000011111111000000111101111011111110000000111111000000111101111100000011000000000011111101000011000000000011000011000010000010
000010000000111100000000111101111100000011000011000000111110000001111011111011000000111101111100000000000000000010000000000011000000111011111010111110111101111100000000000011000011000000111101
000000000000111110000000111100000001000000111101000011000101111101111110000010000000000010111110111110000000000010000000111011111110111110111110000000111111000100000000111111000011000001111101
111111000000000010000000000011000011111101111110000011111110111111000000000101000000111011111110111110000000111111000000111111111100111101000000000001111101000010000000000010111100111110111101
000010000000000001000000000011111100000001111110111110000000000011111111000010000000000000111101000011000000111101000000000001111110111101000011111110000001111100000000111101111011111101000011
000101000000000001000000111110000100111111000011111110111110111011000000000010000000111101111110111111000000111111000000000011111101000011111011000011111100111111000000000000000100000011000010
000011000000111011000000000100000001111100000011000011111110000010000011000010000000000011000110111101000000111110000000000010000011111100111110000011000000111110000000000001111110000000000100
000000000000111110000000111110000010000101111101111111111101111101111110000000000000000101111101000010000000111110000000000000000011111110000000000000000010111100000000000011000001111101000000
111111000000000101000000111101111101111110000011111101111110000100111011000010000000111111000101000001000000000110000000111111000011000100111111111101111100000000000000000000000011000001111110
000010000000000010111101111101000011111110000001000001111101111101000010111110000000111101000010111110000000000101000000111110000011111111000000111111111110000100000000111100111101000001111100
111110000000000010000011111101000011111100000100000011000010111100000000111101000000111111111011111110000000000001000000111101000100000000000011111111000011000011000000111101111100000100000010
000000000000000010000010111011000011000001000000000101000100111110000010000001000000111111000000000001000000000010000000000011000001111110111110111100000011000000000000000001000001111011000011
000011000000000000111101000001000000111110111110000010111110000100111110111101000000111101000011111101000000000000000000000000111101000011000101000101000011000010000000000011000001111110000011
111101000000111110000011111110111110111101000100000011000011111111000011000010000000000001000011000001000000111111000000111101111100000100000010111110111101111101000000000100000010000010000011
000111000000111110000011111101000010111110000010111101000011000000000010111111000011000011111011000011000000000010000000000001111100000000000000000010000011000011000000111110000000111100000011
000011000000111101111100111110111011000011000011000011000011111110000011111110111101000100000001111110000000000101000000000001111111000011000010000100000100111101000000111110000000111111000011
000011000000000001000101000000000100000011111101111100000010111101000010111110000010000011111101000110000000111101000000000100000010000011000010000001000001111110000000111111111010000010111100
111111000000000011111100000001111110000010000011000010111110000100111100000001000011000100000001000101000000000000000000000101000011111111000011111110000011000000000000111111111110000011000001
000011000000000010000010111110000010111110000011111100111101000000000010111101000011000011000001111111000000111111000000000001111101000010000010000011111100000011000000111011000000000000111101
111101000000000001111111000011000011111101000011000001000011000011111101111111000011111101111101111110000000000010000000000010111101111101111101000000111100000011000000000010111101000011000100
111110000000000010000011000011111110000001111100000000111101111101000011000010111100000010000001000000111101000010000000111100000011000000000010111101000001111101000000000101000101111101111100
000010000000000010000011000000000110111101000001111110111101000001000011111110000101111100000011111111111101000000000000111111000000000001111100111101111110000100000000111110111110000010000001
111101000000111111111100000011000011000001111101000011000001111110111110000110111100111110111100111110111110111101000000111110111110111101111110111110111101111111000000111110000000111110111110
000011000000000011000001000001111101111101000100000100000100000011000010000101111110111101000011000101111101111101000000000011000010000000111101111110111101111101000000000010000001111101000011
111111000000111111111111000001000010111011111100000000000000000000000011111111000001000011111100111101111101000111000000000000000101000100000011000011111101111010000000000000000000000001111101
000001000000000010111110000100111011111110111111111101111110111111111101111110111101000011111011000000111101000011000000000011000100111101000011111111111101000010000000111110111101000011000011
111110000000111110000000111011000000000011111110111101000100000011000011000000111101000101111101000001111100000011000000000011000010000001000010000011000011000011000000111110111110000001000011
000001000000000110000000111110000011000011111101111111111110000010000011000011111110111100000010000010111011111111000000111110000010111101111110111111111110000001000000000011111011111101000000
111110000000111011111010000010000011000011111101000010111101111100111111000010111111000001111101000010000100000011000011000010111101111100111101111101000010111101000000111111000010111011000010
111110000000000001000010111100000101000100000011111101000011111110111100111011000001000011111110000000111110111101000011000011000010111110111101000101111011000000000000000011000000111110111110
000100000000111110000000000001111111111110000011000000000011111111000000000011111110111110111101000011000001111110000010000001111010111110000011000010000100111101000000111110000010000011111011
000010000000000000000011000010111101111100000000111111000011111101111110000000000000000000111101111101111101111110111101000011000011111111000011000011000010000010000000111111111100111101000100
111110000000111111111011000011000001111111111110111101111101111100000100111111000000000001000011111001111101111101000011111111111101111111000001000011111110000100000000111110000011111101111110
000011000000111110000010000000111111000000111110000000000100000010000010000010111010111110000101111101111100111101000011111101000010000101111100111101000011111011000000111110111110000100111110
111100000000111011000000111101000011111110111011111100000001111110000011000010111110111101111111111101111111000001111101111011000101000010000000000100000010111111000000000001000011000010000011
111100000000000011111111111101111111111101000100000011111101000001111101000000000000111101111111000001111111000001000101000010000000000010000010000011000110000011000000000011111110111100000010
111110000000000000000000000010000011000100111110000001111100000001000011111101000011000000111101111101000010111110000100111101000011000010111100000100111101111111000000111111111011000001000110
111100000000111111111101111110000100000000111110111101000100111011111101000011000101000011000010000011000000111111111110000011111101000010000010111111111101000011000000111110000010000000111101
111111111101111110000010000011000011000011000011111100111101111110111101000111000010000001000000000010000000111110000001000011111010111101000011000000111110111110000000111110000011111110000011
000010000011111110000110000001111100000010111110111110000010000101111100111101000000111111111111111110111010111110000011111100000001000000111101000010111011000001000000111010111101111101000011
000100000010000000111110000011111110111111000110111110111101111110000001111101111111000100000010111101111110111100000011000010111101000010111101111101000000111101000000000101000011111100000101
000000111101111101000000000001111101111110111101000001000011000010000011111111000000111011000011111101000000111111000100000100111111111110000011111100000011000100000000111111111110000000000000
000100000011000011111110111101111110000011111101111111111101111110000100000011111101111110111101000001111101000010111111000001111111000011000011000000000011000011000000000000111110000011111101
111101000011111001000010111011000100000000111110000101111101000000000100111101111110000010000000111111111011111101111111000000111101000001000100111101000101111101000000000000000011000011000011
000000111100111101000011000010000010111111000101000010000000111110111111000010000101000100000011111110111110111100000010000010111111000011111111111101111110111011000000000001000011000001000101
000010000101111101111110000011111101000011000000111011000010000001111110111110111110111111000001111111000000000100000000000011111101111110000011000001111101111101000000111110111101000010111111
111101111100000001111101000011000011000000111101000010000010111101000011111101000000111110111111000010000001111110000000000100111100111111111100111110111111000011000000111101111101000011111101
111010000010111110000011000011111101111100111101000010111011111111111101111101111110111101111100111110000000111100000110000000000011000010111100000011111111000010000000111101111111000000111111
111101111111111100111101111100111011111101111011000010000100111101000011000001000010000000111011000100000011000000000010111101111100000010000001000000000011111100000000000000000100000001111111
111110000011000010000010111110111111000001111111000000111110000010000011000001111101111101111110000001111110000010000000111101000011111111111110000001111111111110000000111111000000000010111101
000000111101000011111110000100000001111101111101000010000010000001000000000010000010111101111110111110000011111100111101111111000011111101111101111101111101111111000000111110111110000000111111
000011000100111101000011000001000011111100111111000010000010111110000010000001111101111110000100000010111110000000000011000010000010000001000011000000000100000011000000000010111100000100111101
000011111111111101000011000000000010111110000001111101000010000010111110111110111110000010000001111100000000000100000010111101111100111110111101111100000011000101000000000000111110111101000100
000001000001111110111111111110000000111110000011111111000110000001111011111110111100111101111110111100111110111101000000000000000010111110111101000011111100111101000000111101111101111111111101
000100000010000010000001111101111111111111000001000011111101111101111100111100000010111111000011000010111110000000000001111111111110111010000000000001111101000101000000111101000011111101111110
000001000000111101111110111100111110000001000011111110111101000001000010000001111101000011000000000100000011000010000000111101111101111011111110111101111101111111000000111001111101111100111101
111101000000111101000001000000000011111011111100111101111110111110111110111110000011111111111101111111111110111101111101000000111101000001111110111100111110111011000000000011111101000010000011
111010000110000011000010111101000011000010111101000010111011000010000011111101111101111101000011111110000011000110111110111011111011000010111011111110000100000100000000000011000011111110111110
000010000010111101000010111101000000111011111100111110000000000110000010000100000010111011111110000100111110000011000101000011000001000000000100000010000010111101000000000001111100111111000100
000010000011111111111100000001000011111110000011000001111101111011000110111100111110000010000010000000000100000010111110000001000001111111111110000001111101111101000000000011000001111111111110
111111000011000100111111000010111111000010000011111101000011000100111101111110000011111101111101000100000010000000000000111101000011000000000010111111111101000010000000000011111101111011111101
000100000101000000111110000011000001000010111110111111111011111110111101000100000011111101111111000011000011000011000010000011000011000101111101000101111101000010000000111110111100000010111101
000000111110111110000011000000111100000000111100111110111111000000000010000100000011000011111101000000111101111101111110111110111101111101111110111110000101111110000000111110111100000101000011
111101000000000100000100111111111011000010111110000010000011000000000101000010111101111100000001000010111101111111111101111110000001000000000110000101111111111100000000000011000001111110111011
111110111111000010000100000011111110111110111101111010000001000010000000111100000000000010111101000011000010111100111110111111000010000001111101111110111111000100000000111101111110000010111111
000100000000111101000010000000000010000000000011111011000001111011000011000000000100111100111011111010111110000001000011111111111101111110111101111110000011111100000000111111111101111110000001
000101111101000011000100111100000100000001111101111111000011000011111101111100000000111111000010111101111101111101000010111011000011111110000010111110000010000010000000000001000011000000000011
111111111110000011000001000011111111111101000100000010000001000000111011000100000010000000111101111110000011111010111100000010000000000000000101000000000000000001000000111110111101111110000010
000010000101111101000010000001000010000010000001000000111101111111111111000000000100000000111101000000111101000010000010000101000011111101000000111101111111000001000000111111111101000010000000
111111000010111101111100111101111101111111000001000001000100111110000011111110000010111101111101000100111101111101111101111110111111111101000011111110111110111101000000111110000000111101000001
000011000000111100000000000100000000000010111101000010000011000010000001111101000011111100000100000011111111000001111101111110000001000111000011111101000011000010000000000010111110111111111110
000010000010111111111100000010111101111110000010111011000100000000111111000110000011000000111110000001000100111110000011111110111100111101000101000001000011000011000011000100000010111101111101
000001111111111101111101111110000011111110000000111101000011000011000011000011111101000011111100000100000011000000000010000000000101000011000001000011000000000011111101000001111011000010000011
000011000011111100000000000000111110000011111111000000000011000011000001111110111101111101000001111110000010000011000010111110111110000001111101111110000011000000000010111110111100000001000000
000100111110111100111110111111111110111111000010000001111110111001111101000000000011111111000000000011000100000010111101111110111110000011000001111111111111000010111101111101111110111110000011
111100111101111111111101111011000011111110000100111110000100111101000100111101000100111110111110111010111110000100000011000011000100000011111111000010000001000011111101000100000010111110000001
000011000010111110111010111110111111000010111101111110111110000011000011000011000000000011111101000001000011111011000011111111111111111110111101000010111100000011111101111100111101000001111111
000101111100111101000011000101111101111010000000000000111101000001111100000001000011000000111100111101000011000001000011111101000010000010111111000001111011111110000100000010000010111101000100
000010111101000011000001000010111111000101111101111101000011111101000011000100111100111110000000000001000011000010111111000010000011000011000011111101111110000001000101000100111010000001111011
000011000011111101000000111110000011111111000001111101111101000011000011111111000100000011111101000011000011111111111100000001000000000011000100000001111110111111111100000001111101000010111110
000011000010000011111101111110111011111110111111111001000101000010111110111101111111000000111101000000111101000011000000000010000011000001000011111110000100111111111110000010000011111110000001
000011111100000000000011000000000010000000000100000011111111111110111100111010111110000100111111000011000100111110111110111101111110000001111100111110000001111110111111000100000010000110000100
000010000010000010000001000010111101000001111011111101000001111101111110111110111101000011000010000010000001000001111100111110000001000010000011111010111110000000000011000000000010111011111111
000010111111111110000100000010111101000010000010000001111101111101111101111101000011111111111101000100000011000011111110111110111101000001111101000101111101000010000011111100000000000001111110
000011000011111011000001111101000011000101111110000011000010111111111101000001111101000011000000000101111100111100000011111101111111111110000010111111000000000011000100111101111101111110000011
000011000101111100000011000001111100111101111100000011000000111111000011000011111101000100000001000001000100111101111101000001000010111110000100111110000011000100000001000000111101000000000000
000011000011111110000110111101000010000000000001000010111111111110111011000000000000000010111101000010000001000011000011111101000010111100111110000000111101000010000000111110111011000001000011
000011111011111110111110111110000100000001000010111110000010111111000001111101111110111110000000000001111110000101111101111111000110111111000011111111111110111101111110111101111111111110111101
000001111111000011111101111111111111000010111101111101000011111110111111000010000010111111111100111101111101111101000011111101111101000010000011111110111110111101000000000110000011000101000010
000100000101111110111111111110000000111110000000111101111101111110111101111100000101111111111101000010111101111101000100000101000001000011000011000101000011000010000000000011000001111101000010
000000000100111100000011111110111110000000111101111111000000000100000010000101000100111011111111000001111101000010000001111110111110111100111011111101000010111101111010111110000011000000000011
000010000011000011000000111111111101111101111101111111000011000001000000111111000010000010111101000011000011111100111101111101000000111100111111000000111101111111000010000000000011000001000001
000100000011000011000011111101111100000011000010000010000001111110111111000010000010000101000100000100000000111110111100000011000001000010111111000001111111000000000000111101111111000010111101
000010000010000010000010000001000000111001111110000001111111111101000010000001111101111110111110000011111110000001000100000011111110000100111101111110111101000100000011111101111101000010000001
000011111110111011111100000010111101111101000011111110111100000100111101000011000010111110111110000011111110000011000001000100000101111111111110111110000101111111111011111111111100000000111101
000011000010000000000101111110000011000011111111111110111011000100000011111110000110111110111111111011000101111011000101111110111101111110000000000000000010111101111110111100000011111101111011
000011000100111101111111000110111111111101111101000100111110000010000000000001111101000000111111111101000100000011111101000100000000111110000001111101111101111100000000111111000100111101111110
111101111110000011111110111011111110000011000001111111000010111100111101000011111101111110111011000011000010111101000011000001111111000000111110111101000011111110111111000011000011000111111101
000011111100111011111110111111000011111100000011000010000100111111000001000100000010111110111110000010111110111111000011111110000010111100000011111001111101111111000000000110000011111101111101
111100000010111111000011111110000000111110000101111101111111000010000001000011111011000011000101111100000011111011111101000010000010111101111101111101000100000010111101111110000010111101111101
000001111110111101000001000000000001000010000010111100111110000100000100111101000000000101000010111110111110000100000000111101000000000000000000000011111110111101000010111101000100000001111100
000011111111111111000001111111111101000011111101000100000011000000000101111011111101111101111110000001000110000011111110000100111101000010111101111111111100000011111011000001111110000011000010
111100111101000001000011000010000000000011111101111110000000111100111110000011000011111110000010000011111101111101111110000010111101111101000001111101111111111111111110000011000011000011111100
111100111110111101000100111011111100000001000011000100000011000011111110000011111011000001000000000101000011111110111011111101000111000110111111000011000000111101000000000000111101111110111111
000001111101111111000011111101000011000001111110111111111101000000111100111110111111000010000010000011000010111110000100000011000011000011000100000010000010000011000010000011000011111110000000
000010111101111101111101000000111111111110111110111101000010111110111111111100000011000010000010111011111011111110000010000001111101000010111011000010111101111101111110111110111011000011111110
000011000000111100111011111111000011111111000100000100111110000011000010111110111111111111111101111111000000000100000010000010111111000000000010000010111100111101000011000100000001111101111101
111101111110000011000011111110000100111110000001000000000011000110111101000001000001000011111111111011000011000010000011000011000011000011000010111101000000000010000010000101000001000001000011
111101000011111100000011111110111101000010000000111100000001111101000000111101000011111111111101111100000011000100111110000000000011111101000100000001000011000001000011000001000011111111000000
111101111101111101111100000011000010000011000010111101000011111110111101000101000010111110000010111101111011111110000110000001111110000001000001111111111101000001111110111110111110111110111101
000000111110000011000100000011000001111111000011000000000000000000000011000011000011000010111111111101000001000010111101000011111110111100111110111110000011000001111100000001000000111111111101
000010000010000010000010111101111111111110111100000010000011000011000010000101000100111010000001111110000011111111111101000000111101111111000011111111111110000001111110111101000001000010000001
111110000001000100111110000111111011111101000000111101111011000011111110000001000011111011000010000010000010111101000010000100111101000011000000111110111101000001000011000010111110000010111110
111011111111111110111101111101000010000100111111111010000010111111000011111011000100000001000001000010000001111110111011000011000001000110000011000010000000000001000011111111111101111100000011
111100000010000011000101111101000101111100111101000011111101111100111111111100111101000010000011111100000011000011000000000001000001000010111101111100111111111111111101111101111101111111000000
000010000000000011111101111111000011000010111111111110000011111111111101000011111101000000000001111110111111111101111101111101111110000011000010000001000011000001000010111100000000000010000001
000010111110000011000101111101111110111100000010000000111101000011000001111101000010000001111110111100000011000000000011111100111111000001111110111110000000111111111110111101111101000011111101
000011000011111011000001000011000010000001111101111101000100000110111101111110000100111110111110000010000100000010000101111110111110000011111101111101111100111101000011000011111111111100000000
111110111100111111111011000010000000111110000000111101111110111110000101000010000010000101111010111110111101111101111111111110111110000000000001111100000011111101000011111011111111111100000100
111010000010111111000100000010111110111100000001000001000100111101000010111110000011111101111011000001000100000011111101111111000100000011111101000100000001111111000011111101111100111110111101
111101000011111101111101111101111110000000111101111100000001000001111101111100111101000000111111000011111101000010111111000001111111000010111111111110111101111100111101000011111011111100000001
111101000011111110111101111101111101000100000000111111000000111101000011111110000011111111111110000010111101000001000001111011000010111100111101000100000100000011111111111110111110000001000011
111110111110000000000010111111000001000011111100000011111110000000000011111100000101111110000000111101000010000001111101111110111101111011000101111111111110000001000100111100111110111110111100
111011000011111111111110000001111101000000111100000110111101111101111100000010000000000010111111000011111011000001111111111011111100111111000010111110111110111110000000111110000100000100111110
000000000001000010000010111110000001000010000001111110000100000010111110111110000001000000000010000000000010111110000011111110000100000010000011111100000001111110111110000001000001000000000010
000011000000111101000100000001111111111101111101000011000000000100000100111111111101000011000101111110111101000000111100000010111110111111111101000000000001111010111100111101000010111100000001
111101111100111101000010000010000010111010000100000001000011000101111111000011000010000011111101111101111101111110000011111110000100111101000011000100000101000000000010000011000101000011111111
000101000011000000111100111110000010111110000010111101111101111111000000000010000000111001000000111101000011000011000100000000111111111101000100111101000010111101111101000000000011000000000101
000001000011111101111110111100111111000010111110000000111111111110111110000011111111111101111111111110000101000100000011000010000010111111111110000000111011111101000011111101000101111110111110
000011111100111111111110000001000001000000111111111101111110111111000011111110111101000011000011111111111111000010111101000010111100000011111100111110111110000010000011111101111111111101000101
000001000010111111111111000010111111111101000001000010111101000011111100111101000000000001000010000001000001000011000010000011000000000100111111000011000010000001111101000010111011000110111110
111111000001111100000011000011111110000011000101000100000000000010000000111101111110111101000000000001111101111101111100000001000100000011000000000110111110000001000011111110111100111101000010
111101111110000101111110000100111110111111111110000101000001000001000011000000000011000011111101111110000010000010111110111101111101000011111110000011000000000000111100000011111101111110111110
111111000011111110111101000100000110000100111011111111111101000011000011000011000011111110000011000000000000111101111101000010000000000101111101000010000010000101000001111111000011000000000000
000011111101000010111101000010000101111111111110111110000000111100000001111111111110111110000111000010111111000001111101111111111110000011000100000000111110000010111101000011111110000011000010
111100000001111100000000111100000001000011111110111111111100000011111101000001111111000011111101000011111101000000000011000010000011000011000000000011111101111100000100000001111110111101000010
000011000011000001111110111111000010000110111110111101111101000011000011111100111111000011111101000100000011000100000101111110111010111110111101000011111111111100000100111101111110000001111101
111100000011111110000011000010000000111110000000000010000001111011000000000101000001000001000001000010000011111111111111000001000011000100111101000001000011000001111111111011111100111100111111
111101000011000011000011111100000001111101111110111111111101000011000001111110111110000001111101111101000000000011000001000011000010111110111111111100000010111101111110000010000010000001111101
111101000011000000111110000000000010000001111110111101000100111101111101111110000000000010000011111101111101111100000011000001000000111111000010000001000001111111111101111101111100111101000010
111110111110111101111111000011111011000011111101000100111110111110000000111100111110000001000010000010000001111110000010000010000011000011111101111101111110000010111101000011111110111010000001
000100000001111101111111000011000011000000111111000011111110000100000100000001111101000010111110111101000001000001000000000011000011000101000000000110111110111100111101111101000010000010000010
111110111111000010111111111101000000111101000011000011000001000010111101000010111100000010111101111111111100000011000001000110000001111101111111111110000001111110111111000100000001000011000010
000011111111000010000010000010111111111110111110111011111111111111000001000100111110000100000011000000000101000011111110000101000100000101111101000011000100111111000000000010000011000001111111
111101111111000011000000111101111110111100000001000011111011111101000011000000111101000001000001000100111110000011111101000001111111111111000000111111000001000011111101000100111110111101000011
000011000001111111111101000110000010111011000010000011111110111011111100111101111101111110000001000001111110000001000011111110000011000101111100000011111110000100111110000001111101000000111111
111011000001111101000011111101000000111111111110000010000101111101000010111101111110111101111110111101000100111101000000000000000110000100111101000000111110000010111011000000111101000011111110
111111111111111111111100000010000011111110000001000100111110000101111110111110111101111100111111111100000010111101111101111111000010000011000001000011111010111101000100000010000000111110000010
000001000001000010000010000011111101111111000011000010111110111111111111000010111111000110000010111110111110000011000000000010000011111101000011111110000101000100111110111101111110000100111010
111101000001111011111100000011111001000011111111111111000010111101111111111101000000000010000010111110111101000011111111000101000001111110111100000100111111000100111110000100111101000101111011
111110000011000010111101000011111101000010111110000011000010111100111011111111111100111100111100000010000000111110000101000011111101111110000010111011000010000001000011000000111101111111000001
000000111101000011111110000001111101111111000010000101111110000011000010111101111111111111000001000011000011111111111011000000000000111110111110000001000000111111000010000011000010111110111110
111111111111000011000011000100111111000011000110000011111110111101000101000001000011111110111110111101111101111111000010000001000011111100000001000010000001111011111010111101111111000001000000
111110111100111101111111111111111101000100111011000101000011111110000010000011111100111100111101000001111110000001111110000010000010000010000001000001000010000010111101000001111111000011111111
000011111101000100000000111101000011000011111111111111111111000010111110000101111110000000000100111101111110000001000100111110111100000100000101000011000101000010000011111110000001000010000010
111101000001111110111100000110000010111101000010111011000011000010111110000010000001000100000100000011000011111111000001000000000101111110000010111110000011111111111110000011000010111111111011
000000000010111100000001111110111110000101000000111100000010111100000000111101111110111101111110000011111111000010000010000011111111111110000101111111000000000101000101000000000000000011000011
111101111110000011000011000011111101111101000001000011000001111110111110111101111101000000111100000011111101111111000011111101000010111111111110000011000001111100000000000001111110111100000000
000001111010000000000100000001000011000011111110111101000010000100000010000011000011000010000001000010111111111111000000000100111111000011000010000100111110111101111101000011111101000011111111
000001000000000010111110111101111111111110000101000010000010000010111101000100111111000011000010000001111101111111111101000011111101000010000010111101111110111110111101000000000100111101111110
000100111101000011000001000000111111111100000011000010111111111110111111000010000011111010000100111111000101111101000011000011111110111101000000000011000000000100000101111100000010000101111110
000101111101111011111110000011111110111110000000000010111101000001000011000010000011000011000000111111000010000011111110000001000001000011111110111011000011000010000001000011000011000011000000
111101111110000000000011111110111111000001111111111100000001111101000010000001000011111110000100000001111101000001111110000011000011000000111110000100000011000011000011111111000011111101111101
000010000001000011111101111100111110111101000010000010111110111110000001000000111101000000111101000001000011111100111101000011000100111110000011111101000111111101111111000011000010111110111101
111100000001111101111111000101111110111011111110000100000010000011111110000010111110000011000000111111000011111101111111111111000011000011000001111110000011000011000001000100000010111100000111
000001000000111111000011111111111100111101000000111110000110000011000010111101000001000011000010111111000100111111111101000010111101000011111101111100111101000000111101111110000001111110111101
111110000101111110111101000010111111111011000011111110000101000000111111000100111111000001111101111111000010111110111111111101111011111110111110111110000001111101111111000011000000111111000011
000011000010111101000011111111111110111111000011111111111111111110000011000000111111000100111010111111000100111110111101111101000011111111111111111111000100000010111101000001111100111101000001
000000111100000011000011000011000011111011111001000011000010111101111101111101111111111111000011000011111111000110000101000001000011000001000010000011000001000010000100111111111111000101000011
111101000100111111111110111110111100000100111101111110000000111101111110000011000001111101111110111101000000000000111110000001111110000001111110000101111110000011000011000101111101000011000011
111101000001000011111111111111111100000011111101111101000001000010000010000001111111000110000000111111111110000011000011000010000100000010000001111101111110000100000100111110111100111011000010
000010000011000000000001000011000010111101000001000011000010000001111101000010000001111110000011000100000011111101111101000001000010000000111101111011111101111101000011000101111110111111111110
000010111111000100111110111010111100111110111101000000111011000001000101111101111111000011111101000100000100000010000011000010000001111110000001111111000011111101000011111110000001111011000011
000011000010000011000001000011000001000010000011000010000011000001000001000000111111000001111111000001000000111111111100000010111101000011111110111011111111000010111110111110000010000100000011
000001000100111111111111111101000010111110000010111101000000111110111110000001000011111101000100000010000011000001111110111100000101000100111110000100111111111110111100000010000011000011000001
000011000010000011111111000101000100111100000010000011000001000000000000000011000011000000000001111110000011000000111100000001111101000010111010111101000010000011000010000000111101111101000001
000001000001000100111111000011000000111110111101000010000010000010000001000000111111111101000011111101000001111011000001111110000101000011000101111101000001000011111101111110111111000010111110
