000000000000000000000000000000000000000000000000000000000000000000000000000000000000000000000000000000000000000000000000000000000000000000000000000000000000000000000000000000000000000000000000
000000000000000000000000000000000000000000000000000000000000000000000000000000000000000000000000000000000000000000000000000000000000000000000000000000000000000000000000000000000000000000000000
000000000000000000000000000000000000000000000000000000000000000000000000000000000000000000000000000000000000000000000000000000000000000000000000000000000000000000000000000000000000000000000000
000000000000000000000000000000000000000000000000000000000000000000000000000000000000000000000000000000000000000000000000000000000000000000000000000000000000000000000000000000000000000000000000
000000000000000000000000000000000000000000000000000000000000000000000000000000000000000000000000000000000000000000000000000000000000000000000000000000000000000000000000000000000000000000000000
000000000000000000000000000000000000000000000000000000000000000000000000000000000000000000000000000000000000000000000000000000000000000000000000000000000000000000000000000000000000000000000000
000000000000000000000000000000000000000000000000000000000000000000000000000000000000000000000000000000000000000000000000000000000000000000000000000000000000000000000000000000000000000000000000
000000000000000000000000000000000000000000000000000000000000000000000000000000000000000000000000000000000000000000000000000000000000000000000000000000000000000000000000000000000000000000000000
000000000000000000000000000000000000000000000000000000000000000000000000000000000000000000000000000000000000000000000000000000000000000000000000000000000000000000000000000000000000000000000000
000000000000000000000000000000000000000000000000000000000000000000000000000000000000000000000000000000000000000000000000000000000000000000000000000000000000000000000000000000000000000000000000
000000000000000000000000000000000000000000000000000000000000000000000000000000000000000000000000000000000000000000000000000000000000000000000000000000000000000000000000000000000000000000000000
000000000000000000000000000000000000000000000000000000000000000000000000000000000000000000000000000000000000000000000000000000000000000000000000000000000000000000000000000000000000000000000000
000000000000000000000000000000000000000000000000000000000000000000000000000000000000000000000000000000000000000000000000000000000000000000000000000000000000000000000000000000000000000000000000
000000000000000000000000000000000000000000000000000000000000000000000000000000000000000000000000000000000000000000000000000000000000000000000000000000000000000000000000000000000000000000000000
000000000000000000000000000000000000000000000000000000000000000000000000000000000000000000000000000000000000000000000000000000000000000000000000000000000000000000000000000000000000000000000000
000000000000000000000000000000000000000000000000000000000000000000000000000000000000000000000000000000000000000000000000000000000000000000000000000000000000000000000000000000000000000000000000
000000000000000000000000000000000000000000000000000000000000000000000000000000000000000000000000000000000000000000000000000000000000000000000000000000000000000000000000000000000000000000000000
000000000000000000000000000000000000000000000000000000000000000000000000000000000000000000000000000000000000000000000000000000000000000000000000000000000000000000000000000000000000000000000000
000000000000000000000000000000000000000000000000000000000000000000000000000000000000000000000000000000000000000000000000000000000000000000000000000000000000000000000000000000000000000000000000
000000000000000000000000000000000000000000000000000000000000000000000000000000000000000000000000000000000000000000000000000000000000000000000000000000000000000000000000000000000000000000000000
000000000000000000000000000000000000000000000000000000000000000000000000000000000000000000000000000000000000000000000000000000000000000000000000000000000000000000000000000000000000000000000000
000000000000000000000000000000000000000000000000000000000000000000000000000000000000000000000000000000000000000000000000000000000000000000000000000000000000000000000000000000000000000000000000
000000000000000000000000000000000000000000000000000000000000000000000000000000000000000000000000000000000000000000000000000000000000000000000000000000000000000000000000000000000000000000000000
000000000000000000000000000000000000000000000000000000000000000000000000000000000000000000000000000000000000000000000000000000000000000000000000000000000000000000000000000000000000000000000000
000000000000000000000000000000000000000000000000000000000000000000000000000000000000000000000000000000000000000000000000000000000000000000000000000000000000000000000000000000000000000000000000
000000000000000000000000000000000000000000000000000000000000000000000000000000000000000000000000000000000000000000000000000000000000000000000000000000000000000000000000000000000000000000000000
000000000000000000000000000000000000000000000000000000000000000000000000000000000000000000000000000000000000000000000000000000000000000000000000000000000000000000000000000000000000000000000000
000000000000000000000000000000000000000000000000000000000000000000000000000000000000000000000000000000000000000000000000000000000000000000000000000000000000000000000000000000000000000000000000
000000000000000000000000000000000000000000000000000000000000000000000000000000000000000000000000000000000000000000000000000000000000000000000000000000000000000000000000000000000000000000000000
000000000000000000000000000000000000000000000000000000000000000000000000000000000000000000000000000000000000000000000000000000000000000000000000000000000000000000000000000000000000000000000000
000000000000000000000000000000000000000000000000000000000000000000000000000000000000000000000000000000000000000000000000000000000000000000000000000000000000000000000000000000000000000000000000
000000000000000000000000000000000000000000000000000000000000000000000000000000000000000000000000000000000000000000000000000000000000000000000000000000000000000000000000000000000000000000000000
000000000000000000000000000000000000000000000000000000000000000000000000000000000000000000000000000000000000000000000000000000000000000000000000000000000000000000000000000000000000000000000000
000000000000000000000000000000000000000000000000000000000000000000000000000000000000000000000000000000000000000000000000000000000000000000000000000000000000000000000000000000000000000000000000
000000000000000000000000000000000000000000000000000000000000000000000000000000000000000000000000000000000000000000000000000000000000000000000000000000000000000000000000000000000000000000000000
000000000000000000000000000000000000000000000000000000000000000000000000000000000000000000000000000000000000000000000000000000000000000000000000000000000000000000000000000000000000000000000000
000000000000000000000000000000000000000000000000000000000000000000000000000000000000000000000000000000000000000000000000000000000000000000000000000000000000000000000000000000000000000000000000
000000000000000000000000000000000000000000000000000000000000000000000000000000000000000000000000000000000000000000000000000000000000000000000000000000000000000000000000000000000000000000000000
000000000000000000000000000000000000000000000000000000000000000000000000000000000000000000000000000000000000000000000000000000000000000000000000000000000000000000000000000000000000000000000000
000000000000000000000000000000000000000000000000000000000000000000000000000000000000000000000000000000000000000000000000000000000000000000000000000000000000000000000000000000000000000000000000
000000000000000000000000000000000000000000000000000000000000000000000000000000000000000000000000000000000000000000000000000000000000000000000000000000000000000000000000000000000000000000000000
000000000000000000000000000000000000000000000000000000000000000000000000000000000000000000000000000000000000000000000000000000000000000000000000000000000000000000000000000000000000000000000000
000000000000000000000000000000000000000000000000000000000000000000000000000000000000000000000000000000000000000000000000000000000000000000000000000000000000000000000000000000000000000000000000
000000000000000000000000000000000000000000000000000000000000000000000000000000000000000000000000000000000000000000000000000000000000000000000000000000000000000000000000000000000000000000000000
000000000000000000000000000000000000000000000000000000000000000000000000000000000000000000000000000000000000000000000000000000000000000000000000000000000000000000000000000000000000000000000000
000000000000000000000000000000000000000000000000000000000000000000000000000000000000000000000000000000000000000000000000000000000000000000000000000000000000000000000000000000000000000000000000
000000000000000000000000000000000000000000000000000000000000000000000000000000000000000000000000000000000000000000000000000000000000000000000000000000000000000000000000000000000000000000000000
000000000000000000000000000000000000000000000000000000000000000000000000000000000000000000000000000000000000000000000000000000000000000000000000000000000000000000000000000000000000000000000000
000000000000000000000000000000000000000000000000000000000000000000000000000000000000000000000000000000000000000000000000000000000000000000000000000000000000000000000000000000000000000000000000
000000000000000000000000000000000000000000000000000000000000000000000000000000000000000000000000000000000000000000000000000000000000000000000000000000000000000000000000000000000000000000000000
000000000000000000000000000000000000000000000000000000000000000000000000000000000000000000000000000000000000000000000000000000000000000000000000000000000000000000000000000000000000000000000000
000000000000000000000000000000000000000000000000000000000000000000000000000000000000000000000000000000000000000000000000000000000000000000000000000000000000000000000000000000000000000000000000
000000000000000000000000000000000000000000000000000000000000000000000000000000000000000000000000000000000000000000000000000000000000000000000000000000000000000000000000000000000000000000000000
000000000000000000000000000000000000000000000000000000000000000000000000000000000000000000000000000000000000000000000000000000000000000000000000000000000000000000000000000000000000000000000000
000000000000000000000000000000000000000000000000000000000000000000000000000000000000000000000000000000000000000000000000000000000000000000000000000000000000000000000000000000000000000000000000
000000000000000000000000000000000000000000000000000000000000000000000000000000000000000000000000000000000000000000000000000000000000000000000000000000000000000000000000000000000000000000000000
000000000000000000000000000000000000000000000000000000000000000000000000000000000000000000000000000000000000000000000000000000000000000000000000000000000000000000000000000000000000000000000000
000000000000000000000000000000000000000000000000000000000000000000000000000000000000000000000000000000000000000000000000000000000000000000000000000000000000000000000000000000000000000000000000
000000000000000000000000000000000000000000000000000000000000000000000000000000000000000000000000000000000000000000000000000000000000000000000000000000000000000000000000000000000000000000000000
000000000000000000000000000000000000000000000000000000000000000000000000000000000000000000000000000000000000000000000000000000000000000000000000000000000000000000000000000000000000000000000000
000000000000000000000000000000000000000000000000000000000000000000000000000000000000000000000000000000000000000000000000000000000000000000000000000000000000000000000000000000000000000000000000
000000000000000000000000000000000000000000000000000000000000000000000000000000000000000000000000000000000000000000000000000000000000000000000000000000000000000000000000000000000000000000000000
000000000000000000000000000000000000000000000000000000000000000000000000000000000000000000000000000000000000000000000000000000000000000000000000000000000000000000000000000000000000000000000000
000000000000000000000000000000000000000000000000000000000000000000000000000000000000000000000000000000000000000000000000000000000000000000000000000000000000000000000000000000000000000000000000
000000000000000000000000000000000000000000000000000000000000000000000000000000000000000000000000000000000000000000000000000000000000000000000000000000000000000000000000000000000000000000000000
000000000000000000000000000000000000000000000000000000000000000000000000000000000000000000000000000000000000000000000000000000000000000000000000000000000000000000000000000000000000000000000000
000000000000000000000000000000000000000000000000000000000000000000000000000000000000000000000000000000000000000000000000000000000000000000000000000000000000000000000000000000000000000000000000
000000000000000000000000000000000000000000000000000000000000000000000000000000000000000000000000000000000000000000000000000000000000000000000000000000000000000000000000000000000000000000000000
000000000000000000000000000000000000000000000000000000000000000000000000000000000000000000000000000000000000000000000000000000000000000000000000000000000000000000000000000000000000000000000000
000000000000000000000000000000000000000000000000000000000000000000000000000000000000000000000000000000000000000000000000000000000000000000000000000000000000000000000000000000000000000000000000
000000000000000000000000000000000000000000000000000000000000000000000000000000000000000000000000000000000000000000000000000000000000000000000000000000000000000000000000000000000000000000000000
000000000000000000000000000000000000000000000000000000000000000000000000000000000000000000000000000000000000000000000000000000000000000000000000000000000000000000000000000000000000000000000000
000000000000000000000000000000000000000000000000000000000000000000000000000000000000000000000000000000000000000000000000000000000000000000000000000000000000000000000000000000000000000000000000
000000000000000000000000000000000000000000000000000000000000000000000000000000000000000000000000000000000000000000000000000000000000000000000000000000000000000000000000000000000000000000000000
000000000000000000000000000000000000000000000000000000000000000000000000000000000000000000000000000000000000000000000000000000000000000000000000000000000000000000000000000000000000000000000000
000000000000000000000000000000000000000000000000000000000000000000000000000000000000000000000000000000000000000000000000000000000000000000000000000000000000000000000000000000000000000000000000
000000000000000000000000000000000000000000000000000000000000000000000000000000000000000000000000000000000000000000000000000000000000000000000000000000000000000000000000000000000000000000000000
000000000000000000000000000000000000000000000000000000000000000000000000000000000000000000000000000000000000000000000000000000000000000000000000000000000000000000000000000000000000000000000000
000000000000000000000000000000000000000000000000000000000000000000000000000000000000000000000000000000000000000000000000000000000000000000000000000000000000000000000000000000000000000000000000
000000000000000000000000000000000000000000000000000000000000000000000000000000000000000000000000000000000000000000000000000000000000000000000000000000000000000000000000000000000000000000000000
000000000000000000000000000000000000000000000000000000000000000000000000000000000000000000000000000000000000000000000000000000000000000000000000000000000000000000000000000000000000000000000000
000000000000000000000000000000000000000000000000000000000000000000000000000000000000000000000000000000000000000000000000000000000000000000000000000000000000000000000000000000000000000000000000
000000000000000000000000000000000000000000000000000000000000000000000000000000000000000000000000000000000000000000000000000000000000000000000000000000000000000000000000000000000000000000000000
000000000000000000000000000000000000000000000000000000000000000000000000000000000000000000000000000000000000000000000000000000000000000000000000000000000000000000000000000000000000000000000000
000000000000000000000000000000000000000000000000000000000000000000000000000000000000000000000000000000000000000000000000000000000000000000000000000000000000000000000000000000000000000000000000
000000000000000000000000000000000000000000000000000000000000000000000000000000000000000000000000000000000000000000000000000000000000000000000000000000000000000000000000000000000000000000000000
000000000000000000000000000000000000000000000000000000000000000000000000000000000000000000000000000000000000000000000000000000000000000000000000000000000000000000000000000000000000000000000000
000000000000000000000000000000000000000000000000000000000000000000000000000000000000000000000000000000000000000000000000000000000000000000000000000000000000000000000000000000000000000000000000
000000000000000000000000000000000000000000000000000000000000000000000000000000000000000000000000000000000000000000000000000000000000000000000000000000000000000000000000000000000000000000000000
000000000000000000000000000000000000000000000000000000000000000000000000000000000000000000000000000000000000000000000000000000000000000000000000000000000000000000000000000000000000000000000000
000000000000000000000000000000000000000000000000000000000000000000000000000000000000000000000000000000000000000000000000000000000000000000000000000000000000000000000000000000000000000000000000
000000000000000000000000000000000000000000000000000000000000000000000000000000000000000000000000000000000000000000000000000000000000000000000000000000000000000000000000000000000000000000000000
000000000000000000000000000000000000000000000000000000000000000000000000000000000000000000000000000000000000000000000000000000000000000000000000000000000000000000000000000000000000000000000000
000000000000000000000000000000000000000000000000000000000000000000000000000000000000000000000000000000000000000000000000000000000000000000000000000000000000000000000000000000000000000000000000
000000000000000000000000000000000000000000000000000000000000000000000000000000000000000000000000000000000000000000000000000000000000000000000000000000000000000000000000000000000000000000000000
000000000000000000000000000000000000000000000000000000000000000000000000000000000000000000000000000000000000000000000000000000000000000000000000000000000000000000000000000000000000000000000000
000000000000000000000000000000000000000000000000000000000000000000000000000000000000000000000000000000000000000000000000000000000000000000000000000000000000000000000000000000000000000000000000
000000000000000000000000000000000000000000000000000000000000000000000000000000000000000000000000000000000000000000000000000000000000000000000000000000000000000000000000000000000000000000000000
000000000000000000000000000000000000000000000000000000000000000000000000000000000000000000000000000000000000000000000000000000000000000000000000000000000000000000000000000000000000000000000000
000000000000000000000000000000000000000000000000000000000000000000000000000000000000000000000000000000000000000000000000000000000000000000000000000000000000000000000000000000000000000000000000
000000000000000000000000000000000000000000000000000000000000000000000000000000000000000000000000000000000000000000000000000000000000000000000000000000000000000000000000000000000000000000000000
000000000000000000000000000000000000000000000000000000000000000000000000000000000000000000000000000000000000000000000000000000000000000000000000000000000000000000000000000000000000000000000000
000000000000000000000000000000000000000000000000000000000000000000000000000000000000000000000000000000000000000000000000000000000000000000000000000000000000000000000000000000000000000000000000
000000000000000000000000000000000000000000000000000000000000000000000000000000000000000000000000000000000000000000000000000000000000000000000000000000000000000000000000000000000000000000000000
000000000000000000000000000000000000000000000000000000000000000000000000000000000000000000000000000000000000000000000000000000000000000000000000000000000000000000000000000000000000000000000000
000000000000000000000000000000000000000000000000000000000000000000000000000000000000000000000000000000000000000000000000000000000000000000000000000000000000000000000000000000000000000000000000
000000000000000000000000000000000000000000000000000000000000000000000000000000000000000000000000000000000000000000000000000000000000000000000000000000000000000000000110000000000000000000000000
000000000000000000000000000000000000000000000000000000000000000000000000000000000000000000000000000000000000000000000000000000000000000000000000000000000000000000111010000000000000000000000000
000000000000000000000000000000000000000000000000000000000000000000000000000000000000000000000000000000000000000000000000000000000000000000000000000000000000000000111001000000000000000000000000
000000000000000000000000000000000000000000000000000000000000000000000000000000000000000000000000000000000000000000000000000000000000000000000000000000000000000000000001000000000000000000000000
000000000000000000000000000000000000000000000000000000000000000000000000000000000000000000000000000000000000000000000000000000000000000000000000000000000000000000111011000000000000000000000000
000000000000000000000000000000000000000000000000000000000000000000000000000000000000000000000000000000000000000000000000000000000000000000000000000000000000000000000011000000000000000000000000
000000000000000000000000000000000000000000000000000000000000000000000000000000000000000000000000000000000000000000000000000000000000000000000000000000000000000000111110000000000000000000000000
000000000000000000000000000000000000000000000000000000000000000000000000000000000000000000000000000000000000000000000000000000000000000000000000000000000000000000000110000000000000000000000000
000000000000000000000000000000000000000000000000000000000000000000000000000000000000000000000000000000000000000000000000000000000000000000000000000000000000000000000010000000000000000000000000
000000000000000000000000000000000000000000000000000000000000000000000000000000000000000000000000000000000000000000000000000000000000000000000000000000000000000000111100000000000000000000000000
000000000000000000000000000000000000000000000000000000000000000000000000000000000000000000000000000000000000000000000000000000000000000000000000000000000000000000111000000000000000000000000000
000000000000000000000000000000000000000000000000000000000000000000000000000000000000000000000000000000000000000000000000000000000000000000000000000000000000000000111001000000000000000000000000
000000000000000000000000000000000000000000000000000000000000000000000000000000000000000000000000000000000000000000000000000000000000000000000000000000000000000000000011000000000000000000000000
000000000000000000000000000000000000000000000000000000000000000000000000000000000000000000000000000000000000000000000000000000000000000000000000000000000000000000111000000000000000000000000000
000000000000000000000000000000000000000000000000000000000000000000000000000000000000000000000000000000000000000000000000000000000000000000000000000000000000000000000110000000000000000000000000
000000000000000000000000000000000000000000000000000000000000000000000000000000000000000000000000000000000000000000000000000000000000000000000000000000000000000000000110000000000000000000000000
000000000000000000000000000000000000000000000000000000000000000000000000000000000000000000000000000000000000000000000000000000000000000000000000000000000000000000000100000000000000000000000000
000000000000000000000000000000000000000000000000000000000000000000000000000000000000000000000000000000000000000000000000000000000000000000000000000000000000000000111110000000000000000000000000
000000000000000000000000000000000000000000000000000000000000000000000000000000000000000000000000000000000000000000000000000000000000000000000000000000000000000000000000000000000000000000000000
000000000000000000000000000000000000000000000000000000000000000000000000000000000000000000000000000000000000000000000000000000000000000000000000000000000000000000000010000000000000000000000000
000000000000000000000000000000000000000000000000000000000000000000000000000000000000000000000000000000000000000000000000000000000000000000000000000000000000000000000011000000000000000000000000
000000000000000000000000000000000000000000000000000000000000000000000000000000000000000000000000000000000000000000000000000000000000000000000000000000000000000000110100000000000000000000000000
000000000000000000000000000000000000000000000000000000000000000000000000000000000000000000000000000000000000000000000000000000000000000000000000000000000000000000111111000000000000000000000000
000000000000000000000000000000000000000000000000000000000000000000000000000000000000000000000000000000000000000000000000000000000000000000000000000000000000000000111110000000000000000000000000
000000000000000000000000000000000000000000000000000000000000000000000000000000000000000000000000000000000000000000000000000000000000000000000000000000000000000000000011000000000000000000000000
000000000000000000000000000000000000000000000000000000000000000000000000000000000000000000000000000000000000000000000000000000000000000000000000000000000000000000001000000000000000000000000000
000000000000000000000000000000000000000000000000000000000000000000000000000000000000000000000000000000000000000000000000000000000000000000000000000000000000000000110111000000000000000000000000
000000000000000000000000000000000000000000000000000000000000000000000000000000000000000000000000000000000000000000000000000000000000000000000000000000000000000000111010000000000000000000000000
000000000000000000000000000000000000000000000000000000000000000000000000000000000000000000000000000000000000000000000000000000000000000000000000000000000000000000000100000000000000000000000000
000000000000000000000000000000000000000000000000000000000000000000000000000000000000000000000000000000000000000000000000000000000000000000000000000000000000000000000010000000000000000000000000
000000000000000000000000000000000000000000000000000000000000000000000000000000000000000000000000000000000000000000000000000000000000000000000000000000000000000000000010000000000000000000000000
000000000000000000000000000000000000000000000000000000000000000000000000000000000000000000000000000000000000000000000000000000000000000000000000000000000000000000111001000000000000000000000000
000000000000000000000000000000000000000000000000000000000000000000000000000000000000000000000000000000000000000000000000000000000000000000000000000000000000000000000101000000000000000000000000
000110000000000000000000000000000000000000000000000000000000000000000000000000000000000000000000000000000000000000000000000000000000000000000000000000000000000000000001000000000000000000000000
111010000000000000000000000000000000000000000000000000000000000000000000000000000000000000000000000000000000000000000000000000000000000000000000000000000000000000000101000000000000000000000000
000111000000000000000000000000000000000000000000000000000000000000000000000000000000000000000000000000000000000000000000000000000000000000000000000000000000000000000110000000000000000000000000
000001000000000000000000000000000000000000000000000000000000000000000000000000000000000000000000000000000000000000000000000000000000000000000000000000000000000000111101000000000000000000000000
111011000000000000000000000000000000000000000000000000000000000000000000000000000000000000000000000000000000000000000000000000000000000000000000000000000000000000000000000000000000000000000000
000011000000000000000000000000000000000000000000000000000000000000000000000000000000000000000000000000000000000000000000000000000000000000000000000000000000000000111100000000000000000000000000
111110000000000000000000000000000000000000000000000000000000000000000000000000000000000000000000000000000000000000000000000000000000000000000000000000000000000000111110000000000000000000000000
111010000000000000000000000000000000000000000000000000000000000000000000000000000000000000000000000000000000000000000000000000000000000000000000000000000000000000001000000000000000000000000000
000010000000000000000000000000000000000000000000000000000000000000000000000000000000000000000000000000000000000000000000000000000000000000000000000000000000000010000000000000000000000000000000
111100000000000000000000000000000000000000000000000000000000000000000000000000000000000000000000000000000000000000000000000000000000000000000000000000000000000111000000000000000000000000000000
001000000000000000000000000000000000000000000000000000000000000000000000000000000000000000000000000000000000000000000110000000000000000000000000000000000000111110000000000000000000000000000000
000111000000000000000000000000000000000000000000000000000000000000000000000000000000000000000000000000000000000000000110000000000000000000000000000000000000111011000000000000000000000000000000
111101000000000000000000000000000000000000000000000000000000000000000000000000000000000000000000000000000000000000111011000000000000000000000000000000000000111110000000000000000000000000000000
111000000000000000000000000000000000000000000000000000000000000000000000000000000000000000000000000000000000000000111111000000000000000000000000000000000000111101000000000000000000000000000000
111010000000000000000000000000000000000000000000000000000000000000000000000000000000000000000000000000000000000000111101000000000000000000000000000000000000000011000000000000000000000000000000
111010000000000000000000000000000000000000000000000000000000000000000000000000000000000000000000000000000000000000111101000000000000000000000000000000000000111110000000000000000000000000000000
111100000000000000000000000000000000000000000000000000000000000000000000000000000000000000000000000000000000000000000010000000000000000000000000000000000000000000000000000000000000000000000000
111110000000000000000000000000000000000000000000000000000000000000000000000000000000000000000000000000000000000000000110000000000000000000000000000000000000000101000000000000000000000000000000
000000000000000000000000000000000000000000000000000000000000000000000000000000000000000000000000000000111010000000111110000000000000000000000000000000000000000110000000000000000000000000000000
111110000000000000000000000000000000000000000000000000000000000000000000000000000000000000000000000000111010000000000100000000000000000000000000000000000000111101000000000000000000000000000000
111101000000000000000000000000000000000000000000000000000000000000000000000000000000000000000000000000111001000000001000000000000000000000000000000000000000111010000000000000000000000000000000
110100000000000000000000000000000000000000000000000000000000000000000000000000000000000000000000000000000001000000000111000000000000000000000000000000000000111110000000000000000000000000000000
000001000000000000000000000000000000000000000000000000000000000000000000000000000000000000000000000000111011000000111101000000000000000000000000000000000000000001000000000000000000000000000000
000010000000000000000000000000000000000000000000000000000000000000000000000000000000000000000000000000000011000000111000000000000000000000000000000000000000111101000000000000000000000000000000
111101000000000000000000000000000000000000000000000000000000000000000000111010000000000000000000000000000010000000111010000000000000000000000000000000000000111110000000000000000000000000000000
111000000000000000000000000000000000000000000000000000000000000000000000111010000000000000000000000000000110000000000110000000000000000000000000000000000000001001000000000000000000000000000000
110111000000000000000000000000000000000000000000000000000000000000000000000111000000000000000000000000111110000000111100000000000000000000000000000000000000111001000000000000000000000000000000
111010000000000000000000000000000000000000000000000000000000000000000000000001000000000000000000000000000100000000111110000000000000000000000000000000000000111010000000000000000000000000000000
111100000000000000000000000000000000000000000000000000000000000000000000000101000000000000000000000000001000000000000000000000000000000000000000000000000000000100000000000000000000000000000000
111110000000111010000000000000000000000000000000000000000000000000000000111101000000000000000000000000111001000000000010000000000000000000000000000000000000000101000000000000000000000000000000
111110000000000110000000000000000000000000000000000000000000000000000000000010000000000000000000000000000011000000111101000000000000000000000000000000000000000000000000000000000000000000000000
111001000000000111000000000000000000000000000000000000000000000000000000111010000000000000000000000000111000000000001100000000000000000000000000000000000000000010000000000000000000000000000000
000101000000000001000000000000000000000000000000000000000000000000000000000010000000000000000000000000000110000000000001000000000000000000000000000000000000111110000000000000000000000000000000
111111000000111011000000000000000000000000000000000000000000000000000000000100000000000000000000000000000110000000111110000000000000000000000000000000000000111111000000000000000000000000000000
000101000000000011000000000000000000000000000000000000000000000000000000001000000000000000000000000000000100000000000011000000000000000000000000000000000000000110000000000000000000000000000000
000110000000111110000000000000000000000000000000000000000000000000000000111001000000000000000000000000111110000000001000000000000000000000000000000000000000111110000000000000000000000000000000
111101000000000110000000000000000000000000000000000000000000000000000000000011000000000000000000000000000000000000001001000000000000000000000000000000000000111101000000000000000000000000000000
000000000000000010000000000000000000000000000000000000000000000000000000001000000000000000000000000000111110000000111010000000000000000000000000000000000000000000000000000000000000000000000000
000100000000000100000000000000000000000000000000000000000000000000000000000110000000000000000000000000111101000000111100000000000000000000000000000000000000111010000000000000000000000000000000
111110000000111000000000000000000000000000000000000000000000000000000000000110000000000000000000000000001100000000000010000000000000000000000000000000000000110101000000000000000000000000000000
001000000000000111000000000000000000000000000000000000000000000000000000000100000000000000000000000000000001000000111110000000000000000000000000000000000000000111000000000000000000000000000000
111110000000111101000000000000000000000000000000000000000000000000000000000010000000000000000000000000111110000000111001000000000000000000000000000000000000111111000000111010000000000000000000
111001000000001000000000000000000000000000000000000000000000000000000000000000000000000000000000000000111101000000111011000000000000000000000000000000000000000000000000111010000000000000000000
111110000000111010000000000000000000000000000000000000000000000000000000000010000000000000000000000000001000000000000001000000000000000000000000000000000000111011000000111001000000000000000000
111011000000111010000000000000000000000000000000000000000000000000000000111101000000000000000000000000110111000000000101000000000000000000000000000000000000000000000000000001000000000000000000
111110000000000100000000000000000000000000000000000000000000000000000000001100000000000000000000000000000110000000000110000000000000000000000000000000000000000010000000111011000000000000000000
111101000000000010000000000000000000000000000000000000000000000000000000111111000000000000000000000000111100000000111101000000000000000000000000000000000000000001000000111101000000000000000000
111101000000000000000000000000000000000000000000000000000000000000000000000010000000000000000000000000111110000000000000000000000000000000000000000000000000000101000000000010000000000000000000
000010000000000010000000000000000000000000000000000000000000000000000000111101000000000000000000000000111110000000000100000000000000000000000000000000000000000010000000111010000000000000000000
000000000000000011000000000000000000000000000000000000000000000000000000111000000000000000000000000000111001000000111110000000000000000000000000000000000000111110000000000010000000000000000000
000101000000110100000000000000000000000000000000000000000000000000000000110111000000000000000000000000000101000000111000000000000000000000000000000000000000111000000000111100000000000000000000
111010000000111111000000000000000000000000000000000000000000000000000000111010000000000000000000000000111111000000111110000000000000000000000000000000000000111110000000001000000000000000000000
111101000000000010000000000000000000000000000000000000000000000000000000111100000000000000000000000000111011000000111001000000000000000000000000000000000000000100000000000111000000000000000000
111010000000111101000000000000000000000000000000000000000000000000000000000010000000000000000000000000000110000000111110000000000000000000000000000000000000000010000000111101000000000000000000
000010000000111000000000000000000000000000000000000000000000000000000000000010000000000000000000000000000011000000000101000000000000000000000000000000000000000010000000001000000000000000000000
111111000000001001000000000000000000000000000000000000000000000000000000000111000000000000000000000000000000000000111110000000000000000000000000000000000000111111000000000110000000000000000000
000010000000111010000000000000000000000000000000000000000000000000000000111011000000000000000000000000111100000000000011000000000000000000111010000000000000000010000000000110000000000000000000
111110000000000100000000000000000000000000000000000000000000000000000000000001000000000000000000000000111110000000000011000000000000000000111010000000000000111001000000111100000000000000000000
001001000000000010000000000000000000000000000000000000000000000000000000000101000000000000000000000000111000000000111110000000000000000000000111000000000000111100000000111110000000000000000000
111001000000000010000000000000000000000000000000000000000000000000000000000110000000000000000000000000111110000000000000000000000000000000111111000000000000000010000000000000000000000000000000
111010000000000111000000000000000000000000000000000000000000000000111010000011000000000000000000000000111001000000111011000000000000000000000101000000000000000010000000111110000000000000000000
000100000000000101000000000000000000000000000000000000000000000000111010000000000000000000000000000000111110000000000110000000000000000000111101000000000000111000000000000011000000000000000000
111011000000111111000000000000000000000000000000000000000000000000111001000100000000000000000000000000111011000000000011000000000000000000111110000000000000111001000000110100000000000000000000
000000000000111011000000000000000000000000000000000000000000000000000001000010000000000000000000000000111110000000000110000000000000000000000110000000000000000110000000111111000000000000000000
000010000000111010000000000000000000000000000000000000000000000000000101111000000000000000000000000000000011000000000010000000000000000000111110000000000000111101000000000010000000000000000000
111110000000111101000000000000000000000000000000000000000000000000111101000010000000000000000000000000000011000000111111000000000000000000000100000000000000001001000000111101000000000000000000
000001000000000000000000000000000000000000000000000000111010000000000010000111000000000000000000000000000010000000000011000000000000000000111000000000000000000010000000001000000000000000000000
000110000000111100000000000000000000000000000000000000111010000000000110000010000000000000000000000000000000000000000010000000000000000000111001000000000000111110000000110111000000000000000000
000010000000000010000000000000000000000000000000000000000111000000111110000101000000000000000000000000111011000000001001000000000000000000111101000000000000000001000000000110000000000000000000
111101000000001000000000000000000000000000000000000000000001000000000100111111000000000000000000000000000110000000000111000000000000000000001000000000000000001000000000111100000000000000000000
000000000000111110000000000000000000000000000000000000111011000000111000111101000000000000000000000000000011000110000000000000000000000000111010000000000000000101000000111110000000000000000000
111010000000000111000000000000000000000000000000000000111101000000000111111101000000000000000000000000000110111100000000000000000000000000000110000000000000111111000000000010000000000000000000
110101000000000010000000000000000000000000000000000000000010000000000011000010000000000000000000000000000010111011000000000000000000000000000100000000000000000011000000000111000000000000000000
111001000000111011000000000000000000000000000000000000111010000000111000000000000000000000000000000000111111000000000000000000000000000000000010000000000000000010000000000101000000000000000000
111111000000000010000000000000000000000000000000000000111110000000111010000101000000000000000000000000000011111110000000000000000000000000000000000000000000000100000000000001000000000000000000
000000000000000011000000000000000000000000000000000000111100000000111010111010000000000000000000000000000010111110000000000000000000000000000010000000000000111110000000000101000000000000000000
000101000000000011000000000000000000000000000000000000111000000000111100111101000000000000000000000000110111000001000000000000000000000000000011000000000000000011000000000110000000000000000000
000000000000111110000000000000000000000000000000000000000111000000111110111010000000000000000000000000111001111010000000000000000000000000001100000000000000000001000000111101000000000000000000
000010000000000000000000000000000000000000000000000000111101000000000000000010000000000000000000000000111010000010000000000000000000000000000001000000000000000000000000000000000000000000000000
111111000000111011000000000000000000000000000110000000111000000000000010000001000000000000000000000000111100000011000000000000000000000000111110000000000000000011000000111100000000000000000000
000101000000111010000000000000000000000000000110000000000110000000000011000011000000000000000000000000111101000000000000000000000000000000111101000000000000111011000000000010000000000000000000
000010000000111101000000000000000000000000000111000000000110000000110100111110000000000000000000000000000001000110000000000000000000000000001000000000000000111011000000111001000000000000000000
111110000000111010000000000000000000000000111111000000000100000000111111001001000000000000000000000000111110110101000000000000000000000000001001000000000000000010000000111110000000000000000000
111000000000111110000000000000000000000000000101000000111110000000111110111001000000000000000000000000000010000111000000000000000000000000111010000000000000111111000000000111000000000000111011
111110000000111111000000000000000000000000000011000000000000000000111101111010000000000000000000000000111111111111000000000000000000000000111100000000000110111111000000111110000000000000111010
111011000000111101000000000000000000000000111110000000111110000000001000000100000000000000000000000000000110000000000000000000000000000000111110000000000110000100000000000101000000000000000111
111110000000111110000000000000000000000000000110000000000011000000110111111011000000000000000000000000111110111011000000000000000000000000000010000000000111111110000000111110000000000000000001
111110000000001001000000000000000000000000000010000000001100000000111010000000000000000000000000000000111101000000000000000000000000000000111001000000111111001000000000000011000000000000111011
111111000000000111000000000000000000000000111100000000111111000000000100000010000000000000000000000000000000000010000000000000000000000000111101000000000101111001000000111101000000000000000011
000010000000000110000000000000000000000000001000000000111110000000111110000010000000000000000000000000111010000001000000000110000000000000000001000000111101000010000000000010000000000000000010
111001000000000100000000000000000000000000000111000000111101000010000000111111000000000000000000000000001011000101000000000110000000000000111011000000000010000001000000000000000000000000000110
000100000000000101000000000000000000000000000011000000001000000111000000111010000000000000000000000000111001111110000000111001000000000000111010000000000110111110000000111011000000000000000010
111110000000000000000000000000000000000000001000000000001001111011000000000010000000000000000000000000111111111110000000000001000000000000111101000000111110111100000000000110000000000000000100
111110000000111110000000000000000000000000111010000000111010000001000000000011000000000000000000000000000000111000000000111011000000000000000000000000000100111110000000000011000000000000001000
111000000000000010000000000000000000000000111010000000000100111011000000000000000000000000000000000000000101000010000000111101000000000000111100000000001000111001000000000110000000000000111001
000111000000000001000000000000000000000000000100000000000010111010000000111010000000000000000000000000000000000101000000111110000000000000111110000000000111000010000000111110000000000000000011
111010000000111010000000000000000000000000111110000000000010111101000000001011000000000000000000000000000010111110000000111010000000000000111000000000000011000001000000111111000000000000111000
000011000000000010000000000000000000000000000000000000111010000000000000000111000000000000000000000000111111000010000000000010000000000000000010000000001000111101000000111101000000000000111010
001001000000111101000000000000000110000000000010000000000101000100000000000001000000000000000000000000000101000001000000000100000000000000111001000000000110111100000000000010000000000000111010
000010000000000000000000000000000110000000111101000000000001000010000000000000000000000000000000000010000000111110000000001000000000000000111110000000111010000110000000110111000000000000000100
000010000000000110000000000000000111000000001100000000000101001000000000000101000000000000000000000010000000000111000000111001000000000000000101000000111100000101000000000111000000000000111110
111111000000110101000000000000000001000000000001000000000110000010000000000000000000000000000000111000000000000100000000000011000000000000000010000000111110000010000000000110000000000000000000
001000000000000111000000000000111011000000111110000000111101000111000000111110000000000000000000000010000000111110000000001000000000000000000011000000000000111010000000000100000000000000111110
111011000000111111000000000000111101000000111101000000000000000010000000111111000000000000000000111011000000111110000000000110000000000000000011000000000010000010000000111011000000000000111101
111111000000000000000000000000111110000000001000000000000100111011000000000101000000000000000000111110000000001000000000000110000000000000111110000000111101000110000000000000000000000000110100
000011000000111011000000000000000110000000001001000000000010000010000000111110000000000000000000000010000000000111000000000100000000000000000000000000110100111000000000000010000000000000000001
111110000000000000000000000000111110000000111010000000001000000011000000000010000000000000000000000001000000000110000000111110000000000000111011000000111111000000000000000010000000000000111110
000100000000000010000000000000000100000000000100000000111110111101000000001000000000000000000000111110000000111101000000000000000000000000000110000000000010111111000000111111000000000000111101
000010000000000001000000000000001000000000000010000000000111111110000000111110000000000000000000000111000000001001000000111110000000000000111101000000000011000101000000111010000000000000001000
000011000000000101000000000000111001000000111110000000000010000000000000111011000000000000000000000100000000000010000000111101000000000000000110000000001000111110000000111110000000000000001001
111111000000000010000000000000000011000000111001000000000101111011000000000010000000000000000000000010000000000010000000110100000000000000000010000000110111000000000000111101000000000000111010
000000000000111110000000000000001000000000000101000000111110000110000000000010000000000000000000111110000000111111000000111111000000000000111111000000111010111011000000000000000000000000000100
000011000000001000000000000000111010000001000000000000000011111101000000000001000000000000000000111000000000111000000000111110000000000000000011000000111100111010000000000110000000000000000010
111011000000111110000000000000000110000101000000000000111101000110000000000010000000000000000110000111000000000101000000111101000000000000111110000000000010000010000000001011000000000000111110
111010000000000101000000000000111100111010000000000000000010000010000000000111000000000000111010111010000000000001000000111000000000000000110111000000111110111110000000000111000000000000111001
111110000000000010000000000000000010000011000000000000000000000001000000000100000000000000000111000011000000000011000000001001000000000000111001000000000111000000000000000001000000000000111011
111111000000111110000000000000000000000000000000000000000101111101000000111110000000000000000001001001000000000010000000000110000000000000111010000000000101110101000000000000000000000000111111
111111000000111111000000000000000010000100000000000000111010111110000000111110000000000000111011000010000000111100000000111101000000000000000100000000111111000011000000111011000000000000000101
111100000000000010000000000000000011111110000000000000111101001001000000111000000000000000000011111110000000111110000000111110000000000000111011000000000101111000000000000000000000000000111010
111110000000000111000000000000110100001000000000000000000110111001000000111001000000000000000010111111000000111101000000111110000000000000000000000000000110111001000000111110000000000000111101
111000000000111100000000000000000001000010000000000000000010000110000000111010000000000110000110111000000000000001000000111001000000000000000010000000000011111101000000111111000000000000000000
111001000000000010000000000000111110111001000000000000000001111100000000000011000000111010000010111011000000000000000000111011000000000000000010000000000000000100000000000101000000000000111100
111110000000000010000000000000111101000010000000000000000011000101000000110111000000111001000100000001000000111101000000000001000000000000111111000000000100111001000000111110000000000000111110
000001000000111000000000000000111000111011000000000000000010000000000000111110000000000001001000000011000000111011000000111011000000000000000110000000111110111011000000000010000000000000001000
000010000000000111000000000000001001111110000000000000110111111110000000000010000000111011000111000010000000000110000000000110000000000000000010000000001000000010000000001000000000000000111110
111100000000111010000000000000111100111101000000000000111001111110000000111111000000111101000011111100000000111110000000000011000000000000000011000000000010111111000000111110000000000000111001
111110000000111101000000000000111100111101000000000000000110111111000000001000000000000010111000111110000000000001000000000000000000000000000000000000111001111011000000111011000000000000111110
111001000000001001000000000000111110111110000000000000000100000110000000000101000000111010111010000011000000111111000000000100000000000000000110000000111110000101000000111110000000000000111011
000010000000111110000000000000111110000000000000000000000101000010000000000001000000111110111010111111000000000100000000000010000000000000001011000101000000111001000000000010000000000000111110
000001000000000010000000000000000111111011000000000000000000111101000000000011000000000100000100000000000000000010000000001000000000000000111001000010000000111111000000000001000000000000111101
000011000000111111000000000000000101111100000000000000000010000000000000111110000000111000000010000011000000001000000000000010000000000000000001111101000000111110000000111110000000000000000011
000100000000111000000000000000000001000011000000000000111110000110000000000100000000111001000000111011000000000111000000111001000000000000000000111101000000111110000000111001000000000000111110
000110000000000101000000000000111011000110000000000000000001110101000000000010000000111101000010000110000000111110000000000010000000000000111011111110000000111100000000111100000000000000000000
111011000000000001000000000000111010000010000000000000000110111001000000111101000000001000000011000010000000000001000000000101000000000000000000000000000000111100000000000010000000000000000101
000010000000000011000000000000111101000001000000000000111110111111000000111111000000111010001100111111000000111110000000111110000000000000111110111011000000111010000000111110000000000000000110
000101000000111110000000000110000000111101000000000000000011000000000000000000000000000110111111000001000000000100000000111101000000000000000001000110000000000010000000001000000000000000111101
000010000000000100000000000110000100000010000000000000000000111011000000111101000000000100000010000100000000000010000000000011000000000000111011000011000000000011000000000111000000000000111010
000110000000111110000000111001000010110111000000000000111010000000000000000101000000111110111101111110000000000111000000111110000000000000111110111010000000111010000000000110000000000000000010
001000000000111101000000111111001000111001000000000000110101111110000000111010000000000000111000111000000000000010000000000000000000000000000010000010000000001010000000000011000000000000111111
000000000000111111000000000101000010111010000000000000111001111111000000111110000000111110110111000111000000111111000000000101000000000000111000111111000000000010000000110111000000000000000011
000001000000000000000000000011111001111100000000000000111111000101000000000001000000111101111010111110000000111101000000000110000000000000111110111101000000000011000000000010000000000000111110
000101000000000011000000000010000010111011000000000000000000000010000000111111000000001100111100111111000000000100000000111101000000000000000101000010000000111110000000111110000000000000001001
000010000000111011000000000110111011000000000000000000111011000010000000000100000000000001000010111110000000000110000000111010000000000000111110001001000000111110000000000001000000000000000111
000000000000000110000000000010000010111110000000000000000000001000000000111110000000000010111110111100000000000101000000000010000000000000111110000111000000000011000000001000000000000000000110
111011000000111110000000000100111101000010000000000000111110000010000000111000000000000011111001000010000000111110000000111111000110000000000000000110000000111111000000111011000000000000111100
111010000000111111000000111000111101000001000000000000111111111011000000111001000000001000111011000111000000000110000000000011000110000000000010000100000000000100000000111111000000000000000101
111110000000111111000000000111000010111010000000000000111011000010000000000010000000001001111111111110000000111110000000000010000111000000111001111011000000000001000000000011000000000000000000
111110000000111100000000111101000000111110000000000000111110111110000000111111000000000110111011111111000000111010000000110111000001000000000100000000000000000100000000111110000000000000000010
000000000000111110000000111000000101000011000000000000111110000001000000111110000000111100000110111101000000001000000000111001111011000000111110111110000000001000000000111100000000000000000010
110101000000111000000000111010000110000000000000000000001000111110000000000100000000111110000011111100000000000000000000111010000011000000000010000010111010000101000000000010000000000000111111
111101000000111001000000111010111101111010000000000000000010111001000000111110000000000010000000111010000000111111000000000011111110000000111000111111000110000101000000111101000000111010111010
001000000000000010000000000100000110001011000000000000111011000100000000111001000000111001111100111011000000000101000000111011111010000000000111111010111001111110000000111111000000111010111110
111001000000111111000000000010000010000111000000000000000010111110000000000010000000111011111110000010000000000010000000000000111110000000111010111110111111111110000000000000000000000111000011
000011000000111110000000000000111111111111000000000000111110111110000000111111000000111111111000000110000000000000000000000010000100000000111101000011111011000011000000111101000000000001000000
111100000000000100000000000010111101000000111010000000000001111000000000000011000000111011000010000010000000000101000000000010001000000000001001000000000011000010000000111011000000111011111010
111001000000111110000000000011000010111011000110000000000010000111000000000100000000000110000111111010000000111010000000000001111001000000111110111010000010000111000000000110000000111101110101
000101000000000111000000110100001001000000111001000000111001000110000000111010000000000011000010001000000000000010000000111010111101000000000010001011111010000010000000111110000000000010000111
000010000000000010000000000001000111000010111111111100000000111101000000111011000000000000000101000000000000000010000000111110111000000000000001111001111110111100000000000001000000000110111111
000001000000000001000000111110111010000001000101111110000000001001000000000010000000000100000010000001000000000000000000111101000110000000001000000001000100000111000000000001000000000010000000
000101000000000011000000000011000100111101000011000010000000000010000000111010000000111110111101111011000000110101000000000000000110000000111011000000111000000001000000000100000000000011000101
000101000000000100000000001000111011000010000010111000000000000010000000000010000000001000111101000010000000000011000000111010111100000000000001111011111001111110000000111110000000111000000000
000111000000000110000000001001000000111110000110111001000000000001000000000110000000111110111110000000000000001000000000001011111110000000111101000000000011111001000000111000000000111001000010
111111000000000101000000111010111110111001111110111010000000001000000000111000000000111001000000111011000000111001000000111001000000000000000010111110111000000100000000000111000000000011111111
000010000000111110000000000100000010111110000100111101000000111011000000000000000000111110111011111010000000000011000000111111111110000000111100111111000110000000000000111110000000111000000101
000010000000000110000000111110000001111011111000110111000000000001000000111111000000111011111010111110000000111100000000000000000011000000111110111011000110111000000000000001000000111010111110
111100000000111110000000111110000110000010000111000010000000000011000000000101000000000010000011000010000000000111000000000101001100000000000011000010111100001000000000111110000000000110000010
000100000000111010000000000111000010000010111101111110000000111110000000000010000000000011000110000000000000000101000000000000000001000000111111000010111110111010000000000100000000111100111000
000110000000001000000000000101111101000001111000111111111010111100000000000000000000000011000010001011000000111110000000111110111110000000000000111000000000111100000000000010000000000010000010
111110000000000000000000000001000000000010111010111000111010000010000000111011000000111110000001111101000000111111000000000001111101000000111101111110000010000010000000000111000000000000000101
111101000000111111000000000101000110111001000110000101000111000011000000000101000000000000111101001000000000000101000000000101001000000000000101111011000011000101000000000010000000111110000010
000110000000000101000000000110110101111100000100000001000001000001000000111110000000000101000010111001000000000101000000111110001001000000000110111110001100000010000000000001000000111101000010
110110000000000010000000000011111001111110000010000011111011000000000000000001000000000110110111111101000000111001000000000010111010000000000010000010000001111100000000111101000000001100000001
111110000000000000000000000000000001111110000000111110111101111101000000000000000000000011111001000100000000111111000000111000111100000000111111000001000010111011000000000100000000111111111110
000011000000000101000000000100000000001000000010111100111110111011000110110101000000111010000110111001000000000010000000000010111110000000111111000010000011000110000000111010000000000010111001
111110000000111010000000000101000010111001000011111110111010000110111010111101000000111110111100111011000000000010000000111011000010000000000100111001111000111110000000111011000000111101111100
000010000000000010000000000000001000000110110100000011000010111110000111001000000000111111000101000010000000111100000000111110000111000000000010111100000111000010000000111110000000111000111110
111101000000111110000000000010111110000011111111111111111100111111000001111001000000000011000000111111000000111100000000000010111011000000111000000010111010000010000000111010000000001001000010
111111000000000000000000000001111001110111111101000000111000111111000101000011000000111110000010000101000000111010000000111111111111111010000111000010111100111101000000000010000000111010001000
000100000000110101000000000101000010111110000011000011111001111100000011111100000000110111000010000101000000000010000000111110000101111010111110001000000010111010000000000110000000000100000111
000001000000000011000000000010000101111110111000000101111101000010000010000111000000111111000111000111000000000011000000000111000110111001000001000111000010001001000000001000000000111110000110
111100000000001000000000000010111110111111001001111010111000001000000110111011000000000110000110111111000000000110000000111100000011000001000010111010111001111010000000000000000000000011111110
111000000000111011000000001000111101111010111010000010111010000110000010111110000000000010000100111110000000001010000000000010000000111100000101000011111011000110000000000001000000001001000111
000101000000000011000000111110000011000101111100000001111010111110111100000001000000000011111011111110000000000010000000111110000100111110111101001001000001000100000000111011000000000010111011
000101000000000100000000111011000010111111111111111111111100111111111000000101000000000000000000111100000000111101000000111000000010000111111110111110111011111101000000111110000000000010111111
111110000000111001000000000010000000000011000010111100000010111110111001111011000000111010000010111100000000111110000000111001001000000010111010000010000110000010000000000000000000000001111011
000010000000000101000000000010000101111110000111111110000000000100111101000111000000110101111110000110000000111110000000111010111110111111111110000001111101111111000000111011000000001000000110
000011000000111110000000111111111010000100000101001000111110000010001000000001000000111001000001111110000000000011000000111101000111000011000100111000000000000111000000000110000000000101111101
111110000000111111000000111110111101111110111111111001000011000111111010000010000000111111000110000011000000000001000000001001111110000100111000111011000100001001000000111111000000111111000000
000111000000111011000000000111111010000011111011111110001100111110111010111110000000000000111110111010000000000100000000000010111011000110111001111111000010111011000000111110000000000011000100
111110000000000101000000000100111110111111111010111111000001111111000100111100000000000101000011110110000000000001000000111110000010000101000011000011001000111001000000000000000000000010111110
111100000000111001000000111110111111000000000011000010111110000011000010000100000000000000000000000010000000111100000000000001111101111110001000111110000010111111000000001011000000111100001000
111001000000111111000000000010111101111101000000000100111101000100000000111010000000111110000110000011000000111000000000111000000011111010111010000100000111000010000000111101000000111110111110
111111000000000010000000000111000010000101000100000010001000111010000010000010000000111111001011000010000000000101000000000101111110111110111010111110000010111010000000111000000110111101111001
111110000000000010000000000111110111111010111110000111001001000101000011000011000000000101111001111110000000000101000000000001000000111010111100111101000101111001000000111001000110000001111110
000111000000000100000000000110000111111110111000111110111010111110110100111010000000000010111111000011000000000010000000000011111011111000000010111111000010111001000000111101000111000000000101
111100000000111100000000000011000110111111111110000001000100000110000001110110000000111110000000111111000000111110000000111110111010000000000000000000111101000100000000000100000001000011000010
000000000000111010000000110111111100000001000111111101111110000010000010111110000000111000111011111100000000000011000000000100111101111111111110111101111101111111000000000111000101111011111101
111000000000000010000000111110000101111100111110000100000010111010111101000011000000000010000000000001000000000010000000111110111010111011111101000101111110000100000000111011111101000110111101
111000000000000011000000000010000000000010111011000110111001111000001000000010000000111011111110111100000000000111000000111101111110111110110100000110000000000101000000000010111110111110111110
000110000000000110000000000001111110001000111110111011111011000000110111000010000000000010000001001000000000111110000000000001111111000000000001111110000101111100000000111111111010111111000000
000100000000001010000000111000000010111001000011111110111111111111000110000011000000111110111011111011000000111100000000000000111101000101000010000001111010111101000000111011000010000001000100
111110000000111110000000000101000001000010000011000110111011000101000100000001000000000001000010111011000000111001000000000011000010111010111101000001111101111101000000000101111100000100000110
000101000000111101000000000001000110000001111110111110111010111110111110111100000000000010111110000010000000111111000000000101001001111110111000111100000110111010000000000111001000000010000011
111110000000000010000000111101111110000010000000111010111101000000111110111111000000111001001000000010000000000010000000111010000111000010110111000010111110111001000000111111000111001000111010
000110000000000010111010111110000011111100000101001000000000111011000111111100000000111100000010111101000000000111000000111110000110000000000110111000111111111110000000111110111101000111111110
111011000000000011000110111100000000111110000110000000000100111010111011111000000000111110111011111110000000000100000000111111000100110101000100111001000011000010000000111110111000111110000001
111010000000000001000111111110000110000111111101000001000010111110000001000101000000111110000010111001000000000000000000000001000101111101111110000010000010000010000000000100000110111111000011
000010000000000100111111000011001011111110111010000101111000000010111011111011000000111000000010111110000000001000000000111100000000001000000010000001001001000110000000000100000110000010000010
111110000000000001000101111111111001000001000010000010000010000000000110000010000000000111000001000100000000111000000000000010111110000111000111000010111001111110000000000110000100000100001001
000010000000111100111101000000111111111111000001000000000111110101000011111110000110000110111110000111000000000110000000001000111110000011000101000100000110000010000000000010111110111110000111
000011000000111000111110111101000000000100000011000101000010111101000000111101111010000011000111111111000000000100000000000111111111000100000001000010000100111010000000111101000000111001000110
000110000000000101000110111011000101000110111110111010000100111000000100111110000111001001111100000010000000000010000000111110000110000111000101000111000101111101000000111010111110000010111100
110111000000000101111110000110000000000101001001000010111110000111111110111001000001000010000010000111000000000101000000000001000010111011000110111110000000000000000000110110111101111111000101
000110000000000010000100111110000010111110000111111110111101111101001000111110000101000010000010111100000000111110000000111110111101000010000011111111111110000100000000111110110100111101000000
111010000000000010111000000001111111111010000110000000000011000100111110111100111101111111111000000000000000000110000000000100000000111111000000000011111110000110000000000011111111000100000010
111100000000000011000110000001111011000010111100001011111110111001000111000111111110001000000111001000111010000101000000111110000110111011000100111100000001110110000000000010111110111010111111
000011000000000010000011000100000010111010000101111101000000000101000010111111000110111011000110111000111010000110000000111001110101000101111110111010111010000100000000111110111101000101000001
111110000000000111111000111110000010001000000000001000000101111110111011000010111110000001111101111010111001111110000000111110111001111001111000111011111110111110000000111101001000111110111010
000001000000000010000110001000111000000000000010000111000110000001000010000111111100111101001001000100111111111110000000111111111111000001111110111110111101000000000000000001001001111010000010
000111000000111100111010000111000010111111111110000011000011000101000011111100001000000010111110000010111011000010000000111101000000000010000111000110000000111101000000111100000110000010111101
110111000000000111111100111110111011111011111111111100111100111011111101000000111001000100111110000101000011000011000000000100000101111110000010111110111010000101000000000001111100000110000000
111011000000111111111110111111111110000010111010111001000010000111000010001000111101000010111111000010111110000110000000000110000000000100000101000110001010001001000000111100111110001000000110
000111000000000010000000000010000010000000111110111011111111000001000000001000111011111101001000000110111010110111000000111011000010111100111110111000111001000010000000001000111110000000110101
000001000000111001111110000100000001000101111101000010111101111110111011000110111010000001111101000101000010000110000110000010000001111010111101000000111111111100000000111011000111111111000111
111110000000000100000011111110000010000110000000111111000010111110111010111100000110000000000001111010111100111010000110000110000101000010111101000001000000111001000000000101000101111011000001
000110000000000000110100000111111001111110000110000101001001111100111101111110111100111101111101000010001000111100000111000010111110111101000010000101000101111110000000111110000001000010000000
000111000000001000000001000010111100111110110101111011000111111100111010111011111110111011111110111110111001111101111111000110000010111010000000000010000000000101000000111110111011000000000101
111001000000111000000010111111000010000000111001111001111010111010000010111110000000000110000100111110111101111110000101111000111000110110000101000000111110000010000000111101000110111011000000
000100000000111010000011111101111110001011000001000001000100111110000001000110111110111110000010111101111000111111111101000000000010000010111010111011111111000000000000111110111101000110111110
111111000000111100111000111100001000111110000000111110000101111101000011000101111101111111111101111010111010111001111110111111000101000011000011000110000101111100000000111001000000000010111111
111100000000111110110111111010111001111000000101000010000000000110111110111010110100111111111111001001111100110111000110000101000010000010000110000010000010111111000000000010111100111110000101
111011000000111011000110000101000110000111000000000100111110001010001001111110000001111100000000111010000100111011000010111110000010000010111110000010111110111010000000111100111110000000000010
111100000000111110111100111110000011000011111110111100000010111110111001000010111110111110000011000110000010111001111100000000111111000011000001000000111000111110000000111001001000001011111110
111101111010111010000010000110001001000100111111111010111111111101111010000010000011001000000101000100000000000001001000000101111110111111000011110101111110111111000000111111000010111101001000
000011000110111011000010000010111110000111111011000010000110000010111100111101001000111001111010111101111110111110000111111010000111111100111110000011111011000011000000111110111001111000000010
000110000111111010111001000110111111111011000010111101111110111110000101111010110111111110000010111110111101111010000011000010111100111111110111111000111110000010000000000111000010111001000101
111001111111111110000101001000111111111110111110000110000011000011000000110111000110111111000001111111110100111001001000000010111110111100000111111001000010000111000000111100111011111101000010
111110000101000010111111000000111000000001111000110110000000111111000010000110111100000010111111111001111111000111111010000000111110001000000110000011000001000101000000000000111110000100111110
111110111101111110000101111111000101111011111110000010111010111100000010111010111110000100111100001001000010111100111010001011111000000101000100111100000010111110000000001000000011000111000001
111110111110111101000110000101111111111011000101000011001011000001111111000100000010000010111110111011111101111111000100000011111001000101111011111001111001111100000000001000000011000101000010
000110000110111010111111000010111101000111111110111110000111000100111010111101111001111001001000111001001000000100000010001000111010111110000000000101111100000000000000111010111110000010111001
111110111110001001000000000000000010111111111110000010111111111000000010111110111011111110111001111111001001111011000000000111111101111110111110111110111110000100000000111100000000000001111100
111110000100111100000110000101111100111110111111000011000001111011111101111111111111000001000010111110111010111100000010111101001001000011111110000001111110000110000000000010111011111011111110
111010111000111110111010111010111110111110111110000001000100111011000000111001000101111101111111000110000100111101000011111100111110000010000001111011001000000010000000000101000110000101111110
111101000111001000000100111110111101000100111001000100000000000010000110001001111100111100000010000111111110000010110100111001000010000111111010000101111001111010000000111110000011000110111000
000000111101000010111101000010000001111100111100111111000010000010001011000101000011111010111100111001000010111010111111111011000001111110111110111001111010111110000000111010111010000001111001
000100001000111001000010000000000000111010111110000100111111111101000111000111000000111011000010000100111001111001111110000010001000000100000011111111000011000000000000000101111110000010111010
000110111010111110000001110101000011000010000010111000000101000010000001000001111100000010000111111111000101111110000011111111111011111001000000111110001001000010000000111010111111111110000011
001010000110111011000111111101000101111101001000111011000010111001000000111110111110111010111110111100111111111110001000000101111111111111111010000010111110111010000000111110111101111100110111
000100000100000010110111111000111010111010000111000101111110111110111011111010001000111110111111000101111011000010001001111011111101111110110101000100111110000110000000111110000010111100111110
000010111110111101111011111001111110001010000110111110111000000100000000000111111110000101000011000100000110000110111010111001111110111001111001111100111111111001000000111110110111111010111110
000000000000111101000111000011000001111110111101111110111110111001111110111001000111111000111100111101111101111110111100000001111100000100000001111010111000000000000000000011111001111110000001
111101000010000010111111111100000001000011110111000011111011000001111111111100111110000000000110111101000000000010111110111111111110000000000000000010000101000100000000000110000110111101111000
000101000011000000000010111001111100111110111110111110111110000010000101000001000101111111111011000110111100000110000010000010000011111000000101000011111111111101000000001001111100111010000101
000111001100111011111010000101111110111110000010111001111110111001000010111100111110000101000010111001000010000011111001000100000001111000000000000110111101111110000000000110000101110110000001
000010000001000110111001000010111000000011000001111110000001000011111110111011000011111110111010111110001000000000000101111100000000000101000010110110111110000010000000000110000000111110111101
000011111110111101111001000001000111000001111000111100111110000000111000000100000011000000111110000010000010000100000001000110000011000100000001000010111101000101000000111100111110000011111110
111001111101111010000100111011000010111100111011111001111001001000000010000011000010000101111010111110111001111010111011000010111101000010111011111101000010111010000000111101111110000010000100
111110001000000010000001111011111111111111000001000001000100111001000101000011000000111010001000000110111110110110111010111101000110111011000010000010111101111110000000000010000001111110111110
111011110111000001000100000111000010111100111101111110000010000110111110111010000101000010000000000010000101111100111101111010000010000010111110111110111111000010000000111111111010000011111101
000010000110111101000101000001000100111010000010111001000010111100000010111001000110111110111111111110111110000010000000110110111111111010111000111101000000111101000000000111111110111111000001
000000111100000010000100111110000010000101111100111100001000111110111111000010111101000000000101111010111101000000000100111110000001111011000010111111000011000100000000110111000011000100000000
111100111110001001000011000010111001111011000010000000000111111011111110000010000110110101111110111101000011111101111110000011000100000110000101111100111011001001000000111011000000000001000011
111111000010111001000011000100000010000010000011111000111010111110111001111110000010000011000000000000111110000101001000000010111110111110111110000001111010111110000000111001111010000100000101
111010000111111010111010111100000001111110000001001000000011111010000100111010000001111000111011000100000000110111111110111110111000111110000010111100111110111001000000000001110101111000000110
111110111011111100111001000110000011000011000001000110001001000101000010111110000011111001000110000110111011111110111001111101000111000010000001111000000001000101000000000010111001111011111110
000001000001111011000010111110111100111110000011111100000010111010111110000010000010000011111110001010000110111100000010111111000010111101000010000101000001001000000110000110111111111011111111
000011111011000000111110111101000110111001000101000010000010000010001000000110110111000100111110000100000010000111000101111100000001000110000111000101111100111101111010000111000000000010000001
111110000110111110111110000110111011000010111010111011000001000010000111111101111001111001000000111110000110000010000010000001000010001001111100111110111110111000000111111001111011000010000100
000111111101111110111010110110111110111100000010000010111000111110111010000000000110111011110101000000000010000101111101111100111100000110000010111110111000111011111111111100000000111101111110
111101000000111111111110111110000110111001000001111010000101111101000011111100000100111110111101111101111111000010000011001000000010000110111110000011000111000010111011000001000010111110001000
000010000100111010111110111101111110000001111111111011000001000110001001000110111011000001111000000101000011000000000010111011111001111100111000000010000010001000000011111100000001111001111001
000100111110111110000110000010111010111110000100111010111101001001111110001010000000111011111001110111000010000100000000111011000010000011111001111001111111111100000010000101000101111110111110
001000000000000011000011000010111000000111000010111110000010111010000010000100111110111011111101111110001001111111111011000010111111000010000110111110000010000011000110000100111110000100111111
000010000100000000000000111101000000111100001000111110111100000110000001111110000010000111111100000100000111111010111010000010000011000001000011000100111100111111111110000011111110000111000010
000111000110000110111100111111111111000000111001111110000010000100111000000000111111111111111001000111111010111110111101000011000100111001001001111001000010111011111100000011001000111111000011
000010000010110101000110000100000101111000111110000011111101111101111011111101111010000010111011000010000100111111111010111010111110110111111110111111000111111101111001000110000010000010000010
000101000110000111001010111111111110001000111111111010000001111110000001111011111110000010000010000101000101000011111110111011111001000101000010111110111110001011000111000111000101111001111001
000010111110000001000100000100000000000110111110001001000000111111111101110111000011111100111111000010000000111110111111111110111110000111111111000111000001000001000011000010000010000100111110
000011000000000000000010111000000101000100111100000110000011000111111110111110000000000100000101000000111110111001000011111010111100000001001000111100111101000101001000111110111110000000111111
000011000010111011000000000101111010000010111110000110000101001001000100000100111010000110000101000100000010111011111110111110000111111110000101000000000100000010000110111110111111111000111101
000010000110000000000011111011000010111011000111000100111010111011111110111001001011111110111001111111000001000010001001111010000001111010000001001000111010000111000110111010111110001000000100
000000111010111110111011111110000010000010000010111101000010111001000011111110111001111101111111000110111010000100111001111000000010111001000011111000111011111111111100111110111001111010111010
000101111001111111110111111110000000000110000001111110000001000001111111000101111111111010111110000010111110000000000110000000111010000111000010111010111111111011000010000010000011000011000101
000110000000111011000010111101001011111011111101111111111111111110000000111110000000110110111110000001111101111100000100000001000100000100000100000100000110111110000000000110000010000010000010
000011000100111110000100111110111101000110111100000111111100000110000011000000000101111110111100000011000000000110000101111011000000111111111110000010000010111101111110111101000010000101000110
000110000011000010111001000111111000111110111010001001111110000111111011111100000000000011111100111110000110000010000000111110111000111100111101111011111010111011000011000000001000000010000010
000010000010001000000010111110111001000010000101000100001000111001111010111111000010000010000101000111001011111010111110000000001000000101111111000010111000110111001100111100111001000110111010
000001000010000010000101000100000011111110111110000111111001111100000010000110000001111110000010000101111001000010000010000101111010000100000000111010000000000100000001111010111010000101001000
000011111011111011111110000111111100111101000110000001000010000001111111111110000101111101111101000010000001000000000001000110000100111101111101111011000001111100000010110110111101111010000000
000010000110111110000000111111000111000110111110111110111111000100000001111111000010111111111010111100000000111110000110111110000010111101111011111010000101000000111101111100001001111110111111
001001000010111110111100000010111011111010111010000110000010000101111100000011111110111100111000000000000101000110111110000010000101111100000110111110111110111110111000111110000010111110111011
111001111110000001000001111001111110000110001000111001000100111100000010111110111000000001111110000100000000111010000011000000111110000111111110111110000000111100110111000000000010000010111110
000100111101111110111100111100000001111011000000000111000010111101001000000111000010111100111101000110111110111001000000110111000110000010000001111110111011111100111010000011000001111110000000
111100000011111001111110000000111011111100000001111100111001000011000111000101111011001000000010000010111111000000111010000011000101111110111111111101000110000010111100111011001000111010111011
000101110111111100000001001000000101000011000101111111111110000110111110111110000010000100000010111010111011000100001011111000000110111110111101000110111110111010000010110111000101001001111010
000000000010111110000011111000111001000010111110000100111111111001000001111100111110111011111101000010000010000011111001000111111110000110000010110111111110000011111110111110000001000110000010
111110111001000010111110000110000001000001000000111011111101000010000010000000000001111110000001000000111110111110000001000011111110111110001000111100000000111011111001000100000011000110111110
111110111011111000000111111100111110111001000101000100000100000010111100000100111110000010111100000010001000111110000000111100000010000010111001000110001011111001111011000111111110111100000000
000001111000111001000101000010000010110111111010111101111010000010111110111010111001000011111111000110000010111011000101000111000011000110111110000100000011000100000001000010000100111101001011
000110000011111010111110111011111100111011111110111101000101111010111001000010000100000010000100111010111011111010000000000101111010000011111111000011111000111101111011111011111110000010111101
000010111000111101111100111110000100111001000010000110111110000010000010111010111110000111111000111001000010000010000010000010110111000000111110000010111001111110000110000010000011111111111000
111101000101001001000000111010000110000001000000000111000110000010000001000010000010000010111011000000000010000010111111000001000110000100000100111111000011111110000011000000000001111001000111
000000000010111110000100111011000010000010001011000010000010111010111101000000001000111100111011111100000001000011111011000101000110111010000010111001000100000101000000000100000000001001000011
111010111000111110111100000100000011000110000011111110000110111101111100000010000111111001000010111101111110111100000010000101111100001010000111001001111001000000111110000001111101111011111100
110101111110000001111110000010000110111001001000111110001000000000000110000110000101000001111110111110000111001001111110000111111101111100111110111011000100000011111110000110111011111001111001
000111000011001000000110111110110110111001111001000101000000000100000101000110000011111110000011111110000100000010111000111111111110111110111111111001111110111010111000000010000110111111000101
000001000001000101111110000010111110111100000011111110111111000110111110000111001001111001000010000101000010111001000010000010111111000000000011000001111111000100000010000001111110000010111110
000000111011000001000000111101000011000001111101111110000101110110000110000000000010000100111001000110000010111011111011000010111001000011000100000010000101000100000111111101111111111010000001
111011000100000011000010111010000010111100111001000110111110111101111110111100111110000000000010111110001000001000000010000100110111000101111010111010111011111110111110000010111111111001111011
000000110101000010111010110111000010000101111011111101000000111110111010000011111111111000000100111110111001000011111110111100111011001001000101000111000111000011000101111001000100000111000101
000010111111000100000110111010111101111100000010000000111011000000001000111110001000001000111001111101000110111000000001111010111001111110111110111001000001111110111110111011000010000100111001
111111000101111110000111000110000001000011111111111100000110000011000000111110000101111010111111000100000011111011000010000010000001000100111010111100111110111011000011000010111000111111000001
111011111110111101000000000100111100111101000101111010111110111011000001000101111111000100111110110111110111111110111001111101111110111001000010111111000010111100000011111100111001111100000010
111110000111111111000100000011000001111010000101001010000010110111000101111010000011000010111001111110000010001000111100111010000110000010111010000100000100111100000010000000000010111011111110
111110000001000000111101111110111100111001111001111100000000111110111110111110111110111011111100000111111110000100111110001010111001000101111000111011111100111011000000000100111111111100000100
111000000101111101111110111111111000111110111111111110001011111100000000111110000100111110000000000101111111000011000010111110000111111110000000000100000110000101111011111010000010000011000100
111110000010111011000010000111000101000010111110000000111101111001000101111101000010111010001000111000001000000001111000111101111100000000000001111101000010111110000110000010111100111101111010
111011000011111010111011110111111011000010111110000011111000111110111010000100000011000101111000111101111011000101111001111110111111111100000100111101111101111110000011111010000010000110000010
111110000101000010000110111011000010000110000100111011000111000101111110110111000001111010000110001000111111111100000110111110000100111111000010111010000110111110111010000010000111111001000011
000010001001111111000010000111111110111110111100001001000011000010000010000010000000000010000100000101111101001011111101000011111011111010000000111001001010000001111110000000000010000010000110
111111111100111111000010111111000011111110000110111110000100000000000000000111000011000010000010111110111110111111001001111111000100000010000101111110000010110111000001111111000010000010110110
000010000011111100111101111110000010111100111110111100111001111100001011000101000101111110111011111000000100000101000010111100111101111111000110111110000011111100111101000011000110000010000010
000111000000000010111100111010000111000011111101000111111011000001111101001000111010111101111110111100000010000010000010111111000011111101111110000010111110000000000010111100000110111010111101
000100111110111000110111000111000010000000111010111110111110111010001000111110000011000110000110111101111101000111111111000100111010111110111110111010111110000010001001111010111001111110000010
000010000100111001000010000111111100111100001010000101111111111110111001111111001000001001000101000001000001000001001000001000111001000111000000000010000011000100111001000101000000000010111110
111110000101000010000111000100111001000110000010000010000101000001111101111111000101111010111010000101000000111011111011000101111110000101001011000010111111000011000110111110111100111010000011
111000111110000001111011000001111111110110111101000000000101000011000100111100000010000110111110111100000011111110000001111011111110000010111101000110000100110110111100000110111101111101111111
111001000110000010111000000100000010000100111110111100111001111110000111111110001000111100000010110101111011111101111101000010111110000100111000000011111111001001000101111110000010000000000100
000110111101000100000011000101000111111110111110000001111111111001000101111000111100111101000010000001111010000101111110111110111010000000000111000000111100000100000000000110111110000100111111
111101000101111110111000111101000100000000111101111010111110000101111111000111111101000010111101000101111111110111000100000011000010000100000011000100111000000000000010001000111011111010000100
001001000111000111000101111101000000000011111111000010111110000010000001000010111111000001111010000010000001000100000010111110111110111010111100000110111011111011000010000000111010001010111000
111110000100111110000010000011111000111011000100000001000100111100111011000001000101111001001001000111000001111100111101111001000110111110111001001010000101000100111111111111111110111100111011
111110000011111111001000111010001000110111000001111101111100000000000101000010111100110111111010111111111100000000000001000010000011111010111011111100000010111110111010000101000010000010111011
111111000010111101111100111001000110111110111100000010000110111100111001111100001011000101000110111011000010111110000000000100000000111110000010000010000010000000111110111110111101000000000010
111000000010111100111101111110111100000100111000000111000010111010111111111110111111000111000100111110001000111100000011000111000100000000111111000000111101000110111101000000111100111101000010
000101000101111010111111000010111110111001111011000101111101111110000010000111111011111111111101111101000111000101111011000001000110000010111011000011111110111010000000111011001001000101000011
000001000000000100111011111110000100111110000101000010000110000110111110000010111110000010111110111011000010000010000110000010001010111010111011111011111001111111111010000110111110001001000010
000011111101000010000100000110111110111011111110111100110110111110000100111111111001000110000001001001000001000110111110000111000100000110111001001001000010111110001011000010000111111110000111
111110000110000110001011111110111010111110000010000000111110000000000100000011111111000111111001000100000010000011111111000100111110000111000001000010000100000111111010000010111011111100000010
000100000100111110000000000010000101000000000011000100111101111110111010111100111011111001110111000100111100000101000001000000000000000000111110000100111001000110000001000000111000111001111100
111110000100111010000101111010000110111100111110000110000010111100111110111010000010111100111011000000000010111001111100001000000011000100111110000111111111000011000000001011000011000010111001
111101111110111000111110000011000010000001111001111110111110000110111101111011111101111111111001111110000110111100000010111000000101000011000100000010111110111110000101000011111000111011000001
000001000011000000000111000000111110111010000010000110111101111001111010000010111011000011111111111100111110000011111001000110001001111110000100111011000111000010000000111000000101000010111110
000000000010111111111111000100111110111110111100111110000001000000110110111010110111000101000010111011000001000010111001000100111110111110111010000010111100000010111110000111111110000000111001
111101000101000101111011000110111101000001111001000000000100111100111110111110111100111100111010000010111101000010111101111110111100111011111110000000000000000110111111111101111000111100000100
000101111100000010000010001010111011111101000001000010000001000011000011111010111100111101000111000110000100111011111111111011111001111010111101000100111000111011000101000100000100000001000000
111010111101000000000011000100110111111110000010000110111100111110000010001000000000111101111001111101111010000000111110000010000010111110000110111111001000111110111110111001111101000110111000
111110111011111101111011111110111010000111111001000110001000111110000010000000111110111010111100000101111011000011111100000110000101000010001010000110000110000101111110000101111111111110111000
000001111011000110110111000000000110000101111100111001111011000101111101000001111100000111000001111001111110111010000010111011111110000011000010111110000100000101001000111110000101000001000110
111111111110111110111100000011000100111110000000000000000101000110111111000101000101111110000100000100000110111100000111111010000000111100000011111111111110001010111110000001000100111101111100
000100000010111110000100111011111101000100001000111100000010111110000100111110111110111110111011000011111110000011000010000010111100110111000010111101000101000011000101000101110101111110111110
000010111110000000000000001001111110000000001000000011000010111110000001000000111010000010111100000010111010111110111111111110111111000010111110111110000010000010111110000101111111111001000101
001000000001001011000010111110000001000100111010111110000011000011000100000101000011000110000011111110111000111101000011000010111010000111000011000111111010111110111110000111111011000101111110
000111001001000011111100111100000111111010000100000010000010000100111000000110111011000010000011000101000000111110111100000011000010000101000001111011111011111100111111111111000010111110111010
111110111100001000000101111001001001000010111110000101000111110111111011000010000111111110000110000000000001111011000110000110111111111000111100000010111010111110000010111110000111000100111011
000001000000111001111110000010111011111010000101000110111110111110000101000010000100000110111001111101000101000100111011001001000011111101000001111100000010000110000111000010000001000000111010
000010111110000011000110111011111001000010111110111110000100111001000010000000000011111101111110111010111110000100111110000110111110111000111100000000000010000100000100111101000101111100111110
000100000100000100111101111110000001000000000110000010111001111011000010110101111110000000111110000100000000111011111010000110000111000101001000111100000010111100111110000100111110111010111110
111110000011111001111011000000111110111110111011000011000001001000111101000011000010000100000010111100000101111011111110111101000101000010000101111010000011000010000010000110000011000010000010
000111110110111011000111111100111010111010111010111100000010111101000010111000000101000110000110111110000110000010111010000011111110001000111011000010111010001101111000000010000101111010111101
111110001001111110111100111111111001111010000010110111000111001000000111000111000000001010111110111101000010111110111000111110111100111100111110111010001001111010111001000011110111111110000110
111111000100111111000011111010111001111001000010000010111100000101000010000011111101000100111110111110000010111110000000111111000000111101111110111110000110000010111010000110111100000000001001
111101000000000100000010111110000100000000111110000111000000111110111101111100000110111110000110000101000000111111000001111001000100000001000011000000000110000110000011110110111100000010000110
111100000100111011000010111111111111000100111101111011001000111000111001000111000100000000111101111100001011001001111011110111111010000101111110000010111100001001001001000010000000000110000110
111010000100000111111011111101111100000011111010111000001000000100000001000101111100000011000000111100111101000100000010000101111110000100111001111010111101000100000010111101111110111010000100
000101000010111111000000111110000101111110001001111101000110000011111111000010000010111011000100000101001000000000000000000111000110110101111110111010111110110111000010000010111100111001111101
000010000000000010111101111001111100111110111010111000111100000001000111111111111101001001111010000100000111000010000101111111000010111111000100111010000001111011000001111110000101000000000010
000110000110000010111010000101000011000101000110111011111110000101000100000101111110111110110110111110111101111100111010000010000000000101111001000000000111000100111000111101000010000100000001
000010000110111100111100111110000011111010000100111110000101111100000000000101000101111100000100000010000100000011111110111010000010000010111111000100001001111001111011000001000110000011111001
000110000001000011111100000100000110111110000011001000000010110101111000000111000100000111000010111110000111001010111110000111111010000111111110111101000101000011111111000100111101111110110111
001000000010000110111110000000111001111110111110000100000110000001001000000001111100111110000000000001000101110111000000111001000110000001000111111110000111000010111101000001111011000010111011
