000110111010111010111010000110000110111010000110111010111010000110111010111010000110000110000110111010111010000110000110000110000110111010111010111010000110000110000110111010000101111010111000
111100000100000100000100000100000100000100000101111100111100111100111100111100111100111100111100111100111100000100000100000100000100111100111100000100000100111100111100111100000100111100111100
000110000110000110000110111010000110111010000110000110000110000101111010000110000110111010000110111010111010000110110110111010000110111010000110111010000110000110111010111010000110000110000110
000111111001001000111001111001000111111001111001000111000111000111000111000111000111000111000111111001000111111001111001000111000111000111111001111001111001111001000111000111000111000111000110
111100000100111100000100000100111100000100000100111100111100000100000100000100000100111100111100111100111100000100111010111100111100000100000100111100000100111100111100111100000100111100111100
110111001001110111001001110111001001110111110111001001001001110111001001001001001001001001110111110111110111001001001001001001110111001001001001110111001001110111110111001001001001001001110111
111010111010111010111010000110111010000110111010111010000110000110000110000110111010000110000110111010000110111010000110111010111010111010111010000110000110000110111010000110111010000110000110
111100000100000100000100000100000100000100000100111100111100000100000100111100000100111100000100111100000100000100000100111100111100111100000100111100000100000100000101111100111100000100000100
000111111001000111111001000111111001111001000111000111111001000111111001000111111001111001000111000111111001000111111001000111111001111001111001111001111001111001000111000111000111000111000111
111001000111000111000111000111000111000111111001111001111001111001000111000111111001000111000111111001000111111001000111000111000111000111000111000111000111111001111001111001111001000110000111
000110111010111010111010111010000110111010000110111010111010111010111010000110000110111010000110000110000110000110000110000110000110111010111010111010000110111000111010000110000110111010000110
000101000101000101000111000101111011000101000101111011000101111011000101111011111011111011000101111011111011000101000101111011111011111011111011111011000101000101111011000101000101111011111011
111000111000111000001000111000001000111000001000111000111000111000001000001000111000111000001000111000001000001000111000001000111000001001111000001000001000001000001000111000111000001000001000
111100000100000100111100111100000100111100000100111100111100000100111100000100111000000100111100111100111100000100111100000100111100000100000100111100000100000100111100000100111100111100111100
111010111010111010000110111010111010111010111010111010000110111010111010000110111010111010111010111010000110111010111010000110000110111010111010000110000110000110000110000110000110111010111010
111010000110111010111010111010000110000110111010111010000110111010111010000110000110000110111010110111000110111010000110000110000110111010000110000110111010000110000110000110000110000110111010
111010000110000110111010000110111010000110000110111010000110000110111010000110111010000110000110000110000110000110111010000110111010111010000110111010111010111010000110111010000110111010000110
110111110111001001110111001001001001001001110111001001110111001001110111001001110111110111001001001001110111001001110111110111110111001001001001111010110111001001110111110111110111001001110111
001101110011110011110011110011001101001101110011110011110011110011110011001101001101001101001101110011110011001101110011110011001101110011001101001101001101001101001101001101001101000111001101
111010000110000110111010000110000110000110000110111010111010000110000110000110111010111010000110111010111010000110000110111010111010111010000110000110000110111010000110111010111010111010111010
111010000110000110000110000110000111000110111010000110000110000110000110111010111010111010000110111010111010000110111010111010000110111010000101000110111010000110000110000110111010111010111010
111010000011111010111010111010111010111010000110000110000110111010111010000110111010000110000110111010000110111010000110111010000110111010000110000110111010000110111010111010111010000110111010
000111000110111010000110000110000110111010000110000110111010000110111010111010000110000110111010111010000110111010000110111010000110000110000110000110111010000110111010111010111010111010000110
111000001000111000111000001000001000001001001000001000001000111000001000111000001000111000111000111000001000001000001000001000001000111000001000111000111000111000001000111000001000111000001000
110111110111110111001001001001110111001001110111110111110111110111110111110111001001001001110111110111110111001001001001110111110111110111110111001001000110110111001001110111110111110111110111
111001000111111001111001000111111001111001000111000111000111000111000111111001000111000111111001000111000111000111000111111001000111111001000110111001001010111001000111000111000111111001000111
111100111100000100111100000100000100000100000100000100000100111100111100111100111100000100111100000100111100000100000100000100000100111100000100001000111100111100111100111100000100000100000100
110111001001110111001001110111111010110111110111110111110111001001110111110111001001001001110111110111001001110111110111001001110111001001110111110111110111110111110111001001001001110111110111
111011111011000101111011000101111011111011000101000101000101000101000101111011111011111011111011000101111011111011111011111010111011000101111011111011111011111011000101111011111011000101000101
111001111001000111000111111001111001111001000111111001000111111001111001000111111001111001000111111001111001111001000111111001111001111001111001000111000111000111000111111001111001111001000111
111001000111000111000110111001111001000111111001000111000111000111111001000111000111000111111001000111111001000111111001111001000111000111000111000111111001111001000111000111111001111001111001
111001000111000110111001000111000111000111111001111001111000000111000111000111111001111001111001111001111001111001111001111001000111000111111001111001000111111001111001000111000111000111111001
000111111001000111000111000111000111000111000111111001000111111001111001111001111001111001111001000111000111000111111001111001111001000111110111111001000111111001000111000111000111111001111001
111001000111111001111001000111000111000111111001111001000111000111000111000111111001111001111001111001111001000111000111000111111001000111000111000111111001001000000111000110000111111001111001
000110111010111010000110000110111010000110111010111010000110111010111010000110000110111010111010111010111010111010000110111010000110000110111010111010000110111010000110000110111100111010000110
000110000110111010000110000110111010111010111010111010000110111010000110000110110111000100000110000110000110111010000110000110000110000110111010000110000110000110000110000110000110000110111010
111011111011111011110111000101111011000101000101111011111011111011000101000101000101000101000101111011000100111011111011000101000101000101111011111011000101000101111011111011111011111011111011
000110111010000110111010000110000110000101111010111010000110111010000110111010111010000110000110000110111010000110000110000110111010111010000110000110000110001000111010111010000110000110000110
000111000111111001111001000111000111000111000111000111000111000111000111000111111001000111111001111001111001000111000111000111000111000111111001000111000111110110111001111001111001000111111001
111001111001111001000111000111000111111001111001000111000111000111111001000111111001111001111001000111111001111001111001000111000111111001111001000111111001111001111001000111111010111001111001
000010000010000010000010000010000010000010111110111110000010000010000010111110000010000010111110000010111110000010111110000010000010111110111110000010000010111110000010111011000010000010000010
001000111000001000111000111000001000000111111000001000111000001000111000001000111000111000001000001000111000111000111000001000111000111000001000001000001000001000001000111000001000111000111000
000110111010111010000110111010111010111010000110000110000100000110000110000110000110111010000110111010111010111010111010111010000110000110111010000110111010000110000110000110111010111010111010
000111111001111001000111000111000111000111111001000111000111000111000111000111111001111001000111111001111001000111111001000111111001000111111001000111111001111001111001111001000111111001111001
000110111010111010111010000110111010111010111010000111000110111010111010000110000110111010000110000110111010000110000110000110111010000110000110000110000110111010000110000110111010000110111010
000110111010000110000101111010000110111010111010111010111010000110000110110111111010000110000110111010111010000110111010111010000110111010000110000110000110111010111010111010111010000110111010
000110111010111010000110111010111010111010000110111010000110000110000110111010000110000110111010111010000110111010000111111010111010111010000110111010111010111010000110000110000110111010111010
001000111000111000001000001000111000111000001000001000111000111000111000111000001000001000111000001000001000001000001000001000001000111000001000111000111000001000001000111000001000111000001000
000111000111000111111001000101000111111001111001111001000111111001000111000111000111111001111001111001000111000111111001111001111001000111111001111001111001111001000111000111111001111001111001
000111000111111001000111111001000111111001000111111001000111000111000111000111111001111001000111111001000111000111000111000111111001000111000111111001111001111001111001111001111001000111000111
000111000111111001111001000111000111111001000111000111000111111001111001000111000111000111111001111001111001111001111001000111111001000111111001111001000111000111111001111001111001001001000111
000101111011000101111011111011000101111000000101000101111011000101111011111011000101000101111011000101000101111011000101000101111011111011000101000101111011000101000101000101000101000101000101
001001110111110111110111110111110111001001110111001001110111110111110111110111110111001001001001001000001001110111001001110111110111001001110111001001110111110111001001001001001001001001110111
000101111011111011111011111011000101000101111011111000000101000101111011111011000101111011000101000101000101111011000101111011111011000101000101111011000101111011111011000101111011111011111011
000110000110000110111010111010000110000110000110000110000110000110000110000110000110111010000110000110000110111010000110000110111010111010000110000110111010111010111010111010111010111010000110
001010110110001010111001110110110110001010001010110110001010001010001010001010001010110110001011110110110110110110110110110110110110001010110110110110110110001010001010110110110110001010110110
000111001010111001111001111001111001111001000111111001000110111001000111000111000111000111111001000111000111000111000111000111111001000111000111111001000111111001111001111001111001000111000111
001000111000001000111000001000001000001000111000001000001000111000111000111000001000111000000110001000001000111000001000001000001000111000111000001000001000111000001000001000001000001000111000
000100000110000100000100111100000100111100000100000100111100000100000100000100111100111100111100000100111100000100000100111100000100111100111100000100000100000100000100111100111100000100000100
111010111010111010000110000110000110111010000110000110111010111010111010111010111010000110111010000110111010111010000110111010000110000110111010000110111010111010111010000101111010000110000110
001010111101111101000011000011111101111101000011111101000011000011111101111101000011000011000011111101111101000011000011111101000011000011111101000011000011111101000011000011000011000011000011
111011000101111011000101111011000101111011111011000101000101111011111011000101000101000101111011000101111011111011000101000110000101000101000101000101000101000101111011000101111011111011111011
001001110111110111001001001001110111110111001001001001001001001001001001110111110111110111001001001001110111110111001001110111001001110111110111110111001001001001001001110111001001001001001001
000110000110111010000110000110111010111010111010111010000110111010000110000110000110000110000110000110110111111010111010000110111010000110000110000110000110111010111010000110111010111010000110
111000001000111000111000111000111000111000001000111000001000111000000110001000111000001000001000111000111000111000111000001000111000111000001000111000111000001000001000001000111000001000001000
111000111000111000001000001000001000001000111000001000111000111000001000001000001000111000001000001000001000111000001000001000111000111000000110001000111000111000001000001000111000110111001000
001000001000111000001000001000001000001000111000111010001000111000111000111000111000111000001000001000111000001000001000001000111000001000111000111000001001111000111000111000001000001000111000
000111000111111001111001000111000111111001111001000111000111000111111001111001111001000111000111111001000111111001000101111001000111111001000111111001111001000111111001111001111001111001111001
000110000110111010000110111010000110111010111010111010111010000110000110000110111010000110111010111010111010000110111010111010000110111010000110111010111010111010111010111010111010000110111010
111001111001000111111001000111111001000111111001000111000101111001111001000111000111000111000111111001111001000111000111111001111001000111000111000111111001111001111001111001001000111001000111
111001000111111001000111000111111001111001000111111001000111111001000111111001111001111001000111111001000111000111000111111001111001111001000111111001111001000111111001000111111001000111111001
111010111010000110000110000110000110111010000110111010111010000110000111111010111010111010000110000110111010000110111010111010000110111010000110111010111010111010111010000110111010000110111010
111011111011111011111011000101111011000101111011000101111011111011000101000101000101111011000101000101000101111011000101000101111011111011000101000101000110111011000101000101111011111011111011
000111111001000111000111111001111001000111111001000111111001111001000111000111111001111001111001111001111001000111111001111001111001111001111001111001111001000111111001000111111001000111000111
111000000111111000001000001000111000001000111000001000001000001000111000111000001000001000001000111000001000001001111000001000001000111000111000111000001000001000111000111000001000111000001000
111000001000111000111000111000111000001000111000110111000111001000111000111000001000111000111000001000111000111000111000001000001000111000111000001000111000001000111000111000111000111000111000
111100000100111100111100000100000100111101000100000111111100111100111100000100000100000100111100000100000100111100000100000100000100000100111100111100000100111100000100111100111100000100000100
001000111000111000111000111000111000111000111000111000111000111000001000111000001000111000111000001000111000111000001000111000001000111000001000001000001010111000111000111000111000111000001000
000110000111111010000110000110000110000110111010000110111010111010111010111010000110111010111010111010000110000110000110111010000110000110111010111010111010000110111010111010000110111010000110
001000001000001000111000111000001000111000001000001000001000001000001001001000111000001000111000001000001000111000001000111000111000111000111000001000001000111000001000001000111000001000001000
111001000111111001000111000111111001110111111001000111111001000111000111000111000111000111111001111001000111000100111001000111000111111001111001111001000111000111000111000111000111000111000111
111010000110111010000110000110000110000110000110000110111010000110000110111010000110000110000110000110000110111010000110111010111010000110111010000110000110000110111010111010111010000110111010
111001111001000111111001000111000111111001111001111001111001000111111001000111111001111001111001000111111001111001111001000111000111111001000111000111111001111001111001000111111001111001000111
111100111100000100000100000100111100111000111100111100000100000100111100000100111100111100000010111100000100111100111100111100111100111100111100111100111100111100000100000100000100000100111100
111000111000001000111000111000001000111000111000111000001000001000001000111000001000001000001000001000001000001000001000001000001000001000111000111000111000111000111000111000001000000111001000
111011111011111011000101111011111011111011000101111011111011111011000101111011111011111011111011111011111011000101111011111011000101000101000101111011111011000110000101111011000101000101000101
110110110110110110001010000111110110001010110110110110001010001010110110001010001010001010001010110110001010110110001010110110001010110110110110110110110110001010110110110110001010001010001010
000110111010111010111010000110000110000110111010111010111010111010000110000110111010111010000110000110000110000110111010000110000110000110111010000110000110000110111010000110111010111010000110
111000111000001000111000111000001000001000111000001000001000001000111000001000001000001000001000001000001000001000001000111000111000001000110110001000001000111000111000000110111000001000001000
000111000111111001000111111001000111000111111001111001000111111001111001000111111001000111111001111001111001111001000111111001111010000111000111000111000111000111000111111001111001000111111001
000110111010111010000110000110111010111010111010111010111010111010111010000110111010111010000110000110000110000110111010000110000110000110111010111010111011111010000110111010111010111010111010
000111000111111001111001000111111001111001111001111001000111000111000111000111000111111001111001000111000111000111111001111001111001111001000111111001111001111001000111111001001001111001111001
001000111000111000001000111000001000111000111000111000001000111000001000111000111000111000001000001000000111111000111000001000111000001000111000001000111000001000111000001000001000111000111000
110111110111001001001001001001110111110111001001001001001001110111110111110111001001110111001001110111001001110111001001110111110111110111001001001001110111001001001001110111000111110111001001
111100111100111100111100000111000100000100000100111100000100111100000100111100000100111100111100111100000100000100111100111100111100111100111100000100000100111100111100000100000100111100000100
111000001000111000001000001000111000111000001000111000001000001000001000111000000110001000001000001000111000001000111000111000111000111000001000001000111000111000111000001000111000111000001000
000110111010111010111010000101000110000110000110111010111010000110111010111010001000000110000110111010000110000110000110111010111010000110111010111010111010000110111010000110111010111010000110
111011000110111011111011000101000101000101111011111011000101111011000101000101000101000101111011000101000101111011111011111011111011000101111011000101000101111011000101000101111011000101000101
000100000100000100000100111100000100111100111100111100000100000011000100111100000100000100000100000100111100000100000100000100000100000100000100000100000100000100000100111100000100000100111100
111001000111111001111001111001111001111001111001000111000111000111111001111001000111000111111001000111000111000111000111000111111001111001111001111001111001000111000111000111000111000111111001
111000001000111000001000001000110111111000001000111000001000001000001000001000111000001000111010111000111000001000001000111000001000001000001000001000111000111000001000111000001000001000111000
111010111010000111111010000110111010111010000110111010000110000110000110111010111010111010111010111010111010111010111010000110000110111010000110000110111010000110000110000110000110000110000110
111011000101000101111011111011111011111000111011111011111011000101111011000101000101000101000101111011000101111011000101111011000101000101000101111011111011000101111011000101000101000101111011
000011111101000011000011000011000011000011111101000011000011111101111101000011000011111101111001111101111110000011111101000011111101000011111101111101000011000011111101111101000011000011000011
110110001010110110110110110110001010001010110110110110110110110110110110110110001010110110110110111001001010110110110110110110001010110110110110001010001010001010001010001011110110001010110110
000110000111000110000110111010111010000110111010000101111010000110111010000110000110111010111010000110111010000110111010000110111010000110111010000110111010000110111010000110000110000110111010
111010111010000110111010111010000110111010000110111010000110111010111010111010111010000110111010000110111010000110111010111010111010000110000110111010111010000110000110111010111010000110111010
000111000111000111000111111001111001000111111001111001111001111001000111000111000111000111000111111001000111111001000111000111111001000111111001000111111000000111111001111001000111111001000101
111011000101111011111011111011111011111011000111111011000101000101111011000101000101000101000101111011000101111011000101111011111011111011111011111011000101111011111011000101111011111011111011
110111001001110111110111001001110111001001001001001001110111001001001001110111001010111010110111001001110111110111110111110111001001110111001001110111110111001001001001110111001001110111110111
001000111000111000111000111001001000111000001000111000001000001000111000111000001000001000111000111000001000001000001000001000001001111000111000111000111000001000111000111000001000001000001000
111001111001111001000111111001000111111001111000111001111001111001111001111001111001000111111001000111111001111001000111000111000111111001111001000111000111111001111001000111000111111001000111
111000001000111000001000111000001000111000001000001000001000111000001000111000001000111000001000001000001000111000001000001000000111111000111000111000001000001000111000111000111000001000001001
001001110111110111110111110111001001001001001001001001001001110111110111001001001001110111001001110111110111110111110111001001111001110111001001001001110111110111001001110111110111110111001001
111010111010111010000110000110111010111010111010111010111010000110111010111010111010000110111010000110111010000110000110111010000110000110000110000110111010111000000110000110000110000110000110
111000111000001000111000111000111000111000001000001000001000111000001000111000111000111000001000001000111001111000111000111000001000111000001000111000111000001000111000111000111000111000111000
001000111000111000111000001000001000111000000111001000001000111000111000111000001000111000001000111000001000001000111000111000111000001000111000001000001000111000111000001000111000111000111000
111001111001111001111010000111000111000111111001111001111001111001000111111001111001111001111001000111000111111001000111000111000111111001111001000111000111111001111001000111111001001000000111
001000111000111000111000001000111000111000001000111000111000111000111000111000001000111000111000001000111000001000111000111000001000110111001000111000111000001000001000000101001000001000001000
110101001011110101001011001011001011110101110101001011001011110101110101001011001011001011001011001011110101110101110101110101001011110101111000110101001011001011110100001011110101110101001011
000110111010111010111010000110111010000110000110000110000110000110000110111010111010000110000110111010000110000110111000000110111010000110111010111010111010000110000110111010111010000110000110
000110111010111010111010000110000110111010111010111010111010001011000110000101111010111010111010000110000110000110111010000110000110111010000110111010000110111010000110000110111010000110111010
001001001001110111110111001001110111110111001001001001110111001001001001110111110111001001110111001001110111001001001001001001110111001001001001110111110111110111001001001001110111001001001001
000111000111000111111001111001111001000111111001111001111001111001000111000111111001111001111001111001001000000110111001000111000111111001000111000111111001000111111001000111111001111001111001
111000110111110111001001110111110111110111001001110111110111001001110111110111001001110111110111001001110111001001001001001001110111001001110111110111110111001001001001001001110111110111110111
001010110110001010001010001010001010110110110110001010001010001010110110110110001010001010110110110110110110001010110110001010110110110110001010001010110110110110001010001010110110001010001000
111001111001111001111001111001000111111001111001000111000111000111111001111001111001000111000111000111000111000111000111111001000111111001000111000111000111111001000111000111000111111001000111
000101111011000101000101000101111011000101000101000101111011000101111011000101111011111011000101000101001000000101000101111011111011000101000101000101000101111011111011000101000101111011111011
111000001000111000001000001000001000111000001000111000111000111000001000001000001000111000111000111000111000001000001000111000001000001000111000111000111000001000111000001000001000001000111001
001000111000001000111000001000111000111000111000111000001000001000111000000111001001111000001000001000111000001000001000001000001000001000001000001000111000111000001000001000111000001000001000
111010000110111010000110111010000110110110111010111010111010000110111010000110000110111010000110111010111010111010000110111010000110000110000110000110111010111010000110000110111010111010111010
111010000110111010000110111010111010000110111010000110000110000110111010111010000110111010111010111010000110000110111010000110000110000110000110111010000110111010000110111010000110000110000110
111010000110111010000110111010000110000110111010000110111010111010000110111010111010111010000110111010111010000110000110111010000111000110111010111010111010000110111010111010111010111010111010
000110111010000111000110000110111010000110000110111010000110000110000110111010111010111010111010111010111010000110111010111010111010000110000110111010111010000110111010000110111010000110000110
001000001000001000111000111000111000111000111000111000111000111000111000001000000110001000001000001000111000111000111000111000001000111000111000111000110111001000001000111000111000111000001000
000101000110000101000101000101000101111011000101000101000101000101000101111011111011111011111011000101000101000101111011111011000101111011111011000101000101111011000101000101111011111011000101
001001001001110111110111001001110111001001110111110111001001001001110111110111001001110111110111001001110111110111110111110111001001110111001001110111001000001001001001110111001001001001001001
000011000011111101111101000011111101111101111101111101000011111101111101111101000011000111111101111101111101111101111101111101000011111101111101000011111101000011111101000011000011000011111101
000110000110111010000110000110111010000110000110000110001001111010000110000110111010111010000110000110111010000110111010111010111010111010111010111010111010111010000110000110000110000110000110
001000111000000111111000111000001000111000001000001000001000001000111000001000111000111000111000111000111000001000111000111000111000001000111000111000111000001000001000111000111000111000111000
111001000111111001111001111001111001111001000111000111111001111001000111000111111001111001111001000111000111111001000111000111111001111001000111000111000111111001000111111001000111111001111001
000101000101000101000101000101000101111011000101000101000101000101000101000101000101000101000101111011000101000101111011111011000101111011001000000101000101000101000101000101111011111011111011
000111000111000111000111000110111001000111111001000111111001111001111001111001000111111001111001000111111001000111000111111001111001111001000111000111111001111001111001111001111001000111111001
111001000111000111111001000111111001000111111001111001000111001000000111111001111001111001111001111001000111111001111001000111000111111001111001000111000111000111111001000111111001111001111001
111001111001110111000111000111000111000111000111000111111001111001000111000111111001000111111100111001000111000111000111000111000111000111000111111001111001111001111001111001111001111001111001
111100111100000100111100111100111100000100111100111100000100111100111100000100000110111100000100111100000100111100111100000100111100111100000100000100000100111100111100000100000100000100111100
111000111000111000001000111000001000111000111000001000111000111000111000001000111000001000111000111000001000001000111000111000001000111000111000000111111000001000001000001000110111001000001000
000101111011111011111011000101000101111011000101111011000101000101000101000101001000111011111011000101000101000101111011000101000101000101111011000101111011000101111011000101111011111011111011
111000001000001000001000001000111000111000001000001000001000111000111000001000111000111000001000001000111000111000001000001000001000111000111000111000111000001000111000001000111000001000111000
000110111010000110111010111010000110000110000110000110000110111010000110111010111010111010111010000110000110111010000110111011000110111010000110111010000110111010111010000110000110000110000110
001000111000001000001000111000111000110110001000111000111000111000111000001000111000001000111000111000111000001000001000001000001000111000111000001000001000111000001000001000111000111000111000
111100000100000100000100111100111100111100000100000100111100111100000100111100000100111100111100000100000100000100111000111100000100000100111100111100111100111100111100111100111100111100111100
111101111101111110111001111101111101000011111101000011000011000011111101000011111101111101111101111101000011111101111101000011000011000011000011111101111101111101111101000011111101111101000011
110101001011001011001011001011001011001011001011001011001011110101110101001011001011001011110101110101110101001011110101001010110101001011001011001011001011001011110101110101110101110101001011
111001111001000111000111111001111001000111111000111001000111000111000111111001111001000111111001000111000111111001000111111001111001000111111001111001000111111001000111000111000111000111111001
111010111010111010111010111010000110000110111010111010111010111010000110000110000110111010111010111010000110000110000110000110111010000110111010111010111010111010111010111010000110000110111010
111011000101111011000101000101111011111011111011111011111011000101000101000101111011111011111011111011000101000101000101000101111011111011111011000101000110000101111011000101111011000101000101
000111000111111001111001000111111001111001000111000111111001111001111001000111111001111001000111000111111001111001111001000111000111000111000111111001111001000111000111111001000111000111111001
111001000111111001111001000111000111000111111001111001111001000111000111111001000111000111111001111001111001111001000111000111111001111001111001000111111001111001111001000111111001000111000111
111010000110000110111010111010111010111010000110000110000110000110111010000110000110111010000110000110111010000110000110000110000110111010111010111010000110111010111010000110111010111010111010
111000001000111000001000111000001000111000001000111000001000111000001000001000111000111001001000001000001000001000001000001000111000001000111000001000111000111000001000001000001000001000001000
000101000101000101111011000101111011000101111011111011111011000101111011000101000101000101111011000101111011111011111011000101111011111011111011111011000101000101111011000101000101000111111011
110111110111110111110111001001001001110111110111001001110111001000110111001001001001110111110111110111110111110111110111110111001001001001001001110111001001110111110111110111110111001001001001
111001000111000111000111111001111001111001111001111001111001111001000111111001000111000111111001111001000111000111111001000111111001000111111001111001111001111001111001111001111001000111000111
111001000111000111000111000111000111111001111010000111111001111001111001111001111001000111111001111001000111000111000111000111000111111001111001000111000111000111111001000111111001111001111001
111001111001111001000111000111111001000111000111000111000111111001000111000111111001111001111001111001111001111001111001000111000111000111000111000111000111111001111001111000000111111001000111
111100000100001000111100111100000100111100111100111100111100111100000100000100000011000100111100111100000100111100111100111100111100111100000100111100111100111100111100000100000100111100000100
111100000100000100111100000100000100111100000100111100000100111100111100000100111100000100000110000100000100111100111100111100000100111100111100111100000100000100111100000100000100111100111100
110111001001110111110111001001111000110111001001110111110111001001001001001001110111001001110111001001110111110111001001110111110111110111001001110111110111001001110111110111110111001001110111
110111110111001001001001110111001001110111110111110111110111110111110111001001001001110111110111001001001001001001110111110111110111110111110111001001110111110111001001000111110111110111001001
111001000101000101000101000101000101111011111011000101000101000101111011111011111011111011111011111011111011000101000101111011111011111011000101000101000101000101111011000101111011111011000101
000111111001000111000111111001111001000111000111111001111001000111111001000111111001111001111001111001000111000111000111000111111001111001000111111001000111111001000111111001111001111001111001
111010111010111010111010111010111010111010000110000110111010111010111010000110111010111010111010000110000110000110000110111010111010000110000110000110000110111010000110000110111010111010000110
000111000111111001111001111001000111000111111001000111111001111001000111000111000111000111111001000111000111111001000111111001000111000111000111111001000111000111000111111001000111000111111001
000111111001111001000111000111000111111001111001111001000111000111000111111001000111000111000111000111111001111001000111111001000111000111000111000111111001111001111001000111000111000111000111
111000001000001000001000001000000110111000111000001000111000111000001000001000001000111000001000111000111000111000001000111000111000001000111000111000111000111000111000111000111000111000111000
000110111010000110000110111010111010000110111010000110111010000110111010000110000110111010111010000110111010000110111001000110111010000110000110111010000110000110000110111010111010000110000110
000111111001001000000111111001000111000111111001000111000111111001111001000111000111111001000111111001111001000111111001111001111001111010000111111001111001111001111001000111000111111001111001
111001000111111001000111000111111001111001000111000111000101111001000111000111111001111001111001111001000111000111000111111001111001111001111001111001000111111001000111000111111001000111000111
001000111000001000111000001000111000001000111000001000111000111000111000001000001000111000001001111000001000111000111000001000111000001000111000111001001000001000111000111000111000111000001000
111000111000111001111000001000111000111000111000001000111000001000001000001000111000111000001000111000001000111000111000001000111000111000111000111000111000001000001000111000111000001000001000
111100111100000100111100111100111100110111111100111100000100111100111100000100111100000100111100000100111100111100111100000100000100000100000100111100111100000100000100111100000100111100111100
111000001000111000001000001000001000001000111000111000111000111000111000001000001000000110111000111000001000001000001000001000111000001000001000001000111000111000001000111000111000111000111000
111001000111111001000111111001111001111001000111000111000111111001000111111001111001111001111001111001111000000110000111111001111001000111111001000111000111111001000111000111000111111001111001
110111110111001001001001110111001000001001110111110111001001001001001001001001001001110111001001001001001001001001001001001001001001110111110111110111001001001001110111110111110111001001001001
111000001000001000001000111000111000111000001000111010001000001000001000111000111000001000111000001000111000111000111000111000001000111000111000111000001000111000111000001000111000001000001000
111001000111111001000111111001000111000111000111000111000111111001111001111001111001000111000111111001111001000111000111000111000111000111000111000111111001000111000111000111111001111001000111
000111111001000111000111111001000111111001111001111001000111000111000111111001111001000111000111111001111001000111000111111001111001000111111001000111111001000111000111111001111001111001000111
001001001001001001001001001001001001111011110111110111001001110111001001110111110111001001110111110111110111001001110111110111110111001001110111110111110111110111001001001001110111110111001001
001000111000111000001000111000001000001000001000111000111000111000001000111000111000001000001000111000001000111000111000001000111000111000111000111000000111111000001000111000001000111000001000
111001111001111001111001000111111001111001111001111001000111000111111010111001111001111001000111000111111001111001111001000111111001000111000111000111000111111001111001000111111001000111111001
111010111010111010000110000110111010111010111010111010111010111010111010111010000110111010111010000101111010111010111010000110000110111010111010111010111010000110000110000110111010000110111010
111001111001111001111001111001111001000111000111000111000111000111000111000111111001000111111001111001000111111001111001000111000111111001111001111001111001000111000111111001111001111001000111
000110111010111010000110000110000110111010000110111010000110000110111001000110000110111010111010000110000110000110000110000110000110111010111010111010111010000110111010000110111010000110111010
111110000010000010111110111110000010000010111110111110000010111110000010000010000010111110111110000010111110000010111110000010111011111110000010000010000010111110111110000010000010111110111110
001001110111110111001001110111001001110111110111110111110111000110001001110111110111001001110111110111110111001001001001001001001001001001110111110111110111001001001001001001110111001001001001
110110001010001010110110110110001010110110001010001010001010110110110110001010110110001010110110110110110110001010001010110110110110001010110110110110001010110110001010110110001010110110110110
001000111011000101000101000101111011111011000101111011000101000101111011000101000101111011000101000101111011000101111011000101111011111011000101000101111011111011111011111011000101111011111011
111011111011000101111011111011000101000101000101000101000101110111000101000101000011000101111011111011111011111011000101111011000101111011111011111011000101000101000101000101000101000101111011
111001000111000110111001000111000111000111111001000111000111000111111001000111000111111001000111111001111001000111111001000111111001001001000111111001000111000111111001111001111001111001000111
000101000101000101111011111011111011000101000101111011111011111011111011111011111011000101000101000101111011000101000101000101000101000101000101000101000101111011111011000101111100000111111011
111000001000111000001000111000001000111000001000111000001000001000111000000111001000111000111000111000111000111000001000001000111000111000111000111000001000111000111000111000111000111000001000
000111000111111001111001111001001000111001000111111001000111111001000111000111111001111001111001000111111001000111000111111001000111111001000111111001000111000111000111111001000111000111000111
000111111000111000111000111000111000001000111000001000001000111000001000111000111000111000111000001000001000111000001000001000111000001000111000001000001000111000001000111000111000001000111000
111011000101111011111011111011111011000101000101111011000101111011000101000101000101111011000100000101000101000101111011000101000101111011000101111011111011000101111000111011111011000101111011
000111111001000111111001111001000110111001111001111001111001000111000111000111000111000111000111000111000111000111000111111001000111111001111001111001111001000111111001000111000111000111111001
000011111101111101111101001000000011000011111101111101111101111101000011000011111101111101111101111101000011000011000011111101000011000011111101111101111101111101000011111101111101111101111101
001001001001001001110111001001001001110111001001110111001001001001110111001001110111001001110111001001110111110111000111001001110111110111110111110111001001001001110111001001110111110111110111
111010111010000110000110111010111010000110000110111010000110000110000110110111000110000110000110111010000110111010000110111010111010111010000110111010000110000110000110111010111010111010111010
000110000110111010111010000110111010111010111010111010111010111010111010111010000110111010000110111010000110000110000110000110000110000110111010111010000110000110000110111010111010000110000110
111011000101000101111011111011111011111011111011000101000101111011000101111011111011111011111011111011000101111011000101000101000101111011000101111011000101000101111011000101000101111001111011
111010000110000110111010111010111000000110111010111010000110000110000011000110111010000110111010111010000110111010000110000110111010000110000110000110111010000110111010000110000110111010000110
111011111011111011000101111011111011111000000101000101111011000101111011000101111011000101000101000101111011111011111011000101111011000101000101111011000101000101000101000101000101000101000101
000111000111000111000111111001111001000111111001000111111001111001111001000111000111111001111001111001000111111001000111000111000111000111000111111000000111000111111001000111000111000111000111
000110111010000110111010000110000110111001000110000110111010000110111010111010111010000110000110000110000110111010111010000110000110000110000110000110000110111010000110000110000110000110000110
001000111000001000001000001000001000111000001000001000111000001000111000111000001000111000001000001000111000001000111000111000111000111000001000001000111000001000001000001000111000111000001000
111001000111111001111001000111111001000111000111111001000111111001111001111010111001111001111001111001111001111001111001000111111001000111001000000111111001000111111001111001111001111001111001
001001110111001001001001110111110111001001110111110111110111110111110111001001110111001001110111110111110111001001110111110111110111001001001001001000110111110111001001110111001001001001001001
001000001000111000001000111000001000001000001000111000111000111000001000000111111000001000001000111000111000001000111000111000111000001000001000111000001000001000111000111000111000111000001001
001000001000111000001000001000001000111000001000001000001000001000001000001000111000111000111000111000111010001000111000111000111000111000111000111000001000111000001000001000001000111000111000
001000111000111000111000111000001000111000001000001000001000001000111000111000001000111000111000001000111000001000111000111000111000111000001000001000001000111000001000111000111000001000111000
111010111010111010111010111010111010111010111010000111000110111010111010000110000110000110111010111010111010111010111010000110111010000110000110111010000110000110111010111010111010111010111010
111001000111111001000111000111111001111001000111000111111001111001000111111001000111000111111001111001000111000111111001000111111001000111111001111001000111111001111010000111111001111001111000
110101110101110111001011001011110101110101110101110101110101110101110101110101110101001011001011001011110101001011110101001011110101110101110101110101001011110101001011110101110101001011110101
111000111000111000001000111000111000001000111000111000111000111000001000001000111000001000001000111000001000111000111001001000111000111000111000001000001000001000001000001000001000001000001000
111100000100111100111100111100111100000100000100000100000100000100111100111001111100000100111100000100111100111100111100111100000100111100000100111100000100000100111100111100000100111100000100
111010000101000110111010000110111010111010000110111010000110000110111010000110000110000110000110000110111010111010111010000110111010111010111010000110111010000110111010000110000110111010111010
111010111010000110111010000110111010111010111010000110111010111010000110000110111010111010111010111010000110000110000110111010000110000110111010111010000110111010111010111010111010000110111010
000110000110000110000110000110000110111010000110111010000110111010111010000110111010111010111010000110111010111010111010000101111010000110000110111010000110111010000110000110111010000110000110
111000111000001000001000001000111000001000001000111000111000001000001000111000001000111000001000111000001001000111111000001000111000111000111000111000001000001000111000111000001000111000001000
000110111010000110000110000110111010111010000110000110000110000110000110111010111010000110000110111010111010111010000110111010000110111010111010000110000110000110000110111010111010111010000110
111100111100000100000100000100000100000100000100111100000100111100000100000100111100000100111100000100000100111100111100000100111100000100111100111100111100111000000100000100000100111100000100
111001111001111001000111111010111001111001111001000111111001000111111001000111000111111001111001000111111001111001111001111001000111000111000111000111000111111001111001000111000111111001000111
111000111000001000001001111000001000001000111000111000001000111000111000111000000101111000001000111000001000001000111000001000111000111000111000111000001000111000111000001000001000001000111000
000101000101000101000101000101000101111011000101111100000101111011000101111011000101111011000101111011111011000101001000111011000101111011111011111011000101000101111011111011000101111011000101
111100000101111011111011111011000101111011111011000101000101111011000101000101111011111011000101000101000101111011111011111011111011111000111011111011000101111011111011111011000101000101111011
000111111001000111111001111001111001111001111001000111111000111001111001000101111001000111111001111001000111000111111001000111111001000111000111111001000111111001111001111001000111111001111001
001000001000111000111000001000001000001000001000111000001000001000111000111000111000001000001000001000001000001000001000001000001000111000111000001000001000111000001000001000111000111000111000
000111111001000111111001000111000111000111111001111001000111000111000111111001000110111001111001000111000111111001111001000111111001111001111001111001111001000111000111111001111001000111000111
001100110100001100110100110111001100001100001100110100001100001100001100001100110100001100001100001100110100001100001100110100110100110100001100001100110100001100001100001100110100001100110100
111011000101111011111011000101000101000101000101000111000101000101111011111011111011000101000101111011000101000101000101000101111011000101000101111011111011000101000101000101111011111011000101
000110111010000110111010111010111010111010000110111010111010000110000110111010111010000110111010000110000110111010111010000110001000111010000110000110000110111010111010000110111010111010111011
111010111010000110111010000110000110111010111010111010000110000110000110000110000110111010111010111010111010111010000110000110111010000110000110000110000110000110000110111010000110000110111010
000100111100111100000100111100111100111001000100000100000100111100111100000100000100000100000100111100111100000100000100000100000100000100111100000100111100000100111100000100000100111100111100
001001110111110111001000001001001001001001001001110111001001001001110111110111110111110111110111001001110111001001001001001001001001001001001001001001110111110111110111001001110111110111001001
110110001010110110001010000111110110110110110110110110001010001010110110001010110110001010110110001010110110001010001010110110110110110110110101110110110110001010001010001010001010001010001010
001000001000001000111000001000001000111000001000111000111000111000001000001000111000001000001000111000000110111000001000111000001000001000001000001000111000111000001000111000111000001000111000
000110000110111010000110000110000110000110000110111010000110111010000110111010000110000110111010000110000110000110111010111010000110111010111010000110000110000110000110111010111010111010000110
000101000101000101000101000101111011111011111011000101000101000101111011111011000101000101111011000101000101000101111011111011000101000101000101000101001000111011111011111011111011000101000101
111011000101000101000101000101000101000101111011111011000101111011111010000101000101000101000101000101000101000101111011111011000101111011000101111011111011000101000101111011111011111011111011
111000001000111000001000111000001000111000001000111000111000001000111000001000111000111000001000111000111001111000001000111000111000111000111000001000110111111000111000001000111000001000001000
000110111010000110000110111010111010000110000110000110000110111010000110000110111010111010000110111010000110111010111010000110001000000110000110111010111010111010111010000110000110111010000110
111011111011111011000101000101000101000101000101000101111011000101000101000101111011000101000101000101111011000101111011111011000101000101111011000101000101000101111011000110000101111011111011
111010000110000110111010111010111010111010111010111010000110000110111010000110111010111010111010111010000101111010000110111010000110000110111010111010111010111010000110001001111010000110111010
000000001011000000000000000000000000000000000000000000000000000000000000000000000000000000000000000000000000000000000000000000000000000000000000000000000000000000000000000000000000000000000000
110110001010110110001010110110001010001010110110110110001010110110110110110110110110110110001010001010110110001010110110001010110110110110110110001010001010110110001000110110110110110110110110
111011000110111011000101111011000101000101000101111011111011111011111011111011000101111011111011000101000101111011111011111011111011000101000101000101111011000101111011111011000101111011000101
111011111011000101111011111011000101111011111011000101111011000111111011111011111011000101111011111011000101111011000101111011111011111011111011000101000101111011111011111011000101111011111011
000110111010000110000110000110111010000110111010111010000110111010111010111010111010111010000110111010000110111010000110111010000110000110000110000110000110111010111010111010000110000110111010
111000111000111000001000111000001000001000111000001000001000001000001000111000001000001000001000111000001000001000001000110111001000001000001000111000001000111010001000001000111000111000001000
111000001000001000111000111000001000111000111000001000001000111000001000001000111000111000001000111000001000111000001000111000111000111000000111001000001000001000001000001000001000001000111000
000111000111000111000111000111111001000111111001000111000110000111000111111001000111111001000111111001000111111001111001000111000111111001111001111001001010111001111001111001000111000111111001
000111111001111001111001111001111001111001111001111001000111111001111001111001111001000111000111000111000111111001000111111001111001111001000111000111111001111001111001000111000111111001000111
110110001010001010110110001010001010110110110110110110110110110110110110001010001010110110001010001010001010001010001010001010001010001011001010001010001010001010001001001010110110110110110110
111000111000111000110110111000111000111000111000111000111000111000111000111000001000001000001000111000001000111000111000001000111000111000001000001000001000111000111000111000001000001000111000
111000001000111000001000001000111000111000001000111000001000111000001000001000001000001000111000111000111000001000001000001000111000111000001000001000111000111000001000111000111000001000111000
111001000111000111001000111001111001111001000111000111000111000111000111000111111001111001111001000111000111111001111001000111111001111010000111111001111001000111111001111001000111000111111001
000111000111111001000111111001111001111001111001111001000111000111000111111001001000111001111001111001000111000111000111000111000111111001000111000111111001111011000111000111111001111001111001
110110001010001010001010001010001010110110001010110110001010110110001010001010001010001010001010001010001010110110001010001010001010001010110110001010001010110110110110001000110110001010110110
000101000101111011000101111101000101111010000101000101000101111011111011111011000101111011000101000101000101000101111011000101000101000101111011111011000101111011000101111011111011111011000101
000111111000111001000111000111000111000111000111000111111001000111000111000111000111111001000111111001000111000111111001111001000111000111111001111001111001111001000111111001111001000111111001
000111000111000111111001111001111001000111111001000111000111111001000111000111111001111001000111000111000111000111000111000110111001000111111001111001000111111001111001111001000111111001000111
111010000110111010111010000110111010000110000110111010000110111010111010111010111010000110000110000110111010000110000110000110111010000110000110111010111010111010111010000110111010000110000110
000110111010000110000110000110111010000110111010000110111010000110000110111010000110111010000110111010111010000110111010111010001000000110111010111010000101111010111010111010111010000110000110
001001000111111001000111000111000111111001000111000111000111000111111001111001000111000111111001000111000111000111111001111001000111000111111001000111111001111001000111000111000111111001111001
000110000110000110111001000110000110000110111010000110000110111010111010111010111010000110111010000110000110000110000110000110111010111010111010000110111010000110000110000110111010111010111010
001001110111110111001001110111001001111000110111001001110111110111001001001010110111110111110111001001110111001001110111110111001001001001110111110111110111110111110111001001110111110111001001
000110000110111010000110111010000110111010111010000110111000111010000110111010111011000110111010111010111010000110111010000110000110111010000110000110111010000110111010000110111010111010111010
111001111001111001111010000111000111111001000111111001111001000111111001111001000111111001111001000111000111000111000111000111000111111001111001111001111001000111111001111001000111111001000111
000111000111000111111001111001111001111001111001000111000111000111111001000111111001111001111001000111000111111001000111000111111001000111111001111001000111000111000111000111111001111001111001
000111000111000111000111000111000111111000111001000111000111000111111001111001000111000111111001111001000111000111111001111001000111000111000111000111000111111001000111111001000111000111000111
000011000011111101111101000011111101111101111101000011111101000011111010000011000011000011000011000011000011000011000011111101111101111101111101000011111101111101111101000011000011000011000011
000100111100000101000100000100000100111100111100000100111100000100000100000100000100111100111100111100111100000100111100000100000100000100111100000100111100000100000100000100000100111100000100
111000111000111000001000001000111000001000111000111000111000001000111000111000001000001000111000001000111000111000111000111000001000001000111000001000110111111000111000111000111000111000111000
111001000111111001111001111001111001000111111001111001000111111001111010111001111001000111111001000111111001000111111001000111000111000111000111000111111001000111111001001001111001111001000111
111011000101111011000101000101000101111011000101111011111011000101111011111011111011000101111011111011111011111011000101000101000101000101111011111010000101111011000101000101111011000101000101
111000001000111000111000111000001000111000001000000110111000111000001000111000001000001000111000001000111000111000001000111000001000001000001000001000111000001000111000111000111000001000001000
000111000111000111111001111001000111000111111001111001111001000111111001000111111001111001000111111001111001000111111001111001111001111001111001111001111001000111111001111001000111111001000111
111001000111111001000111111001000111111001111001000111000110111001111001000111111001111001000111111001111001000111111001111001111001111001000111000111111001000111000111000111111001000111111001
111001111001111001111001111001111001111001000111000111000111111001000111111001000111000111000111111001000111111001111001000111111001111001111001111001000111000111000111111001111001111001111001
000110000110111010000110000110000110000110111010000110111010000101000110111010111010111010111010111010000110000110111010111010111010111010001010111010111010111010111010111010111010111010111010
111001000111111001000111000111000111000111111001111001000111111001111001000111111001111001111001000111111001000111000111000111111010111001111001111001111001111001111001000111111001000111000111
000111111001000111000111111001111001000111111001000111111001111001111001000111111001111001111001000111111001111001000111000111000111000111111001000111111001000111000111111001000111000111111001
111001111001000111111001000111111010000111111001000111000111111001000111000111111001111001000111000111111001000111000111000111000111000111000111111001111001000111111001110111111001111001111001
111001001011111001111001000111000111111001000111111001000111000111000111000111000111000101000111111001000111111001111001000111111001111001111001111001000111000111000111000111111001000111111001
000011111101000011111101111101000011111101111101111101111101000011111101111101111101000011000011000011111101000011000011111101111101111101000011000111111101000011000011111101000011000011000011
001001110111001001110111001001001001001001110111110111110111110111001001110111110111001001001001110111001001001001110111110111111000110111001001110111110111110111001001001001001001001001001001
000110111010111010000110000110111010111010000110111010000110000110111010000110000110000110000110000110000110111010111010111010000110000110000110111010000110000110111010000110000110000110111010
000111111001000111111001000111000111110111111001000111111001000111111001111001000111111001111001111001000111111001111001111001000111000111111001000111111001000111000111000111111001000110000111
000101111011000101111011000101111011000101000101111011111011000101000101000101000101000101111011000101111011000101000101111011111011111011111011111011111011111011000101000101111011111011000101
001001110111001001110111001001110111110111001001110111001001001001001001001001110111110111110111110111000111001001110111001001110111001001110111001001001001110111001001110111110111110111001001
111010111010000110111010111010111010111000111010111010111010000110000110111010000110111010000110111010000110111010111010111100000110111010000110111010111010000110111010000110111010000110000110
001001001001110111001001001001001001110111001001110111110111110111001001110111001001110111110111110111001001001001110111001001110111001001110111001001001001001001110111001001001001111011001001
000110000110000110000110111010000110111010111010111010111010111010111010111010000110111010111010111010111010111010111010000110000110000110111010111010000110111010000110000110111010111010111010
111101111101111101000011111101000011000011000011000011000011000011111101000011000011000011000011000011111101000011000011000011001000000011000011000011111101000011000011000011111101000011000011
000101110110111011111011000101000101000101111011111011000101111011000101000101111011000101000101000101111011000101000101111011000101111011111011000101111101111011111011000101000101111011111011
000111000110000111111001000111111001000111111001111001111001111001000111111001111001000111000111000111111001111001000111111001000111111001111001111001001000111001000111000111111001000111000111
001011001011110101110101001011110101001011110101110101110101001011001011110101110101110101001100110101001011110101001011110101110101001011110101110101001011110101110101001011110101000111001011
111010111001111001111001000111000111111001000111000111000111000111000111000111000111111001111001000111000111000111000111000111000111000111000111111001000111000111111001000111000111111001000111
001001001001001001001001001001110111110111001001110111001001001001110111110111110111001001001001110111110111001001110111110111001001001001001001110111001001001001111000110111001001110111001001
111100111011000101000101000101111011111011000101000101111011111011111011000101000101000101111011111011111011111011000101000101111011111011000101000101000101111011000101111011111011000111000101
111001111001111001111000000111111001111001000111111001000111111001000111111001111001000111111001000111000111111001111001111001111001111001111001000111111001111001000111000111111001111001111001
000101000101000101000101000101111011000101000101111011111011111011000101111001111011111011000101111011000101000101000101000101111011000101111011000101000101000101000101111011111011111011111011
111010111010111010111010000101000110111010000110111010111010000110111010111010111010111010111010111010000110000110000110111010000110000110000110111010111001111010000110111010000110111010111010
000101000101000101000101111011000101000101111011000101000101111011000011000101111011111011000101000101000101111011000101111011000101000101111011111011001010000101000101111011000101111011111011
111010000110111010111011000110111010000110111010111010111010111010000110111010111010000110000110111010111010111010000110000110111010000110110110000110111010000110111010111010000110000110000110
111010000110000110111010111010111010111010000110111010111010111010000110000110111010111010000110000110111010111010111010111010111010111010000101000110111010111010111010000110000110111010000110
001001110111111000110111001001001001110111001001001001110111110111110111110111110111110111001001001001001001110111001001110111001001110111001001001001001001110111001001001001001001001001001001
111001000111000111000111000111000111111001111001000111111001111001000111000111111001111001000111000111111001000111111001000111000111111001000111000111000111000111111001000111000111111001000111
111011000101000101111011000100111011111011000101111011111011000101000101111011111011000101000101111011111011000101000101111011000101000101111011111011110111111011111011111011000101000101111011
111010000110111010111010000110111010111010111010000110111010001000000110111010111010000110000110111010000110000110111010000110111010111010000110000110111010000110111010000110111010000110000110
000101111011000101111011111011000101000101111011000101111011000101111010000101111011000101111011111011000101000101000101111011000101111011000101000101000101000101000101111011111011000101111011
001000001000001000001000111000001000001000111000111000111000111000111000001000111000111000001000111000001000111000111000111000001000001000111000111000111000111000111000111000111000001000111000
110110001010110110001010001000110110001010001010110110001010001010110110110110001010110110001010110110110110110110001010110110001010001010110110001010001010001010110110110110110110001010110110
000110111010000110000110000110000110111010000110000110111010001010111010000110111010111010111010000110111010111010111010111010111010000110111010000110111010111010111010111010111010000110000110
000110000110111010111010111010111010000110000110000110111010000110000110000110111010111010000110000110111010000110111010111010000110000110000110111001000110000110111010000110111010000110111010
111001000111111001000111111001111001111001111001111001000111000111111001000111000111000111000111000111111010000111000111000111111001000111111001111001000111000111111000111001000111000111000111
000111111001111001111001000111111001000111111001000111000111111001111001111001111001111001111001111001000111000111000110000111111001000111111001000111000111111001000111111001000111000111000111
111010000110000110000110000110111010111010111010111010000110000110000110111010111010000110000110111010000111111010000110111010000110000110000110000110000110111010111010111010000110000110111010
111010111010111010111010111010111010111010000110111010000110000110000110000110000110111010000110000110111010111010000111000110111010111010000110111010000110000110000110000110111010111010000110
110111001000111000111000001000111000111000111000000100111000001000111000111000111000111000001000001000001000111000001000111000001000111000111000001000001000001000111000111000111000111000111000
111011000101000101000101001000000101000101000101000101000101111011000101111011000101000101000101000101111011000101111011000101111011111011111011111011000101111011111011111011000100111011111011
111001000111000111111001000111111001111001111001000111000111000111000111000111000111000111111001111001000111000111111001111001111001111001111001111001000111111001000111111001000111000111111001
000111000111000111000111001000000111111001111001111001111001111001111001111001000111000111000111000111000111000111000111000111111001111001000111111001000111111001111001111001000111111001000111
111001000110111010000110000110000110111010111010111010000110000110000110111010111010111010111010111010000110111010000110111010111010000110111010000110111010000110111010000110000110000110000110
001001110111110111110111110111110111001001001001110111110111001001110111110111110111111000110111110111001001001001110111001001110111110111110111110111110111110111001001001001001001110111110111
111010000110111010111010111010000110111010111010000110000110111010111010000110000110000110111010111010000110000110111010111010111010111010111010000110111010000110000110111010000110000110111010
111000111000001000001000001000001000111000111000001000111000111000001010001000111000111010111000111000111000001000111000111000111000111000111000001000111000001000001000001000111000111000111000
001000111000001000111001001000111000001000111000111000111000001000111000001000111000001000111000001000111000111000001000001000111000111000001000111000001000111000001001111000111000111000001000
000111000111000111111001111001000111111001000111111001111001111001000111000111000111111001111001111001111001111001111001000111111001000111111001000111111001111001111001111001000111000111001000
000110000110111010111010000110000110111010000110000110111010000110000110000110000110000110000110111010000110111010111010000111000110111010111010000110111010111010000110000110111010000110000110
000110000110111010111010111010000110000110111010111010111010111010111010111010111010000110111010000110111010111010000111000110000110111010111010111010000110111010000110000110000110111010000110
110111110111001001110111110111110111110111001001110111110111001001110111001001001001110111001001001001110111001001110111110111001001001001110111110111110111110111110111110111001001001001110111
001001001001001001111010110111001001110111001001001001110111110111001001110111110111110111001001110111110111001001110111110111001001110111001010110111110111001001001001110111110111001001110111
110111001001001001001001110111001001110111001001001001001001110111110111110111110111110111110111110111110111001001110111110111001001110111001001110111001001001001110111110111111000001001001001
111010000100000110000110111010000110000110111010000110000110111010000110000110000110111010000111111010000110000110111010000110000110111010111010111010000110000110111010000110000110111010000110
000011111101000011111101000011000111111101111101000011111101000011111101111101000011111101000011111101111101000011000011111101111101000011000011000011000011000011111101000011000011111101000011
111001111000111001000111111011111001111001000111000111000111111001000111000111111001000111000111000111111001111001000111111001111001000111000111111001111001111001111001000111000111000111000111
000110111010111010000110111010000110111000000110111010000110111010000110111010000110000110111010000101000110000110111010000110111010000110000110000110000110000110111010111010111010111010000110
000110111010111010111010111010111010000110000110000110000110111010000110111010111010000110000110111010000110000110111010000110111010000110000110000110000110111010000110111010000110111010000110
001010110110001010001010110110001010001010110110110110001010110110000110110110001010001010110110001010110110110110001010001010001010001010001010001010001010110110110110110110110110001010110110
111000001000001000111000001000111000001000001000001000111000001000111000111000001000001000001000001000001000001000111000001000001000111000001000111000001000001000111000111000111000001000001000
000111111001000111000111111001000111111001000111111001111001111001000111111001000111000111000111111001111001111001111001000111111001000111000111000111111001000111111001111001111001111001111001
111001111001001000111001000111000111111001000111000111000111000111111001111001000111111001111001111001111001000111000111000111111001111001111001000111111001000111111001000111111001000111000111
111000001000001000001000001000111000001000111000001000111000111000001000001000111000001000001000001000111000001000001000111000001000111000001000111000001000111010111000001000001000111000111000
000101111011000101000101000101000101111011000101111011111011000101000101111011000101111011000101111011111011000101000101111011111010000101111011111011111011000101111011111011111011000101000101
111001111001000111111010000111000111000111111001000111000111111001111001000111111001111001111001111001111001111001111001111001111001111001111001111001111001111001111001111001000111111001111001
001000111000001000001000001000111000111000001000001000001000001000001000001000111000111000001000001000111000111000001000001000001000001000111001111000111000111000001000001000001000111000001000
000111000111111001111001001001000111111001111001000111000111000111000111111001000111000111111001111001111001000110111001111001000111000111000111000111111001111001000111111001000111000111111001
111001000111000111111001000111111001111001111001111001110101111001111001111001111001000111111010000111111001000111000111000111000111111001000111111001111001000111000111111001111001000111000111
111011111011111011111011111011111011000101111011111011000101000101000101000101111011000101111011000101111011000101000101000101000101000101000101000101001000000101111011111011111011000101000101
000101000101000101111011111011000101000101111011111011111011000101000101000101111010111011000101000101111011111011111011111011000101111011111011111011111011000101000101000101111011111011111011
111000001000111000111000001000001000001000111000001000111000111000111000001000111000001000111000001000001000001000001000001000111000111000111000111000001000111000001000111000000111111000001000
111010111010000110000110111010000111000110000110111010000110111010111010111010000110000110111010111010111010111010000110000110000110111010111010000110111010111010111010000110000110111010111010
000100000101111100111100000100111100111100000100000100000100111100111100000100111100111100111100000100000100111100000100000100111100111100000100000100000100111100111100111100000100000100111100
001000000111000111000111000111111001111001111001111001000111111001111001111001111001111001111001111001111001111001111001000111000111111001000111000111000111000111000111111001111001111001000111
111001000111111001111001000111000111111001111001111001111001111001000111111001000111000111000111111001111001111001000111111001111001111001000111000111111001000111111001111001000111111001111001
001001110111111000001001110111110111001001110111001001001001001001001001001001110111110111001001110111110111110111001001110111001001001001110111110110001001110111110111110111110111001001110111
111010000110111010111010111010000110111010111010111010000110111010000110000110111010111010111010111010111010111010111010111010000110000110000110000110000110111010000110111010000110000110000110
111011000101000101111011111011111011111011000101000101111011000101111011111011111011111011111011000101111000111011000101000101000101000101000101000101000101000100111011000101111011111011000101
111000001000111000001011001000001000001000111000001000111000001000001000111000001000111000111000111000001000111000001000111000001000001000111000001000111000111000111000111000111010001000001000
111000001000111000111000111000001000001000111000111000001000111000111000001000001000001000001000001000001000111000111000001000111000001000001000111000111000001000111000111000001000001000111000
111010111010111010000110000110000110000110000110111010111010111010111010000110000110000110000110000110111010111010000110000110111010111010000110111010111010111010000110111010000110111010000110
001000001000111000001000001000111000001000111000111000001000001000111000111000001000111000111000111000111000111000001000111000001000111000111000001000111000001000000110111000111000111000001000
000111000111111001111001000111111001111001000111111001111001111001000111111001111001000111000111111001111001111001000100000111111001000111111001111001111001111001001001000111000111111001000111
111010111010111010000110000110111010111010111010000110000110000110000110111010000110111010000110111010111010111010000110000110111010111010000110111010000110000110111010111010111010111010000110
001000001000001000111000111000111000001000111000111000111000111000001000001000111000111000111000111000111000001000111000001000111000000111001000001000001000001000001000001000111000001000111000
111010000110111010000110111010000110111010111010000110111010111010000110111010111010000110111010000110111010111010111010000110111010000110000110111010000110111010000110000110000110000110000110
111001111001111001000111000111000111111001000111000111000111111001111001000111000111000111000111111001111001111001000111000111111001000111111001111000111001111001000111000111000111000111000111
001000001000111000111000001000111000001000111000111000001000001000110111111000111000111000001000111000001000001000001000000110111000111000001000001000111000111000111000111000111000001000111000
111011111011000101111011000101000101111011111011000101000101111011000101111011111011111011111011000101000101111011000101000101111011111011111011111011111011000101111000111100111011000101111011
111011000101111011000100000101111011111011111011000101111011111011111011111011111011111011111011111011111011111011000101111011001000000101111011000101111011000101000101111011111011111011111011
111010111010111010111010111010111010111010111100000110000111111010000110111010000110111010111010000110000110111010000110111010111010000110000110111010000110111010000110000110000110000110111010
111001000111000111000111111001111001000111111001000111111001000111000111000110111001111001111001000111111001000111111001111001000111000111111001000111111001111001000111111001000111000111111001
000110111010000110111010000110000110111010111010000110000110000110000110000110000110111010111010111010000110111010111010111010000110111010111010111010111010111010000110111010111010000110111010
001001001001110111001001001001001001110111110111001001001001110111001001001001110111110111001000001001110111110111001001001001001001001001001001110111001001001001110111001001110111001001110111
000110111010111010000110111010000110111010000110111010000110000110111010111010111010000110000110111010000110000110000110111010111010111010111010111010000110000110111010111010111001111010000110
000110000110111010000110111010000110111010000110111010000110111010111010111010111010111010111010111011111010111010000110000110000110111010111010000110111010111010111010111010111010111010111010
001001001001001001110111111000110111110111001001001001110111110111110111110111001001110111001001001001110111001001001001110111110111110111110111001001110111001001001001110111001001110111110111
000110111010111010111010111010111010000110000110111010111010000110000110000110111010000111000110000110000110000110111010111010111010111010111101111010111010111010000110111010111010111010111010
111010111010111010000110000111000110111010111010111010111010111010111010111010000110111010111010111010111010111010111010000110111010000110111010111010111010111010000110000110111010000110000110
111010000110000110000110111010000110000110111010000110111010000110000110111010111010111010001001111010000110000110111010111010111010000110111010111010000110000110111010000110000110111010111010
001000001000111000001000111000111000111000111000111000111000001000001000001000001000111000111000001000110111001000001000001000001000111000001000001000001000111000001000000111111000111000001000
000110000011111011111011000101000101111011000101111011111011111011000101111011111011000101000101111011000101000101111011000101000101111011111011000101111011111011000101000101000101111011111011
000101000101000101111011000101111011000101000101111011000101000100111011111011000101111011111011000101000101000101000101111011000101001001000101111011111011000101111011000101111011111011111011
001001001001110111110111001001001001001001110111110111110111110111110111001001001001110111110111001001001001001001001001001001000111001001110111001001110111001001001001110111110111001001110111
111001111001111001000111111001111001111001111001111001111001000111000111000111000111000111111001111001111001111001111001111001111001111001111001111001000111111001000111111001111001000111000111
111110000010000010000010111110111110000010111110000010000010111000000010000010111110111110000010000010111110111110111110111110000010111110000010000010111110111110000010000010000010111110111110
111010111010000110000110000110111010111010111010111010000110000110111010111010000110000110111010000110000110111010111010111010000110000110111010111010111010000110000110111010111010000110111010
000100000100111100000100000100000100111001000100111100000100111100000100111100000100111100111100111100111100000100000100111100111100111100111100111100000100111100111100000100111100111100000100
000101111011000101000101111011000101000101111011111011000101000101111100111011111011111011000101111011111011111011000101111011000101111011000101111011000101000101111011111011000110000101000101
111000111000001000001000001000111000111000001000001000001000111000111000001000001000111000111000111001001000111000111000001000001000001000001000111000111000001000001000111000111000111000001000
000110000110111011000110000110000110000110000110111010111010111010111010111010000110000110111010111010111010000110000110000110000110111010111010111010111010000110111010111010111010000110000110
111001000111111001111001111001111001111001000111000111000111111001000111111001000111111001111001000111111001111001111001111001111001111001000111111001111001111001000111111001111001111001000111
000111111001111001111001000111000111000111111001000111000111000111000111111001000111111001000111000111111001111001111001111001000111000111000110111001000111000111000111000111111001111001111001
001001001001111001110111001001110111110111001001110111001001110111110111001001001001001001110111001001001001110111001001110111110111110111001001001001001001001001001001001001001001110111110111
001000111000111000111000111000001000110110001000111000001000001000001000001000111000001000111000001000001000001000001000111000001000001000001000001000111000001000111000001000111000001000001000
001000001000111000111000001000111000001000111000111000001000001000001000111000111000111000001000111010001000001000001000111000111000001000111000111000001000111000001000111000111000001000001000
001010110110111000110110110110110110110110001010001010110110110110110110110110001010110110110110001010001010001010110110110110110110001011001010110110110110110110110110110110110110110110001010
110111111001111001111001111001000111111001000111111001000111111001000111111001000111111001111001111001111001000111000111000111000111000111111001000111000111000111111001000111000111111001000111
000110000110111010111010111010111010000110111010111010111010000110000110000110111001000110111010000110000110111010000110111010111010111010111010000110111010000110111010111010111010111010111010
000101111011111011000101000101111011111011000101111011111011000101111011000101000101111011111011111011000101000101000101111011000101000101111001111011111011111011000101000101000101111011000101
001001110111001001001011001001110111001001110111110111001001110111001001001001110111110111110111110111001001001001110111001001001001001001001001110111110111001001001001001001110111001001110111
000101000101111011000101111011000101111011000101111011111011000101000101111011000101000101111011000101000101111011111011000101000101000101000101000101111001111011111011000101111011000101111011
001010001010001010110110110110110110110110110110110110001010001010110110110110110110110110110110001010110110001010110110001010001010110110001010110110001010110110110110001010001010110110001000
000100111100111100000100000100000100111100000100000100111100111100111100111100111100000100111100000100000100111100111100111100111100111100111100111100000100111100110111000100000100000100000100
000101000101000101000101000101111011000111111011111011000101111011111011111011111011000101000101000101000101000101111011111011111011000101000101111011111011000101000101000101000101111011111011
000110111010111010000110000110111010000110000110000110111010111010111010111010000110111010111010000110000110000110111000111010111010000110111010000110111010000110000110111010000110000110111010
001000001000111000001000111000001000001000111000001000001000001000111000111000111000001000001000001000111000111000001000111000111000111010001000111000111000001000001000111000111000111000001000
000011000011111101000011000011111101111101111101000011000011000011000011000011111101000011000011000011000011111101111101111101000111111101000011111101000011000011000011111101111101111101111101
000101000101111011000101111011000101111011000101000101111011111011111011111011000101000101111011000101000101000101000101111011000101111011111011000101111011000101000101111011111011000101000101
000110111010111010111010111010000110000110000110111010000110111010000110111010111010111010111010000111111010000110111010111010000110111010000110111010111010111010111010111010111010111010111010
001000111001001000111000111000111000001000111000111000001000111000111000001000001000111000111000111000111000111000001000111000111000001000001000111000111000111000001000001000001000001000001000
001001001001110111001001110111001001110111110111110111110111110111110111110111001001110111110111001001110111110111001001001001001001001001001001001001001001001001001001001001001001110111001001
000100000100111100000100111100111100000100111100000100111100000100000100000100000100111100111100000100111100000100000100111100111100111100111100111100000100111100111100111100000100000111000100
000110000110000110111010000110111010111010111010000110000110000110111010111010000110000110111010000110000110111010111010111010111010111010111010111010111010111010000110000111000110000110000110
000110000110000110000110111010111010000110000110000110000110111010111010000110000110000110000110000110000110111010111010000110000110000110111010000110111001111010000110111010111010000110111010
000111000111000111000111000111000111111001111001000111111001111001000111000111111001111001111001000111111010000111000111000111111001000111111001111001111001000111000111111001111001000111000111
000111111001111001111001000111111001111001000111111001111001000111111001000111000111111001111001000111111001000111000111000111000111111001111001111001000111111001111001111001111001111001111001
001001001001110111001001110111001001001001110111110111110111001001001001110111001001110111110111110111001001110111001000110111110111110111110111110111001001110111110111110111001001110111110111
000111000111111001111001000111111001111001111001000111111001000111111001000111111001111001111001111001000111000111111001000111000111111001000111111001111001111001111001111001000111111001111001
111000111000001000111000111000111000001000001000111000001000111000111000001000111000111000111000001000001000111000001000001000111000001000111000111000001000111000111000001000001000001000111000
000111111001111001111010111001000111111001000111000111000111111001000111000111000111111001111001000111111001111001000111111000000111111001000111111001111001111001111001000111000111111001111001
111010001001111010000110111010111010111010000101111010111010000110000110000110111010000110000110111010000110111010111010000110000110111010111010111010000110000110111010111010000110111010111010
000101111011111011000101000101000101000101000101111011111011000101000101111011000101000100000101111011111011000101001010111011000101111011111011000101111011111011000101111011000101000101111011
001000111000111000001000111001111000001000111000001000001000111000001000111000111000111000111000001000001000001000111000001000111000001000111000111000111000001000111000111000111000001001001000
111001111001000111000111000111000111000111111001111001111001111001111001000111000111111001000111000111111001111001111001000111111001111001000111111001111001111001111001000111000111000111111001
111111111111111111000001111111111111111111000001000001000001000001111111000001111111000001111111000001000001111111111111111111000001000001111111000001000111111111111111000001111111111111111111
000110111010111010000101111010000110111010111010111010111010000110111010111010111010000110000110000110000110111010000110000110000110000110000110000110000110000110000110000110000110111010001001
001001110111110111110111110111110111110111110111110111001001110111110111110111001001001001001001110111110111110111001001001001110111001001110111001001110111110111110111110111110111001000110111
001000111000111000111000111000001000111000001000001000111000001000001000111000111000001000111000111000001000001000001000001000111000111000001000001000111000111000001000001000001000111000111000
111010000110000110000110111010000110111010000110000110000110000110111010000110000110000110111010111010000110000110000110000110000110000111000110111010000110000110000110000110000110111010000110
110111001001110111001001110111110111001001001001110111001001110111110111110111001000110111110111110111001001001001110111001001001001110111001001110111001001001001001001001001001001001001001001
111001111001111001111001000111000111000111000111111001000111111001111001000111000110111001000111111001111001111001000111000111111001000111000111000111111001000111111001111001111001111001111001
111010111010000110000110000110000110111010000110111010001000111010000110000110000110000110111010111010000110000110111010000110111010111010111010111010000110000110111010000110111010111010111010
000100000100000100000100111100111010111100111100000100000100000100000100000100000100111100000100111100000100111100111100111100111100111100000100111100111100111100111100111100000100000100000100
111001000111000111111001000111111001111001000111111001111001000111111001000110000111111001000111000111000111111001000111000111111001000111000111111001111001000111000111000111111001000111111001
111011111011111011111011111011000101000101111000111011000101111011000101111011000101000101111011000101000101111011111011000101111011000101000101000101000101000101000101111011111011111011000101
111000001000001000001000111000001000111000111000001000111000111000111000111000111000001000001000111000001000001000001000001000111000001000111011111000111000111000111000111000111000111000111000
000111111001000111111001111001000111000111111001111001000111111001111001000111111001111001000111111001111001111001111001111001111001000111000111000111000110000111000111111001000111000111000111
000110111010000110000110111010111010111010000110111010111010000110000110111010000110000110111010111010000110111010000110111010111010111010111010111010000110111010111010111010111010000110111010
000101000100111011000101000101000101000101111011111011000101000101111011111011000101111011111011000101000101111000000101111011111011000101111011111011111011111011000101000101111011111011000101
111100111011111011111011000101111011111011000101111011111011111011000101000101000101000101111011111011111011111011111011111011111011111000000101111011000101111011000101111011111011111011000101
111000001000111000001000001000111000111000001000001000001000111000001000111000001000111000111000001000001000001000111000111000001000001000111000001000001000111000001000111000111000111000111000
111011000101111011111011111011111011111011111011111011000101111011111011111011111011111011111011000101111011000101111011000101111011000101111001111011111011111011111011000101111011111011000100
111010000110111010111010111010111010000110111010111010000110111010000110111010000110111010111010000110111010000110000110111010000110111010111010000110000110000110111010111010111010000110000110
111001111001111000000111000111000110000111111001000111111001111001000111111001000111111001000111111001000111000111111001111001111001111001000111111001111001111001000111111001111001111001111001
111011000101111011111011111011111011000101111011000101111011111011111011000101000101000101111011000101111011000101111011111011111011111011000101111011111011111011000101111011000101000101111011
111000001000001000001000111000000110001000001000111000001000001000111000111000001000111000001000001000001000111000001000111000001000001000001000111000001000111000111000001000001000111000001000
000111000111111001000111000111111001111001111001000111000111000111000111111001111001000111000111000111111001000111111001000111111001111001111001111001000111111010111001111001000111111001000111
111000111000111000001000001000001000111000001000111000001000001000111000001000001000001000111000111000111000111000001000111000001000111000001000001000001001111000001000001000001000001000111000
000111000110111001111001111001000111111001000111111001111001111001000111000111000111111001111001111001000111000111000111111001111001111001000111111001000111111001111001000111000111000111000111
001000001000111000111000111000001000001000111000001000111000111000111000001000111000111000111000111000001000001000001000001000001000111000111000001000111000111000001000111000001000111000111000
001000111000111000111000001000001000111000111000111000111000111000001000111000111000001000001000111000111000001000111000001000111000001000111000111000111000001000001000111000111000111000001000
001000001000111000111000001000111000111000001000001000111000001000111000111010001000001000001000001000001000001000001000001000111000001000111000001000001000001000111000001000111000001000111000
111001000111111001000111000111111001000111000111000101000111000111111000111001000111111001111001000111111001111001111001000111000111000111000111000111111001000111000111111001111001111001000111
111010111010000110111010000110111010111010111010000110000110000110000110111010000110000110111010111010000110000110111010111010111010000110111010000110000110111010111010000110111010111010111010
111000001000111000111000001000001000001000111000111000111000001000001000001000001000111000001000111000111000111000111000001000111000001000111000001000001000000110001000111000001000001000001000
001000111001000111111001000111000111111001111001111001111001111001000111111001111001111001000111000111111001000111111001111001111001000111000111111001111001000111111001000111111001000111000111
111000001000111000111000111000001000001000111000111000111000001000111000000111111000001000111000001000111000111000001000001000001000001000001000001000111000111000001000001000111000111000001000
000111000101000101000101111011000101000101111011111011111011000101000101111011111011000101111011000101000101000101000101111011111011111011111011000101111011111011000101111011111011000101111011
111010000110111010000110000110111010111010000110000110000110111010111010000110000110111010000110000110000110111010111010111010000110000110111010000110000110000110111010111010111010111010111010
111000001000001000000111111000001000111000111000111000111000001000001000111000110110111000111000111000111000001000001000001000001000111000111000111000001000111000111000001000001000001000111000
111010000110111010111010111010000110111010111010111010000110111001111010111010000110000110000110111010111010111010000110000110111010111010000110000110000110111010111010111010111010111010000110
111011111011111011111011000101111011000101111011000101111011111011111011111011111011000101000101000101000110111011000101000101000101000101111011111011111011000101111011000101111011111011000101
001000001000111000111000001000001000111000111000001000111000001000000110001000111000001000111000111000001000001000111000001000001000001000111000001000111000111000111000111000001000001000001000
110101110101001011110101111010001011110101001011001011001011001011110101001011110101001011110101110101110101001011001011001011001011110101110101110101110101110101110101001011001011001011001011
001001110111001001001001001001110111110111110111110111110111110111001001001001110111001001001001001001001001001001110111001001001001001001110111001001000111110111001001001001001001110110001001
111001000111000111000111111001111001111001000111000111111001111001000111000111111001000111111001000111111001000111111001000111111001000111000111000111000111000111111010000111111001111001000111
001000001000111000111000001000001000111000001000001000111000111000111000111000111000111000111000001000111000001000001000111000001000001000111000001000111000001000111000001000111000111000111000
111001000111111001000111111001000111111001111001000111000111111001000111111001111001111001111001111001000111111001111001000111000111000111111001000111111001001001111001000110111001000111111001
111011111011111011111011000101000101111011111011000101111011000101111011111011111011111011111011111011000111111011111011111011000101000101000101000101111011111011000101000101111011111011000101
000100000100000100000100000100111100111100000100000100111100111100111100000100111100000100000100111100111100000100111001000100000100111100000100111100000100000100111100111100000100000100111100
111001000111111001111001000111111001000111111001111001000111111001111001111001111001000111000111111010111001000111111001000111111001111001111001000111111001000111111001000111111001000111111001
111001000111000111111001000111111001000111111001000111000111111001111001111001111001111001111001000111111001111001000111000111111001111001000111111001000111000111000111111001111001111001000111
000110111010000110111010000110111010111010000110000110111010000110000110111010111010111010000110000110000110111010111010111010111010111010111010000110111010111010000110000110000110111010111010
110111111000001000001000001000111000001000001000001000111000111000000111001000001000111000111000111000111000111000001000001000001000111000001000001000001000111000111000111000111000001000111000
111010111010111010111010111010111010000110111010000110000110111010000110000110111010111010111010000110111010000110111010000110000110000110000110000110000110000110111010000110111010000110111010
000011111101000011111101111101000011000011111101111101111101000011111101000011111101000011000011111101111101111101000011111101111101000011000011000011000011000011000011111101000011000011000110
111011111011111011111011000101000101111011000101111011000100000101111011000101000101000101000101000101000101111011000101111011000101111011000101111011000101000110111011000101000101111011111011
001001001001110111001001110111110111001001001001110111001001110111001001110111110111110111110111000110110111001001001001001001110111110111001001110111001001001001001001001001110111001001001001
110111110111001001001001001001110111110111001001001000001001110111110111110111110111001001110111001001110111110111001001110111001001110111110111001001001001110111110111001001110111110111001001
000111111001000111000111111001000111000111111001111001000111000111000111000111000111000111000111000111111001111001000111000110111001000111000111000111111001111001111001000111111001000111111001
000101000101000101111011111011000110111011000101000101000101000101111011000101111011000101000101000101111011111011111011000101111011000101000101111011111011111011111011111011000101111011111011
001000111000001000001000111000001001111000001000001000001000111000111000001000001000111000001000111000001000111000001000001000111000111000111000001000111000001000000101111000001000001000111000
000110111010111010111010000110111010111010000110000110111010000110000111000110000110000110111010111010000110000110111010000110000110000110111010111010000110000110000110000110000110000110111010
110111110111001001001000110111110111001001110111110111001001110111001001001001001001110111001001110111110111001001110111001001001001110111110111001001001001001001001001110111001001110111110111
000101000101000101111011111011111011111011000101000101111011111011000111111011111011000101111011000101000101111011111011000101000101000101000101111011000101111011111011000101000101111011111011
111011000101111011111011000101111011111011111011000101000101000101111011000101111011000101000101111011000101111011111011111010000101000101000101111011000101000101000101000101000101111011000101
000101111011111011000101111011111011111011111011111011000101000101000101111011000101000101000101111011000101000101111011000101111011000101111011111011111010000101111011111011000101111011111011
111010000110111010111010000110111010111010000110111010000110000110000110000110111010000110111010111010000110111010110111111010111010111010111010111010000110111010111010000101111010111010000110
001010001010110110001010110110110110110110001010110110110110001010001010001010110110001010110110110110001010110110110110110110001010110110110110110110000110001010110110001010110110110110001010
111000111000001000001000001000001000111000111000000111001000111000111000111000001000111000001000001000111000001000001000111000001000001000001000001000001000001000001000111000111000001000001000
111100000100111100111100111100111100000100111100111100000100111100111100000100000100111100111011111100000100000100111100111100111100000100111100000100111100000100000100000100111100000100000100
111001000111000111111001111001111001000111111001111001000111000111000111000111111001000111111001111001111001000111000111001000000111000111111001111001111001000111000110111001111001111001000111
000101000101111011000101000101000101111011000110000101000101000101111011000101000101111011000101000101000101111011111011000101000101111011111011111011111011111011000101000101111011111011111011
000101111011000101111011111011111011111011111011111011111011000101000101111011111011000101111011000101000101000101000101000101000101111011000101110111000101111011000101111011000101111011000101
000111000111000111111001000111000111000111000111111001000111000111000111000111111001111001111001111001111001111001111001000111111001000111111001111001000111000111111001111001000111000111000111
001001001001110111110111110111001001110111001001110111001001110111110111001001001001110111001001001001001001001001110111110111000111001001110111001001001001110111110111001001001001001001110111
000100000100000110111100000100000100111100000100000100000100111100111100000100000100000100000100111100000100000100111100000100111100000100111100111100000100000100000100000100111100111100111100
000111000111000111111001000111111001111001111001000111000111000111000111000111111001111001000111111001000111111001000111111001000111000111000111111001000111000111111001111001111001000111111001
