000100111100111100111100000100111100000100000100111100000100111100111100111100000100111100111100000100111100111011111100111100000100111100000100000100111101111100000100000100000100000100111100
000100000100000100111100111100000110111100000100111100000100111100000100111100000100000100000100000100000100000100111100111100000100000100111100000100000100111100111100000100000100111100000100
000011000011111101000011000011111101111101111101000011111101111101111101111101111101111101111101111101111101111101111101111101000011111101000011111101111101000011111101111101000011111101000101
000100000100111100000100111100111100111100111100111100111100000100111100111100111100111100111100000100000100000100000011111100111100111100111100111100111100000100111100111100111100000100111100
000100000100000100111100000100000100111100111100111100000100000100111100000100111100000100111100111100111100111100111100111100111100000100111100111100000100000100000100000100111100000100000101
000010111110000010000010000010111110111110111110111110111110111110000010111110000010000010111100111110000010000010000010111110111110111110111110111110111110111110000010111110111110000010111110
000100111100111100111100000100000100111100111100111100000100000100000100000101111100000100111100000100000100111100000100111100000100111100000100111100000100000100000100000100000100111100111100
000100111100000100111100000100111100111100000100111100000100111100111100111100000100111100111100000100000110000100111100111100111100111100000100000100000100111100000100111100111100111100000100
000111111001000111111001111001000111000111111001000111000111111001000111000111111001111001000110111001111001000111111001000111111001000111000111000111111001111001000111000111111001111001111001
000011111101111101111101111101111101000011111101111101000011000011111101111101111101000011000011000100111101000011111101111101000011000011111101111101000011111101111101000011000011000011111101
000110111010111010000110000111000110111010111010111010000110111010111010111010111010111010111010000110000110000101000110111010000110000110000110000110000110000110111010111010111010111010000110
000101111011111011111011000101111011111011111011111011000101000101000101111011111011000101000101000101111011000101000100000101000101000101111011111011111011000101000101111011111011111011000101
000101000101111011111011111011000101000101000101000101111011000101111011000101111011111011111011111011111011000100111011000101000101000101000101111011000101000101111011000101111011000101000101
000011111101111101111101111101000011111101111101111101000011111101000011000110111101000011000011111101000011000011000011000011000011111101000011000011111101111101000011111101111101000011111101
000110000110111010111010000110111010111010000110000110111010000101000110000110111010000110000110000110111010000110111010111010000110000110111010000110111010111010111010000110000110111010000110
000110111010111010000110000100000110000110000110111010000110111010111010000110111010111010111010111010111010000110111010000110111010111010000110000110000110111010111010111010000110000110000110
000011111101111101000011111101000011000011111101111101000011000011000011111101111101111101111101000011111101000011000011000011111101111101000011000011000011000011000011000011000101000011000011
000010111110111110111110000010111110000010111110111110000010111110000010111110111110111110111110000010000010111110000010111101111110000010000010000010000010000010111110000010000010111110000010
000100000100111100000100000010111100000100000100000100111100000100111100111100111100111100000100000100000101000100000100000100000100111100111100111100000100111100111100000100000100111100111100
111001111100000111000111000111000111111001111001111001000111111001111001000111111001111001111001111001000111000111111001111001111001000111111001000111111001111001111001000111111001111001000111
000011000100111100111100000100000100111100111100111100000100000100000100111100000100000100000100111100000100000100000100000100000100000100111100111100111100000100000100000100111100111100000100
111011000101000101000101000101000101000101000101000101000101111011111011111011111011000101000101111011111011111011000101000101000110111011111011000101000101111011000101000101000101000101111011
000110000110111010000110111010111010111010000110000110000110111010000110111010111010000110111010111010000110000110000110111010111010000110111010111010111010000110111010111010111010000110111010
000011000011000011000011111101000011111101111101111101111101111101111101000011000011000011000011111101000011111101111101000011000011111101111101111101000011111101111101000011000011000011111101
111101111101111101000011000011111101000011111101000011000011000011000011000011111101000011000011000011000011111101111101000011000011111101000011111101000011000011111101111101111101000011111101
111101000011111101111101000011111101111101000011000011000011111101111101000011111101000011111101000011000011000011111011000011000011111101111101000011111101111101000011000011111101000011111101
000001111111111111000001111111111111111111000001111111000001000001111111000001000001111111111111111111111111000001111111000001000001111111000001111111111111000001111111111111111111111111111111
000011000011111101111101000011111101111100000011111101000011000011000011111101111101000011111101111101000011111101111101000011111101111101111101111110111101000011000011000011111101000011111101
000011000011111101111101111101000011111101111101000011111101111101000011111101000011111101111101000011000011000011111101000011111101111101111101000011000011111101000011111101000011000010000011
111011111011000101000101111011111011000101000101000101111011111011000101000101000101111011111010111011000101000101000101000101111011000101111011111011000101111011000101000101000101000101111011
111011000101111011111011111011000101000101000101111011000011000101111011000101000101111011111011000101111011111011111011111011000101000101000101111011000101111011111011000101000101000101111011
111011000101111011111011111011111011000101000101000101000101000101000101000101111011000101000101000101000101000101000101000101111011000101111011000101111011000101000101000101111011111011111011
111011000110000101000101111011000101000101111011111011111011111011111011000101111011000101111011111011000101111011111011000101000101000101000101111011111011000101000101000101111011111011000101
000011111101000011000100000011000011111101000011111101000011000011000011000011000011000011000011000011111101000011000011000011000011000011111101000011111101111101000011111101000011111101111101
111010111010000110111010111010000110111010111010000110000110000110111010111010111010111011000110000110111010000110000110111010111010111010000110111010000110111010111010111010111010111010000110
111100000100111100000100111100000110111100111100000100111100111100111100000100111100000100111100111100111100111100000100111100000100111100000100000100000100111100111100000100000100000100111100
111101111101111101111101111101111101111101000011000011111101111101000011111101000100000011111101000011111101111101111101111101000011000011000011111101111101000011000011111101000011111101111101
000011111101111101000011111010111101000011000011111101111101111101111101000011000011111101111101000011000011000011111101111101000011111101000011000001111101000011000011000011000011111101111101
000101111011000101111011000101111011111011111100111011111011000101000101000101111011111011000101000101000101000101000101111011000101000101111011000101111011111011000110000101000101111011000101
000100111100111100000100111100000100000100111100111100000100000101000100111100000100000100000100111100111100111100000100000100000100000100000100111100000100000100111100111100000100111100111100
111010111010111010111010000110000110000110111010000110111010111010111010000110111010111010111010000110111010000110000100111010000110000110000110111010111010111010111010000110000110000110111010
111101111101111101000011000011000011111101000001000011111101111101000011000011111101111101111101000011000011111101111101111101000011111101000011111101000011111101000011000101111101000011000011
111011000101111011000101000101000101111011111011111011000101111011111011000101000101111011000101111011000101000101000101111011111011111011111100111011111011000101000101111011111011111011000101
111101111101000011111101000011111101111101000011111101000011111101111101111101000011111101000011000011000011000011000011111101111101000011000011000011000011111101000011000011111101000011000100
111110111110111110000010000010000010111110000010000010000010000001111110000100111110000010111110111110111110111110111110000010111110000010111110000010000010111110111110111110111110111110000010
111101000011111101000011000011000011111101000011111101111101000011111101000011000011000011111101000011000011111101000011111101111101000011111101000011000011000011000011000011111101000011000011
111100000100111100111100000100111100000100111100111100111100111100000011000100111100111100000100000100111100000100111100111100000100111100000100111100000100000100000100111100000100111100111100
000110111010111010000110111010000110000110000110000110111010111010000110000110000110000110111010111010000110000110111010000110111010000110111010111010000110111100000110111010000110000110111010
111100111100000100111100111100000100000100000100000100000100000100000100111100000100111100000100000100111100111100111100000100000100111100111111000100000100111100000100000100111100111100000100
000001111111111111111111000001111111111111000101000001000001000001111111111111000001111111000001111111000001111111000001000001111111111111111111000001111111000001111111000001000001111111000001
000110111010111010111010111010111010000110111010000110111010000110111010000110000110000110111010111010000110000110000110000110111010111010000110000110111010111100111010111010111010111010000110
000010000010000010000010000010000100111110000010000010000010111110000010000010111110000010111110111110111110000010000010111110000010111110000010000010111110000010111110111110111110000010000010
000100111100000100111100000100000100000100111100111100111100111100111100000100000100111100000100111100000100111100000100000100111100000100000100111100000100000101111100111100111100000100111100
111011000100000100111100000100000100111100111100000100000011000100000100000100111100111100111100000100000100111100111100111100000100000100111100000100000100000100000100111100111100111100000100
111010000110111010000110111010111010111010000110111010000110000110111010000110111010111010111010000110000110111010000110000110000110111010000110000110000110000110111010000110111010111010111010
111101000011000011000011111101111101111101000011000011111101111101111101111101000011111101111101000011111101111101111101111101111101111011000011111101000011000011000011111101000011111101111101
000010111110000010000010111110111110000010111110111110000010111110000010000010111110111110111110111110000010000010111110111110000010000010111110000010111110111110000010000010000010111110000101
111101000011000011111101000011111110111101000011000011000011000011000011000011111101111101000011000100000011000011000011000011111101000011111101000011000011111101000011000011111101000011000011
000010000010111110111110111110111110111110000010000010000010000010000010000010111110111110000010111110000010000101111110000010111110111110111110111110000010111110111110111110111110000010111110
111100000100111100111100000100111100111100000100111100111100111100111100111100111100000100111100000011000100000100000100000100111100111100000100111100000100111100111100000100111100111100111100
111100000100111100000100000100000100000100000100000100000100000100000100000100000100111100000100111100000100111100111100000100111011000100111100000100111100000100000100111100000100000100000100
111011000101111011000101000101000101111011111011000101000101000100000101000101111011111011111011000101111011111011000101000101111011111011111011000101111011111011000101000101000101111011111011
000000000000000000000101000000000000000000000000000000000000000000000000000000000000000000000000000000000000000000000000000000000000000000000000000000000000000000000000000000000000000000000000
000011000011111101111101111101111101000011000011111101000011111100111101000011000011111101000011111101000011000011111101000011000011000011000011000011000011000011000011111101111101111101111101
111100000100111100111100111110000100111100111100111100111100111100111100000100111100111100000100111100111100000100111100111100111100111100111100111100000100000100111100000100000100111100000100
000100000100000100000100000100000101111100111100111100000100000100000100000100111100111100111100111100000100000100111100000100111100111100111100111100000100111100111100000100000100000100000100
111100000100111100000100000100000100000100000100000100000100000100111100000100111100000100111100000100111100111100000100111100111100000100111100111100000100111100111101000100000100111100000100
000101111011111011000101000101111011111011111011111011000101111011000101000101000101111011000101000101111011111011111011000110111011111011000101000101000101111011000101111011111011000101000101
111101111101111101000011000011111101111101000011000011000011111101000011111101000011111101000011000011000011111101111101000011111101000011111101111101000011000011000011111101000011111101111101
111111111111111111000001111111111111111111000001111111111111111111111111000101000001000001000001111111111111000001000001000001111111000001111111000001000001111111000001000001111111000001000001
000100111100111100111100111100111100000100000100111100000010000100111100111100000101111100111100000100000100000100111100111100000100000100111100000100000100111100000100111100000100000100111100
111100000100111100111100000100111100111100111100000100000100000100000100111100111010000100000100111100111100000100000100000100111100000100111100111100111100000100000011000100111100000100111100
111101111101111101111101000011111101111101000011111101000011111101111101111101000100111101111101111101111101111101000011000011111101111101000011000011000011111101111101111101111101000011111101
000011111101000011000011111101111101111101000011000011111101111101111101111100111101111101000011000011000011000011000011111101000011000011111101000011000011111101111101111101111101111101111101
111101000010111101000011111101000011000011111101000011000011111101111101111101111101111101000011111101000011000011111101111101000011000011111101111101000011000011000011111101111101111101111101
111100111100000100000100111100111100000100000100111100111100111100000100111100000100000100111100111100111100000100000100000100000100000100000100111100000100000100111100111100000100111100111100
000011000011111101000011111101111101000011000011111101000011111101000011111101111101111101111101000011000011111101111101111101111101111101000011111101111101111101111101000101111101000011111101
111110111110000010000010000100000010111110111110111110000010111110000010000010111110111110000010111110111110111110111110000010111110111110111110111110000010000010111110111110111110111110000010
000011111101111101000011111101111101111101111101111101000011000011000011000011111101000011111101000011000011111101111101000011111101000011000011111101000011111101000011000101000011111101111101
111010000110000110000110111010000110000110000110000110111010000110000110000101000110000110111010000110111010111010111010000110111010000110111010000110000110111010111010111010111010000110111010
000010000010111110000010000010000010000010111110111110111110000010111110111110111110111110000010000010111110000010000010000010000010111110000010111110000010000010111110111110111110000010000010
000100000100111100111100000100000100000100000100000100000100111100000100000100000100111100111100111100111011000100000100000100000100111100000100000100000100111100111100000100111100000100111100
000001000001111111000001000001111111111111111111000001000001111111111111000001111111111111111111111111000001000100111111000001000001111111000001000001000001111111111111000001000001111111111111
000011000011000011111101111101000011000011111101111101000011111101000011000011111101000011000011111101000011000011000011111101111101111101000011000011111101000011111101000011111101111101000011
111000001000001000001000111000001000001000111000001000001000001000000101001000111000111000001000111000111000001000001000001000001000001000001000111000111000111000001000001000001000001000001000
000100111100000100111100000100000100000100000100000100000100000100111100111100000100111010000100111100111100111100000100111100111100000100111100000100111100111100111100000100000100111100111100
111011000101111011000101000101000101111011000101000101111011000101111011000101111011000101000101000101000101000101111011111011111011111011000101000101000101000101000101000101000101111011111100
000011000011111101111101111101111101000011000011000101111101000011111101000011000011111101111101000011000011000011000011111101000011111101000011111101000011000011111101111101111101000011000011
111011111011111011000101000101000101000011000101000101000101111011111011111011111011000101000101000101111011111011111011111011111011000101111011111011111011000101111011111011111011111011111011
000100000100000100111100000100111100111100111100000100000100000100111100000100000100000100000100111100000100000100111100000101000100000100111100111100111100111100000100111100111100111100000100
111011000101111011111011111011000101000101111011111011000101000101111011000101111011111011111011111100111011111011000101000101111011111011111011111011111011111011111011000101111011000101111011
111101000011000011111101000011111101111101111101111101000011111101000011000011000011000011111101000011111101000011111101000011000011111101000011000011111101000011111101111101000011000011000011
111100111100000100000100000100000100111100000100000100000100000100000100000100000100000100000100000100000100000100111100000100111100111101000100111100000100111100000100111100111100111100111100
000010000010000010111110111110000010111110111110111110111110111110111110111110000010000010000010000010000010000010111110111110000010000010111110000010000011000010000010000010111110111110000010
000011111010111101111101000011111101111101111101111101000011111101111101111101111101111101000011111101111101111101111101000011000011111101111101111101111101000011000011111101111101000011000011
000101111011000101111011111011000101111011000101000101000100000101000101111011000101111011000101000101111011111011000101111011000101111011111011111011111011111011000101000101111011000101111011
000101000101111011111011111011000101111011000101111011111011000101111011000101000010111011000101111011111011000101111011000101111011111011000101000101111011111011111011111011000101111011000101
000100111100111100111100111100111100111100000100111100000100111100000100000100111100111100000110111100000100000100000100000100111100000100111100000100000100111100000100000100111100111100000100
000100000100000100111100000100000100111100000100111100000100111100111100000100000100000100000100111100111100000100111100111100000100111100111100000100111100000100000100111100111100111100111100
000110111010000110000110000110111010000110111010111010111010111010111010111010000110000110111010111010111010111011000110000110000110000110111010000110000110000110111010000110000110111010111010
111111111111000001111111111111000001000001111111111111111011111111000001111111000001111111111111000001111111000000000001111111111111000001000001111111000001000001000001111111000001000001000001
000100000100000100111100111100000100000100000100000100111100000100111100111010000100111100111100111100000100111100000100000100111110000100111100000100111100111100111100111100000100111100000100
000101111011111011111011000101000101000101111011111011000101000101111001000101000101111011000101111011111011111011000101111011000101111011111011000101000101000100111011000101111011000101111011
111011111011000101000101000101000101111011111011111011000101000101111011000101111011111011000101000101111011111011000101111011000101000100111011000101000101111011111011000110111011111011000101
111100111100000100000100000100111100000100000100111100111100111100111100000100111100111100000100000100111100111100111100000100111100111100000100111100000100111100111100000100111100111100111100
111010000110111011111010111010000110111010111010000110111010000110000110111010000110111010000110111010111010111010000110000110111010000110111010111010000110000110111010111010111010000110000110
111101000011111101000011000011000011111101111101111101111101111101111101000011000011000011000011111101000011111101111101000011111101111101111101000011000011000011000011111101000100000011111101
000101111011111011111011111011111011111011111011000101000101111011111011111011111011000101000101111011000101111011111011111011111011111011000110111011111011111011111011111011111011111011000101
111011000101111011000010111011111011111011000111000101111011111011000101111011000101111011111011111011111011111011111011000101111011000101111011111011000101111011111011000101111011111011111011
000011000011000011000011111101000011111101111101111101111101111101000011000011111101111101111101000011000011111101111101000011111011000011000011000011000011000011111101111110000011000011000011
000101111011111011000101111011111011111011111011111011111011000101111011111011000101000101111011000101000101111011111011000101111011000101000101111011111011111011111011000100111011111011000101
111011000101000101111011111011111011111011111011111011000101000101111011000101111011000101111011111011000101111011111100000101111011000101111011111011111011000101111011000101111011111011000101
111011111011111011111011000101111011000101111011000101000101000101000100000101111011000101111011000101000101111011111011000101111011111011000101000101000110000101111011000101000101000101111011
111100111101000011000011111101111101000011111101111101111101000011000011000011111101000011111101000011000011111101000011111101111101000011111101000011111101111101111101111101000011000011111101
111101111101000011000011000011000011111101000011111101000011000011111101111101000011000011111101111101111101000011111101111101000011111101000011111101000011000011000011000011111101111101111101
111101111101111101000011000011000011111101111101111101111101000011000011111101111101111101000011111101000011111101000011111101111101000011111101111110111101000011000011000011111101000100000011
000000000000000000000000000000000000000000000000000000000000000000000000000000000000000000000000000000000000000000000000000000000000000000000000000000000100000000000000000000000000000000000000
000100000100000100111100000100111100111100111100111100000100000100111100000100000100000100111100111100000100000100000100111100111100111100111011111100111100000100111100111100000100000100000100
111101111101111101111101111101111101111101111011111101111101000011000011111101111101111101111101111101000011111101111101111101111101111101000011111101111101000011000011111101000011111101000011
111110000010000010000010111110111110000110000010111110000010111110000010111110000010111110111110000010111110111110111110000010000010111110111110000010111110000010000010111110000010111110000010
111100111100000100000100111100000100000100000100111100111100111100000100000100000100000100111100111100000100111011111100111100111100000100000100000100000100000100111100111100000100000100000100
000001111111000001000001000001000001000001111111000001000001000001000001000011000001000001000001000001000001000001000001111111000001111111000001111111000001111111111111000001000001000001111111
111110000010111110000010111100000010000010000010111110000010111110111110111110000010111110000010000010000010111110000010000010111110111110000010000010111110000010000010000010000010111110111110
111011000101111011000101000101000101111011111011111011000101000101111011111011000101000101000101000101111011111011000101000101000101111011000101111011111011000101111011000100000101111011000101
111110000010111110000010111110000010111110111110111110000010111110000010000010111110111110111110000010111110000010111111111110111110111110000010111110111110111110111110000010111110111110111110
111100000100000100000100111100111100000100000100111100111100000100000100111100000100000100111100111100111100111100111100111100111100000100000100000100000100000011000100111100111100000100111100
111110111110000010111110111110000010111110111110111110111101000010000010111110000010111110111110000010000010000010111110111110000010000010000010000010000010111110111110111110111110111110000010
111110000010000010111110111110111110111110000010000010111110000010000010000010111110111110000010111110111110000010000010111110111110000010000010000010111110111110111110111110111110000010111110
111010111010111010111010111010000110000110111010111010000110111010111010000110111010111010000110111010111010111010000110111010111010000110000110000110000110000110111010111010111010000011111010
111011111011000101111011111011111011111011000101111011000110111011111011111011000101111011000101111011000101000101000101000101111011000101111011000101111011111011000100111011111011111011111011
111111000001111111111111000001111111111111111111111111000001000001000001000001111111000001000001111111000001000001111111111111000001000001000111111111000001111111000001000001000001111111000001
000011111101000011111101000011000011111101111011000011000011111101000011000011000011111101000011000011111101000011000011000011111101000011000011000011111101000011000011000011000011000011111101
111011000100111011111011111011000101111011000101111011111011000101111011111011111011000101111011111011000101000101000101000101000101111011111011111011111011000101111011111011000101000101000101
000101000101111011111011000101000101000101111011000101111011111011000100111011000101000101111011000101000101000101000101000101000101000101111011000101111011000101000101000101111011000101000101
000110000110000110000110111010000110000110111010111010000110000110000110000110111010111011111010000110111010111010111010000110111010111010111010111010111010111001000110000110111010111010111010
111011111011000101000101111011111011000101000101111011111011111011000101000101111011111011000101111011000101111011111011000101000101111011000101111011111011111011000101111011000011000101111011
000101000101111011000101111011000101000101111011111011000101111011111011000101000101000101111011111011111011111011111011000101000101000101111011111011111011000101111011111011000101111011111011
000100111100000100111100111100000100111100000100000100111100111100000100000100111100000100111100111100000011000100000100000100000100000100111100000100111100000100111100111100000100000100111100
111101111101000011000011000011111101111110111101111101111101111101000011000011000011111101000011111101000011111101111101111101000011111101000011111101000011111101000011000011000011111101111101
000110000110111010000110000110111010111010111010111010000110000110000110000101000110000110000110000110000110111010111010000110111010000110111010111010000110111010000110000110000110000110111010
111110111110111110000010000010000010111110111110000010111110000010111110111110000010111110000010111110111110000010111110000010000010000011111110000010111110111110000010111110000010000010000010
111101000011111101000011111101000011000011000010000011000011111101111101111101000100111101000011111101111101111101000011111101000011000011111101111101111101000011000011111101111101111101111101
111110000010111110000010111110000010111110000010111110111100111110111110111110000010000010111110000001111110111110111110111110000010000010000010111110000010111110111110111110111110111110000010
111010111010111010000110000110111011000110000110000110111010000110111010111010000110000110000110111010111010111010000110000110000110000110111010000110000110111010111010000110000110111010000110
111100111100000100111100111100000100000100111100000100000100111100000100111100000100111100111010000100000100000100000100111100111100111100111100111100111100111100111100111100111100111100000100
111111000001111101111111111111111111111111111111111111000001111111111111000001111111111111111111000001000001000001000001000001111111111111111111000001111111000001000001000001000001111111000001
111110111110000010000010000010111110111110000010111110111110000010111110111110111110000010000010111110000010000010000010000010111110111110000010111110000010000011000010000010000010111110000010
000110111010000110000110000110111010111010000110000110111010000110000110111010000110000110111010000110111010000110000110000110000110111010111010000110111010000110000110000110111010000110111010
000101000101000101111011111011000101111011111011000101111010111011000101000101000101000101000101111011000101111011000101111011000101111011111011111011111011111011111011000101111011000101000011
000011000011000011000011111101000011111100000011111101000011111101111101111101000011000011000011111101111101000011111101111101111101000011000011000011111101000011000011111101000011111101000011
111110111110000010000010000010000010000010111110000010111110111110000010000010000010000010000010000010000010000001111110000010000010000010000010000010000010000010000010000010000010111110111011
111101000011111101111101000011000011000011000011111101111101000011000011000011111101000011000011000011111101111101000011111101111101111101000011111101111101111101111101111101000011111101111101
111011111011111011000101000101111011000101111011111011000101000101111011111011000101111011111011111011111011000101111011000101000101111011000101111011111011000101000101000101111011000101111011
000100111100111100111100000100111100111100111100000100111100000100000100000100000100000100111100111100111100111100111100000100111100111100111100111100000100111100000100000100000100000100111100
111101111101111101111101000011000011000011000011000011111101000011111101111101000011000011111101000011111101000011111101111101111101000011000011111101111101000011000011111101111101111101111101
000011111101000011111101000011111101111101111101000011111101000011111101000011000011000011000011111101000011000011000011111101111101000011111101000011111101111101000011000011111101000011000011
111010111010111010000110111100111010000110000110111010111010000110000110000110111010111010000110000110111010111010000110111010000110111010000110000110000110000110111010000110111010111010000110
000010000010000010000010111110111110111110111110111110000010111110111110111110000010111110111110000010111110111110000010000010000010000010111110000010111110111110111110111110111110111110111110
111110000010000010000010000010111110111110111110111110111110000010000011111110000010111110111110111110000010000010111110111110000010111110000010111110111110111110000010111110000010000010111110
111100111100111100000100000100111100111011000100000100111100111100000100111100111100111100111100000011000100000100000100000100000100000100000100111100000100000100111100000100111100000100000100
000100000100000100000100111100111100000100000100000100000100000100111100111100111100000100111100000100111100111100000100000100111100000100111100000100111100111100000100111100000100111100000100
111100111100000100000110000100000100111100000100111100000100111100111100111100000100111100000100111100111100111100111100000100111100000100000100000100111100111100000100111100000100000100000100
000011111101111011111101111101000011111101111101111101111101111101000011111101111101000011000011111101111101000011111101000011000011111101111101000011111101111101000011000011000011000011000011
000110000110000110111010000110111011111010111010000110000110000110111010111010111010111010111010111010111010111010111010111010000110111010111010000110111010000110111010111010111010000110000110
111101111101000011000011000011000011000011111011111101111101111101000011000011000011111101000011111101111101111101111101111101111101000011111101111101111101111101000011111101111101000011111101
000110111010000110000110000110111010111010111010111010111010111010111010111010111010000110000110000011111010000110111010111010000110000110111010000110111010111010111010001001111010000110000110
000101111011111011111011000101000101111011111011000101000101111011000101000101000101000101000101000101111011000101000101111011000101000101000101000101111011111010111011111011000101111011111011
000100111100000100000100111100111100000100000100000100111100000100000100111100000100000100111100000100111100111100111100111100000100111100111011111100000100000100111100000100000100111100111100
111100000100111100000100111100000100111100000100000100000100000100000100000100111100111100000100000100111100000100000101000100111100111100000100000100111100111100000100000100000100000100111100
000110000110111010111010000110000110111010111010000110000110111010000110111010111010111010111010111010000110111010000110111010000110000110000110000110111100111010000110000110111010111010000110
111100000100111100111100000100000100000100111100000100000100000011111100111100111100000100000100000100000100111100111100000100111100000100000100111100000100000100111100000100000100111100111100
111100000100111100000100111100000100111100111100111100111100000100000100111100111100111100000100111100000100111100000100000100000011000100111100111100000100111100111100111100111100000100000111
111101000011111101111101111101000011111101000011000011111101000011111101000011000011000011000011000011000011000011111101000011000011000011000011000011000011111101111100000011000011111101111101
000101000101111011000101000101000101111011111011111011111011000101000101000101000101111011000110111011111011000101000101111011000101111011000101000101000100000101000101000101111011000101111011
000110111010111010000110000100111010000110000110000110111010000110000110000110111010000110000110111010000110111010000110111010000110111010000110111010111010111010000110000110111010000110111010
000101111011111011111011111011111011111011111011111011000101111011111011000101111011000101111011000101000101111011000101111011000101111011000101000101111011111011000101000101000101111011000101
111011000101000101000101000101000101111011000101000101111011111011000101111011000101111010111011000101000101111011000101000101111011000101000101111011000101111110000101000101000101111011000101
000001000001000001111111000001111111111111111111000001111111000001000001111111000001111111000001000001000001111111111111111111111111000001000001111111111111111111000001000001111111000010111111
000100000100000100111100000100000100000100111100111100000100111100111100111100000100111100111100000011111100000100000100000100111100000100111100111100111100111100111100000100000100111100000100
000100000100000100000100000011111100000100111100000100000100111100000100000100000100111100000100000100000100000100000100111100111100111100111100000100111100111100000100000100111100111100000100
000100111100000100111100000100111100000100000100000100000100000100000100111100111100111100111100000100000100000100000110000100111100111100111100111100000100111100000100111100111100111100111100
111011111011000101000101111011111011111011000101000101111011000101111011111011111011000101111011000101111011111011000100111011000101111011111011000101111011111011111011111011000101111011000101
111011111011111011000101111011000101111011000101111011000101000101111011111011000101000101000101000101111011000101000110111011000101000101000101000101000101000101000101000101000101000101000101
111100000100000100000100000100111100000100000100111100000100111100111100000100111100000100111100000100111100111100111100000100111100111100111100111100111100111100000100111100111100111100111100
111010000110000110111100000110111010111010111010111010000110111010111010000110000110000110000110111010111010111010111010111010111010111010111010000110111010000110000110111010111010000110111010
111010111010111010111010111010000110000110111010000110000110111010000110000110000110000110111010000110111010111010111010111010111010000011111010000110111010000110111010111010111010111010111010
111100000100000100111100000100111100111100111101111100000100000100000100000100111100000100111100000100111100111100000100000100000100000100111100111100000100000100111100111100000100111100111100
111111111111111111111111111111000001111111000001000001111111111111000001111111111111111111000001000001111111111111111111111111000001111111000001111111111111111111111111000001000011000001000001
000100000100000100000100111100111011111100111100111100000100111100111100111100111100000100111100000100000011000100111100000100111100111100111100111100000100111100111100000100111100111100111100
111101000011000011111101111101000011000011111101111101000011111101000011000011000011111101000011000011111101111101111101111101111101111101111101111101111101000011111111000011111101111101111101
000100000100111100111100111100111100000100000100000100000100111100111100000100000100111100000100000100000100000100111100111100000101000100000100111100111100111100111100111100111100111100000100
111011000101000101111011111011111011000101111011111011000101111011111011000101111011111011111011111011111011000101000101111010111011111011111011000101111011000101000101000101111011000100111011
111011000101000101111011000101000101000101000101000101111011000101111011000101111100000101111011111011111011000101000101111011000101111011111011111011111011111011111011111011000101111011111011
111101111101111101000011111101111101111101111101000011111101000011000011000011000011000011000011000011000011000011000011111101000001111101111101000011000011000011111101111101111101000011000011
000110000110111010000110111010000110111010000110111010111010000110000110111010111010000110111010000110111010111010000110000110000110111010000110000110111010000110111010111010111010000110111010
111010000110111010000110111010111010111010000110111010000110111010000110000110000110111011111010111010000110000110000110000110000110000110111010000110000110000110000110111010000110111010111010
000011111101000011111101111011000001000011111101111101111101000011000011111101111101000011111101111101111101000011111101111101111101111101000011111101111101000011111101000011111101000011111101
000100000100111100111100000100000100111011111100111100000100000100111100000100111100000100000011000100000100111100000100000100000100111100111100000100000100111100000100111100000100111100111100
000011000011000011111101111101000011111101111101000011000011000011111101000011111101111101111101000011111101111101111101111101000011111101000011000011000011111101000011111101111101111101111101
000011111101000010111101000011000011000011000011111101000011000101000011111101000011111101000011000011000011111101000011000011111101111101111101111101000011000011000011111101111101111101111101
111011000101111011000101000101111011000101111011000101111011111011111011000101111011000101000101000101111011000101000101111011111011000101000110111011000101000101111100000101111011000101000101
000101111011000101000101000101111011000101111011000101000101000101000101000101000101111011111011111011000101111011000101000101111011000101111100111011111011000101111010111011000101000101111011
111100000100111100111100000100000100000010111100111100000100000100000100000100111100111100000100111100000100000100000100111100000100111100111100111100000100000100111100111100111100111100000100
000101000101000101000101000101111011111011111011000101111011000101000101111011000101111011111011111011000101111011111011000101000110000101000101000101000101111011000101111011111011111011000101
000010000010000010111110000100000010111110111110000010111110111111000010000010111110111110111110000010111110111110000010111110111110000010111110111110000010000010000010111110000010111110000010
111101111101111101000011000011000011000011111101000011111101000011111101000011111101000011000011000011111101111101111101111101111101000011000011000011111101000011111101000011111101000011111100
000101111011111011111011111011000101111011111011000101000101111011111011000101000101000101000101111011111011000101000101000101000101000101000101111100000101111011000101000101111011000101111011
000011000011000011111101111101000011111101111101000011111101000011111101000011000100111101111101000011111101000010111101000011000011000011000011111101111101111101111101111101111101000011000011
000001000010000010111110000010111110000010000010000010111110000010000010111110111110000010000010111110000010111110000010000010000010000010111110000010000010000100000010000010111110000010111110
111100000100111100000100111100000100111100000100111100000100111100111100111100000100111100000100111100000100000100111100000100111100000100111100000100111011000100000100111100000100111100000100
111110000010000010111110000010111110111110111110111110111110111110000010000010000010111110000010000010111110000010000010111110000010111110111110000010000010111110000010111100111110111110111110
000100000100000100111100000100111100111100000100000100111100000100000100000100000100000100000100000100111100111100111100111100000100000100000100000100000100000100111100000100111100000100000100
111101111011111011111011000101111011000111000101111011111011111011000101000101111011000101111011111011111011000101111011111011000101111011111011111011000101111011111011000101111011000101000101
111100000110000100000100111100111100111100000100111100000100000100111100000100111100111100111100000100000100000100000100000100111100111100111100000100000100111100000100111100000100000100000100
111011000101111011000101111011000101111011111011000101000101111011111011000101000101111011000101000101111011111011000101111011000101111011000101000101000101111011000101111011111011000101111011
111011111011111011000101111011000101111011000101111011111011000101000101111011111011111011111011000101000101111011000101111011111011000101111011000101111011000101111011111011000101000101000101
111100111100000100111100000100111100111100111100111100111100111100000100000100111100111100111100111100000100000100000100000100111100000100111100111100000100000100111100000100111100000100000100
111101000011111101000011111101000011111101000011111101000011111101111101000011000011111101111101111101000011000011000011000011000011000011111101111101111101111101000011000011111101111101000011
000100111100000100111100000100000100000100111100111100000100111100000100000100111100111101111100000100111100000100111100000100111100111100000100000100000100111100111100000100000100000111000100
111010111010111010000110000110111010111010111010111010111010000110111010111010111010111010000101111010000110111010111010000110000110111010000110111010000110000110000110111010000110111010111010
111100111100111011111100000100000100000100111100000100000100111100111100000100111100000100000100000100000100000100000100000100111100111100000100111100000100111100000100111100000100000100111100
000011111101000011111101000011000011111101000011111101111101111101111101000011000011111101000011000110000011000011000011000011111101000011111101000011000011000011111101111101000011111101111101
000011111101111101000011111101000011111100111101111101111101111101000011000011000011111101000011000011111101000011111101111101111101000011111101111101111101000011000011111101111101000011000011
111110111110000010111110111110000011000010111110111110000010111110000010000010000010000010111110111110111110111110111110111110111110000010000010111110111110111110111110111110111110111110111110
111001111001111001000111000111000111000111111001000111111001000111111001000111000111111001000111111001111001111001111001111001111001111001111000000111000111111001000111000111111101000111111001
111100000100000100000100000100111011111100111100111100111100111100000100000100000100111100111100111100111100000100000100000100111100000100111100111100000100000100111100000100111100111100111100
111100000100111100111100000100000100000100111100000100111100000100000100000100111100111100111100111100000100111100111100111100111100000100000011000100111100111100000100111100000101000100000100
000110111100111010111010000110111010111010111010000110111010111010111010000110000110000110111010111010000110000110111010000110111010111010000110111010000110000110000110111010000110000110000110
111101111101111101000011111101111101111101000011111101111101000011000011111101111101111101111101000011111101000011000011000011111101000011000011000011111101000011111101000011000011111101111101
000101000101000101111011111011000101000101000101111011111011111011000101000101111011111011000101000101111011111011111011111011000101000101111011111011000101111011111011111011000101000010000101
000100000100000100111100000100000100111100111100111100111100000100111100111100000100000100000100111100000100111100111100000100000100111011111100111100111100000100111100111100111100111100000100
000100111100111100111100000100000100000100111100000100111100000100000011111100111100111100000100111100000100111100111100000100000100111100111100111100111100111100111100111011111100111100000100
111101000011000011111101111101000011111101000011111101000011111101000011111101000011000011111101000011000011000011111101000011000011000100000011000011111101000011111101000011111101000011000011
000011111101111101111101111101000011000011111101111101111101000011111101111101111101111101111101111101000011111101000011000011000011000011000011000011111101000011111110111101000011111101000011
000011111010111010111010111010000110111010111010111010111010000110111010111010111010111010000110000110111010111010000110111010000110000110000110111010111010111010000110000110000110111010111010
000100000100111100000100111100000100111100111100111100000100111100111100111100111100111100000100000100111100111100111100111100111100000100111100111100000100111100111110111100000100000100000100
000100111100111100000100000101000100000100111100111100000100111100111100111100111100000100000100111100000100000100111100111100111100000100000100111100000100000100111100111100000100000100111100
000101000101000101111011111011000101111011000101111111000101111011111011000101111011111011111011000101111011111011000101000101111011000101111011000101111011000111111011111011000101000101000101
111010000110111010000110111010000110111010111010000110000110111010000110000101111010111010111010000110111010000110111010111010111010000110111010000110111010111010000110111010000110111010000110
000100000100111100000100000100111100000100111100111100111100111100111100000100000100000100111100111100000100111100111100000100000100111100000100111100111011111100111100111100111100000011000100
000011111101111101111101000011111101111101000011000011000011000011000011111101111101000011000011000011000011000011000011000011000011111101111101000011111101111101111101000011000011000011000011
000101000101111011000101000101000101000101111011000100000101111011111011000101000101111011111011000101000111111011000101111011111011111011111011111011000101000101000101111011111011000101000101
000101000101000101111011111011000101111011000101000101111011000101111011000101000101111011111011000101111011000101000101000101111011111011000101000101111011111011000101111011000101000101111011
111100000100000100000100111100111100111100000100000100000100000100000100000100111100111100000100111100111100000011111100000100000100111100111100111100111100000100111100111100111100111100111100
111100111100111100111100000100111011111100111100111100111100111100111100000100111100000100000100000100111100000100000100000100111100000100111100111100111100000100111100111100000100000100111100
111101000011000011000101000011000011000011000011111101000011111101111101111101000011111101000011000011111101000011111101000011111101111101111101111101000011111101000011000011000011000011111101
111011000101000101000101111011000101000101111011111011111011000101000101000101000101111001111011111011000101000101000101000101000101111011111011111011111011111011111011111011000101111011000101
000101111011111011111011000101111011000101000101000101111011111011111011000101000101000101000101000101000101000101000101000100000101111011111011111011111011111011000101000101111011111011000101
111011000101000101000101000101000101111011111011000101111011000101000101111011111011111011000010111011111011000101111011000101000101111011111011111011111011111011111011000101111010111011000101
111101000011000011111101111101111101111101111101000011111101111101111101000011000011000011111101000011000011000011000011111101000011000011000011111101111101111101111101000011000011111101000011
000001111101000011111101000011111011000011111101000011111101111101111101000011111101000011000011000011111101000011000011111101000011111101111101000011000011000011111101111101111101000011111101
111100000100000100111100000100111100000100000100111100111100111100000110000100111100111100000100111100000100000100000100111100111100111100000100000100111100000100000011111100111100000100111100
000100111100111100111100111100111100111100000100111100111100000100000100000100000100000100111100000100000100111100111100111100000100000100111100111100111100000100000100111100111100000100111100
111110000010000010111110000010111110000010000100000010000010111110000010111110000010000010000010111110000010000010000010000010111110111110111110111110000010000010000010000010000010000010000010
111110000010111110000010111110111110111110000010111110000010111110000010111110111110000010000010111110000010000010000010111110000010111110000010000010111110111110111110111110111110000010111110
000100000100111100111100111100000100000100000100000100111100111100111100111100111100111100000100111100000100000100111100000100111100111100111100000100111100000100000100111100111100000101111100
000011000011000011000011111101111101111101000011111101000011000011111101000011000011111101000011111101111101111011000011111101000011000011111101111101000011111101111101000011111101000011111101
000010000010111110111110000010000010111110111110111110000010000010111110000010000010111011111110000010111110000010000010111110000010000010000010111110111110111110111110111110111110000010000010
000011111101111101000011000011000011000011111101000011000011111101111101000011111101111101000011000011111101111101111101000011000011000011000011000011000011000011111101111101111101000011111101
000011000011000011111101111101111101111100000011111101000011000011000011111101111101000011111101000011000011111101000011111101000011000011111101111101000011000011000011111101111101000011000011
000100111100000100111100111100000100000100000100000100111100111100111100111100111100000100111100111100111100000100000101000100111100000100000100111100111100000100000100111100111100111100111100
111011111011111011000101000101000101111011111011111011111011111011111011111011000101111011111011000101111011000101000101000101111011111011000101111011111011111010000101000101000101111011111011
000100000100000100111100000100111101111100000100111100000100000100111100000100111100111100111100111100111100111100000100111100000100000100000100000100000101000100000100000100000100111100111100
000101000101111011000101000101000101000101111011000101111011111011000101000101000101111011111011000101111011000101111011000101111011111011000101111011000101111011000101000110000101000101000101
111100000100000100000100111100000100000100111100000100111100000100000100000100111100111100111100111100000100000100111100111100111100111100111100111100000100111100111100000100000101111100111100
000101111011111011111011000101000101000101111011111011000101000101111011111011111011111011000101000101111011111011000101111011111011000101000101000101000101111011111011000101000101000101111011
000011000011000011000011111101111101111101000011111101000011111101000011000011111101111101111101111101111101000011000011111101111101111101111101111101000011000011000011111101111101111101000011
000110000110111010111010111010000110111010000110111010000110000011111010111010111010000110000110111010000110111010000110111010111010000110111010111010111010000110111010111010111010000110000110
111101000011000011000011111101000011111101000011000011111101111101111101111101000110000011000011111101000011000011000011111101111101000011111101000011000011000011000011000011000011111101000011
000011111101000011000011111101000011111101111101111101000101000011000011000011000011111101111101111101111101000011000011000011111101111101000011111101111101111101111101111101111101111101000011
111110000000000000000000000000000000000000000000000000000000000000000000000000000000000000000000000000000000000000000000000000000000000000000000000000000000000000000000000000000000000000000000
111011111011000101111011000101111011000101111011000101111011000101000101000101111011000101000101000101111011111011111011111011111011111011000101000101111011111011000101111011111011000101111011
000101111011111011000101111011000101000101000101111011000101111011000101000101111011000101000101000101111011000101000101111011000101111011111011111011111011000101111011000101111011111011111011
111101111101111101111101000011111101111100111101111101000011000011111101000011111101000011111101111101111101000011000011111101000011111101000011111101000011000011111101000010111101000011000011
000101000101000101000101000101000101111011000101111011000101111011000101111011000101000101000101000101111011111011000101111011000101111011111011111011000101111011111011111011111011000101000101
111111111111000001111111111111111111111111111111111111111111111111000001111111111111000001111111111111111111000100000001111111111111111111000001111111111111111111000000111111000001000001000001
111010111010111010111010000110000110000110111010000110000110111010111010000110111010111010000110111010111010111010111010111010000110111010000110111010111010000101000110000110000110111010000110
000011000011111101111101111101000011111101111101111101000011000011111101000011000011111101000011000011111101000011111101000011111101000011111101111101000011111101111101111101000101111101111101
111011111011111011000101111011111011000101000101111011111100111011000101111011111011000101111011111011111011000101111011111011111011000101000101111011111011000101111011000101111011000101000101
111011111011000101111011111011000101111011111011000101111011000101111011111011111011111011000101111011111011111011000101111011111011000101000101000101000110111011111011111011111011111011111011
111011111011111011111011000101000101000101111011000101000101000101000101000101000101111011000101000101111011111011111011000101111011000101000101111011111011000101000101000101000101111011111011
000110000110111010000110111010111010111010111010111010111010111010111010000110000110000110111010111010000110000110000110000110000110000110111010111101000110111010111010000110111010000110000111
000010000011000011000011000011000011111101000100000011000011111101000011111101000011000011000011000011111101000011000011000011000011111101111101000011000011000011000011000011000011000011000011
111100111100111100000100111100111100111100000100111100111100000100111100111100111100111100111100000100000100111100111100111100000100111100111100000100000100000100000101000100000100111100111100
000110000011111010111010111010111010000110111010111010000110000110111010000110111010000110111010000110111010111010111010111010000110000110111010000110000110111010000110001000000110000110111010
000101000101000101111011111011000101000101000101000101111011111011000101111011111011111011111011111011111011000101111011111011111011111011111011000100000101111011111011000101000101111011000101
111010111010111010111010111010000110000110000110111010111010000110000110111010000110000110000110111010111010000110000110111010000110000101111010111010000110111010000110111010000110000110111010
000000000000000000000000000000000000000000000000000000000100000000000000000000000000000000000000000000000000000000000000000000000000000000000000000000000000000000000000000000000000000000000000
111110000010000010000010111110111110111110111110000010000010111110111110000010111110111110111110111110111110111110111110000010111110000010111110000010000010000010000010111110111110111110111110
111111000001000001000101000001111111111111111111000001000001111111000001111111111111111111111111111111000001111111000001000001000001111111000001111111000001111111111111000001111111000001000001
111111111111111111111111000001000001000000000001111111111111111111111111000001000001111111111111000001000001111111111111111111000001111111111111111111111111111101111111111111111111000001000001
111110000010000010111110111110111110000010000010111110000001000010000010000010000010000010000010000010111110000010111110000010000010000010111110111110111110111110000010000010111110000011000010
111101000011000011000011000011000011111101000011111101111101000110111101111101111101111101000011000011111101000011000011111101111101000011111101000011111101000011000011111101111101111101000011
000010000010111110000010111110111110111110111110111110000010111110111110111110111110000010111110111110111110000011000010111110000010000010000010111110111110000010000010000010000010111110111110
111100000100111100000100111100000100000100000100000100000100111100000100000100111100000100111100111101111100000100000100000100111100111100111100000100000101111100111100000100000100111100000100
000110111010111010000110111010000110111010000110111010000110111010111010000110000110111011111010000110111010111010111010111010000110000110000110111010111010000110111010000110111010000110111010
111010000110111001000110111010000110000110000110111010000110111010000110000110000110111010000110000110111010111010000110000110111010111010111010111010111010111010000110000100000110111010111010
111100000100111100111100000100111100111100111100000100111100000100000100000100000100000100000100000100111100111100000100111100111100111100000100111100000100111100000100111100111100111100111100
000001111111111111111111000001111111000001000001000001111111000001111111000001111111000001111111111111000011000001000001000001000001111111000001000001111111000001000001111111111111000001111111
000110000110111010111010000110111010000110111010000110111010111010000110000110111010111010000110000110000110000110111010111010111010111010000110111010111010111010111010000110111010000110111010
000011000011111101000011111101111101111101000011111101111101111101111101111101111101000011000011111101111101000011111101000011000011000011000011000011000011111101000100111110111101111101111101
000011111101111101000011111101000011111101111101000011111101000011111101111101111101111101111101111101000011111101111101000011000011000011111110111101000011000011000011000011111101000011111101
111011000101111011000101000101000101111011111011000101111011000011111011111011111011111011111011111011111011111011111011000101000101111011000101111011000101000101000101000101000101000101000101
000010111110000010000010111110111110000010111110000010000010000010111110111110111110000010000010111110000010111110111110111110000010111100000010111110111110111110000010111110000010111110111110
111101000011111101000011111101000011111101111101000011111101111101000011111101000011000011000011000011111101000011111101111101111101000011000011111101000011111101111101000011111101111101111101
111100111100000011000100000100111100111100111100000100111100111100000100000100111100111100111100111100000100000100000100111100000100000100111100000100000100000100111100000100111100111100000100
000100000100111100000100000100111100111100000100111100000100000100000100111100111100111100111100111100111100000100111100111100000100111100000100111100000100111100111100111101111100111100111100
111100111100000100000100111100111100111100000100000100000100000100111100111100000101000100111100000100111101111100000100111100111100111100111100000100000100000100111100000100000100000100111100
000011000011111101111101111101000011111101111101000011000011111101111101000011111101000011111101000011000011000011111101111101111101000011111101111101111101000100000011111101000011000011000011
000100111100111100000100000100000100111100111100000100000100111100000100111100000100000100111100111100111100000100000100111100000100111100000100000100111100000100000100000100000100000100000101
000011000011111101111101000011000011111101111101000011000011000011111101000011111101000011000011111101000011000011000011111101000011111101111101000011000011000011111101111101111101000011111100
111101000011111101000011000011000011111101111101111101111101000011000011000011000011000011000011111101111101111101000011111101111101000011111101000011111101111101000011111101000011000011111101
000100111100111100111100000100111100000100000100111100000100111100111100111100000100000100111100111100000100111100111100000100111100111100111100000100111100111100000100000100000100111100000100
111100111101000100000100000100111100000100111100111100000100000100111100000100000100111100000100000100000100111100111100111100111100111100000100111100111100111100000100000100000100000100111100
111110000010111110111110000010000010111110111110000010000010000010000010111110111110111110000010000010000010111110000010111110111110000010000010000010111110111110111110111110111110000101000010
000011000011111101000011111101000011000011000011111101000011111101000011000011000011111101111101111101111101000011000011000011111101111101000011000011111101000110111101111101000011000011111101
111101000011000011111101111101111101000011111101000011000011111101000011000011000011000011000011000011111101000011000011000011111101000011111101000011000100111101000011111101111101000011000011
000110000110000110111010000110000110000110000110000110111010111010111010111010000110000110111010000110000110000110111010000110111010000110000110111010111100111010000110111010000110111010111010
000100000100000100111100111100111100111100111100000100000100000100000100111100000100111100000100111100111100000100000100111100111100000100000100000100000100000100111100000100111100111100000100
111100111101111101000011111101000011000011111101111101111101000011000010111101111101111101111101111101111101000011000011000011111101000011111101111101111101000011000011111101111101111101000011
111011000101111011111011000101111011111011111011000101111011111011000101111011111011111011111011000101000101111011111011000101111011111011111011000101000101111011111011000101111011111011111011
000011111101111101111101000011111101000011000011000011000011111101111101000011000011111101111101111101111101000011000011111101000011000011111101111101000011111101111101000011111101000011000011
111010000110000110111010111010111010111010111010111010111010111010111010111010000110000110000110111010111010000110111010000110111010000110000110000110111010111010111010111010000110111010000110
111010111010111010111010000110000110111011111010111010000110000110000110111010111010000110111010000110111010111010111010111010000110000110111010000110000110000110000110000110111010111010111010
000010111110111110111110111110000010111110111110111110111110000010111110000010111110111110111110111110000010000010111110000010111110111100111110000010000010111110000010111110111110111110111110
000101000101111011111011000101111011000101111011000101000101111011000101111011111011000101000101000101000101111011000101000011111011111011000101000101000101111011000101000101000101111011000101
000000000000000000000000000000000000000000111101000000000000000000000000000000000000000000000000000000000000000000000000000000000000000000000000000000000000000000000000000000000000000000000000
000110111010000110111010000110111010111010111010111010000110111010111010000110111010000110111010000110000110000110000110000110111010000110111010111010111010111010000110111010111010000110111010
111010000110111010111010000110000110111010111010000110000110111010111010111010000110111010111011000110111010000110000110000110000110111010111010000110111010111010111010000110111010111010000110
111011111011111011111011000101111011111011000101111011111011111011000101111011000101000101000101111011000101111011111011000101111011111011111011111011111011000101111011000101000101000101111011
111011000101111011000101000101000011111011000101111011000101111011111011111011000101111011111011000101000101111011000101000101000101111011000101000101111011000101000101000101111011111011000101
111001111001111001000100000111111001111001000111111001000111000111111001111001000111000111111001111001000111000111111001000111111001111001111001000111000111111001111001111001000111000111111001
111110111110000010111110000010111110000010000010000010111110000010111110000010111110000010000010111110000010000010111110000101111110000010111110000010000010000010111110111110000010111110000010
000100000100111100000100111100000100000100111100000100111100000100000100000100111100000100111100111100111100000100000100000100000100000100111100000100000100111100111100000100000100000100111100
000100111100111100111100111100111100111100111100111100000100111100000100111100000100000100111100111100000100111100111100111100111100111100111100111100111100111100000100111100111100111100000100
000100111100000100000100000100111100111100111100111100000100111100000100111100111100000100111100000100000100000100000100000100111100111100000100111100111100000100111100000100111100111100000100
000101000101000101000101111011111011000101000101000101111011111011000101000101111011111011111011111011000101111011111011000101111011000101111011000101111011111100111011111011111011111011000101
000100111100000100000101000100000100111100000100000100111100000100000100000100000100111100111100000100111100111100000100000100000100000100111100000100111100111100111100111100111100000100111100
000101111011111011111011111011111100111011111011111010111011000101111011000101111011000101111011000101000101111011000101111011111011111011000101111011000101000101111011111011000101000101111011
000011000011000011111101111101000011111101111101000011111101000011000011000011111101111101111101111101000011111101111101111101000011111101000011000011111101111101111101111101111101111101111101
000011111101000011000011111101111101111101111101111101000011000011111101111101111101000011111101111101111101111101111101111101000011111110111101111101111101111101000011000100111101111101000011
000100111100000100000100000100111100000100111100111100000100111100000100111100111100111100000100111100111100111100111100111100111100000100000100000100000100000100111100111100111100111100000100
001000111000111000001000111000001000111000001000001000111000001000000101001000001000111000111000111000111000111000001000111000001000111000111000111000001000001000001000001000111000111000001000
000100111100111100111100111100111100111100111100111100111100000100111011111100111100000100000100000100111100111100111100000100000100111100000100111100111100000100111100111100000100000100000100
000100000100111100111100000100000100000100000100111100000100111100111100000100111100111100000100111011000100111100111100111100000100111100000100111100111100111100111100111100111100000100000100
000011000011111101111101111101000011111101000011111101111101000011111101000011000011000011111101111101000011111011000011111101000011000011000011111101111101111101000011000011111101111101000011
000011000011111101000011000011111101000011000011111101000011111101111101111101000011111101111101000011111101111100111101111101111101111101000011111101111101000011111101000011000011000011111101
000010000010111110000010111110000010000010111110111110111110111110111110111110000010111110111110111110111110111110000010111110000010000010000010000010000010111110111110000010000010111110111110
000100000100111100000100000100111100111100000100111100000100000100111010111100111100000100111100000100000100111100000100000100000100000100111100000100000100000100000100000100000100000100000100
000010000010000010000010111110111110000010000010111110111110000010000010000010000010111110111110000010000010000010000010111110000010000010000010111110111110000010000010000010111110111110111110
000010111110111110000010111110111110111110111110111110000010111110000100000010000010000010111110111110000010111110111110111110000010111110000010111110111110111110000010000010111110111110111110
000001111111111111000001000001000001000001000001000001000001111111111110111111000001000001000001000001111111111111000001000001111111000001111111111111111111111111000001111111111111000001000001
000101000101111011000101111100111011111011000101111011000101111011111011111011000101111011111011111011000101000101111011000101111011111011111011111011000101111011111011111011111011111011111011
000001000001111111111111000001000001111111111111111111000010111111000001000001111111111111111111111111111111111111111111000001111111000001111111000001111111000001000001111111000001000001111111
111110000010111110111110111110111110111110000010000010000010000010111110111110111110000010111110000010000010111110111110000010000010111110000010111110111110000010000010000101111110111110111110
000001000001111111111111000001111111000001111111000001111111111111000001000001111111111111111011000001111111111111111111111111000001111111000001111111000001000001111111111111111111000001000001
111100111100111100111100000100000100000100000100000100000100111100111100111100000101111100111100111100000100000100000100000100111100000100111100111100000100111100000100111100000100000100111100
000011111101000011111101000011111101000011111101000011111101111101111101111101111101111101111101111101000011111101000011111101000011000011111101000011111101000011111101000011111101000011000011
000100111100111100111100000100000100000100000100111100000100000100000100111100000100000100000100000100111100111100111100000100111100000100111100111100111100111100111100111100111100000100000110
111011000101000101111011111011111011000101111011000101111011111011111011000101111011111011000101111011000101000101000101111011000101000101000101111011111011111011111011000101000101111011111011
111101000011111101111101111101000011000011000011000011000011000011111101111101111101000011111101000011000011111101000011111001111110111101111101111101000011000011111101111101000011111101111101
000100111100000100000100000100111100111100111110111100111100000100000100000100111100000100000100000100000100000100000100000100111100000100111100111100000100000100111100000100111100111100111100
000011000011111101000101111101000011111101111101000011000011111101000011111101111101111101111101111101111101000011111101000011111101111101111101000011111101111101000011111101111101000011111101
000010111110000010000010000010111110000010000010111110000010000010111110000010111110000010000010000010000011111110000010000010000010000010000010111110000010111110111110000010111110111110111110
111101000011111101111100000011000011000011000011000011000011111101111101111101111101111101000011000011000011000011111101000011000011000011111101111101111101000011111101111101000011111101111101
111011000101111011000101000101000101111011111011111011111011111011000101111011111011111011111010111011000101000101111011000101000101111011111011000101000101111011111011111011000101000101000101
111100000100111100000100000100111100000100111100111100111100111100000100000100111100000100111100111100000100000100000100000100000100111100111100111100111100000100111100000100000100000100111100
111100000100000100000100111100000100111100111100111100000100111100111100000100111100000100111100111100000100000100111100000100111100111100000100111100111100000100111100000011000100000100000100
000011000011000011000011000011000011111101111101111101000011000011000011111101111101111101000011111101111101000011111101111101111101000001111101000011111101111101111101000011000011111101000101
111101111101000011000011111101111101111101000011111101000011000011111101000011111101000011111101000010000011111101111100000011000011111101111101111101111101000011111101111101000011111101000011
111101000011111101000011111101111101000011111101111101111101000011111101000011111101000011000011000011000011111101111101111101000011111101000100000011000011000011000011111101000011000010000011
111100000100111100111100111100000100000100000100111100111100000100000100000100000100000100000100000100111100111100000011000110111100111100111100000100000100000100000100111100111100111100000100
000011111101111011111101111101000011000011111101000011111101000011000011111101111101000011111101000011000011000011111101000011000011111101000011111101111101000011000011000011111101111101111101
000101000101000101000101000101000101111011111011000101111011000101000101111011111011111011000101111011111011111011000101000101000101000101000101111011111011000101111011111011111011000101000100
000011000011111101000011000011111101111101000011111101000011111101000011000011000011111101000011000011111101111101111101111101000011000011111101000011111101000011000011000100111101111101000011
111101111101000011111101111101000011111101000011000011000011000011111101111101111101000011111101111101000011000011000011000011111101000011000011000010000011000011000011000011111101111101111010
111011000101000101000101000101111011000101000100000101111011000101111011111011111011111011111011000110111011111011000101000101000101000101111011000101111011111011111011000101111011000101111011
111011111011000101000101000101111011111011000101000101111011111011000101000101000101111011111011111011000101111011000101111011111011000101000101000101111011000101111011111011000101000101111011
111110000010111110111110111101111110000010111110000010111110111110000010111110111110111110111110111110111110111110000010111110000010000010111110000010111110000010000010000010000010111110111111
111110000010000010000010000010111110111110111110111110111110000010000010111110000010111110111111000010111110000010000010000010000010000010111110111110000010111110111110000010000010111100111110
111010000110111010111010000110000110111010000110111010000110111010000110111010000110000110111010000110000110000110111010111010000110111010111010000110000110000110111010000110111010000110000110
111100111100111100111100000100111100111100111100000100111100000100111100000100000111000100000100000100000100000100000100000011000100000100000100111100111100111100000100111100111100000100000100
000100111100000100111011000100000100000100111100111100000100111100111100000100111100000100111100000100111100000100111100000100000100111100111100000100111100111100111100111100000100111100111100
111100000100000100000100000100111100111100000100111100111100000100000100000100111100000100000100000100000100111100111100000100111100111100000100111100111100000100111100111100000100111100111100
000100000100000100000100111010000100111100000100000100111100000100000100000100000100111100000100000100111100000100111100000100111100000100000010111100000100111100111100111100000100111100000100
000011000011000011000011000011000011111101000101000011000011000011111101000011111101000011111101000011000011000011111101000011111101000011000011000011000011111101000011000011000011111101000011
000110000110111010000110111010000110000110000110000110111010111010000110111010111010111010111010000110111010111010111010000110111010111010000110000110111010000110000101000110000110000110000110
000011000011000011000011111101000011000011000101111101111101111101000011000011000011111101111101000011111101000011111110111101111101000011000011111101000011000011000011000011000011111101000011
111101111101000011000011000011111101111101111101000011111101000011000011111101000011111101000011111101111101111101111101000011000011000110000011111101111101000011111101000011111101000011000011
111101000110111101111101000011111101000011000011111101000011111101111101111101111101111101000011000011000011000011000011111101000011000011000011000011000011111101000011111101111101111101111101
111101000011111101111101000011111101000011111101111101111101000011000011000011000011000011111101000011000011000011111101111101111101000011000011111101111101111101000011111101000011111101000011
000100111100111100000100000100000100000100111100000100111100111100000100111100111100000100111100000100111100111100000100111100111100000100000100000010111100000100000100111100111100000100111100
111110111110111110000010000010000010111110111110000010000010000010000010000010111110000010000010000010111110111110111110111110111110111110111110111110111110000010111110111110000010000011111110
000001000001000001111111000001000001111111000001000001000001111111111111111111000001111111000001000001000001000001000001000001000001111111000110000001000001111111111111111111000001111111111111
111101111101111011000011000011000011000011111101111101111101111101111101111101000011111101111101000011000011000011111101000011000011111101000011000011000011111101000011000011111101111101000011
111101111101000011000011000011111101000011000011000011111101111101111101111101111101000101111101111101111101111101111101000011111101111101111101000011111101111101000011000011111110000011111101
111011111011111011111011000101000101000101000101000101000101111011111011111011000101000101000101111011000010111011111011000101111011111011111011000101111011000101000101111011000101111011000111
111011111011000101111011000101000101111011111011111011111011000101000101111011111011000101111011000101111011000101000101111010000101000101111011000101000101111011000101000101000101111011111101
000101111100000101000101111011111011000101111011111011000101000101111011111011000101111011000101000101111011111011000101000101111011000101000101000101000101111011111011000101000101000101111011
111010111010111010111010111010000110000110111010000110000110111010111010000110000110111010000110111010000110111010000110111010000110111010111010000110111011111010111010111010111010000110111010
000011111101000011000011000011000011000011111101111101000011111101000011111101000011111101111101111101000011000011111101000011000100111101111101000011000011000011111101111101000011111101000011
111011000101000101000101000101111011111011000101000101000101000100000101000101000101000101111011000101111011000101111011000101000101111011000101000101111011000101000101111011111011000101000101
000001000001111111111111111111111111000001111111111111000001111111111100000001111111111111000001000001111111111111111111111111000001000001111111111111111111000001000001000001111111111111111111
111011111101000101000101111011000101111011000101000101000101111011000101111011000101111011111011000101111011000101000101000101111011000101111011111011000101111011000101000101111011000101000101
111110111110000010111110000010000010000010000010111110111110000010000010111110111110000010111110000010000010111111000010111110000010111110111110111110111110000010111110111110111110111110000010
000011000011000011111101000011000011111101111101111101000011000011111101000011111101000011111101111101111101111101000011000011000011000011000011111101000011000011000011111101000011111101111101
111101000011111101000011111101111101111101111101000110111101111101000011000011000011000011111101111101111101111101111101111101111101111101111101000011000011111101000011111101111101000011000011
111100111100111100111100000100111100111100000110000100000100111100111100000100111100111100000100111100111100000100000100111100111100000100111100111100111100000100111100000100000100000100000100
000011000011111101000011111101111101111101000011000011000011111101111101111101111101000011000011111101000011000011000011000011111101000011111101111101000011111101000011111101000011111101111101
111101111101000011000011111101111101111101111101111101000011000011000011000011111101000011111101111101111101111101000011000011000011000011000011000011000011000011000011000011000011111101111101
111111111111000001000001111111111111000001111111000001111011000001111111111111111111111111000001111111111111111111111111000001000001111111111111111111111111111111000001000001111111111111111111
000100000100000100111100111100111100000100111100111100000100000100000100111100000100000100111101111100111100111100111100111100111100111100111100111100000100000100000100000100111100000100111100
111100111100111100111100111100000100111010111100000100000100000100000100000100111100000100111100000100111100111100111100000100111100000100000100000100111100111100111100000100111101111100000100
000100000100000100111100111100000100111100111100000100000100000100111100000100111100111100000100000100000100000100000100000100000100000100000100000100111100111100111100111100000101000100111100
111010000110111010111010000110111010111010000110000110000110000110111011111010000110000110000110111010000110000110111010000110000110000110000110000110000110000110000110000110000110000110111010
000110000110000110000110111010111010111010111010000110111010111010000110111010111010000110111010111010111010000110111010000110000110111010000110111010000110111010111010111010000110111010000110
000100111100111100111100000100000100000100111100111100000100000100111100000100111100000100111100111100000100111100111100000100111100111100111100000100000100111100000100000100111010111100111100
000011000011111101111101000011000011111101111101111101000011111101000011000011111100000011000011000011000011000011000011111101000011000011000011000011000011111101000011000011000011000011111101
000100000100000100111100111100000100111100111100111100000100000100111100111100000100111100000100111100000100111100111100111101000100000100111100000100111100000100000100111100111100000100000100
111101000011000011111101000011111101000011000011111101000011111101000011111101000011000011000011000011000011111101000101111101000011000011000011000011111101111101111101000001000011000011111101
000100111100111100000110000100111100111100111100111100111100111100000100111100000100111100111100000011000100111100000100111100111100000100111100111100000100111100000100000100111100111100111100
111011000011000101000101111011111011000101000101111011111011000101000101000101000101111011000101000101111011000101000101111011000101111011000101111011111011111010111011111011111011000101111011
000101000101000101000101000101111011111011000101000101000100111011000101111011111011111011111011111011000101111011000101111011111011111011000101000101000101000101111011111011000101111011111011
111011111011111011111011000101111011111011111011111011000101111011111011000101000110111011000101000101111011111011000101000101111011111011111011111011000101111011111011000101000101000101111011
000100000100111100111100000100111100111100111100111100111100111100000100111100111100111100000100000100000100111100000100111100000100000100000100111100111100111100000100111100111100111100111100
111100000100111100111100111100111100000100000100000100000100000100111100111100111100111100111100000100000100111100111011111100111100000100111100111100111100000100000100111100000100000100000100
111101111101111101111101000011000011111101111101000011000011000011000011111101000011000011111101111101111101000011111101000011000011000011111100111101111101111101111101000011111101000011111101
111100000100111100000100000100111100111100111100000100111100111100000100111010111100111100000100111100000100000100000100000100111100111100111100111100000100111100111100111100111100111100000100
000001111111000001000001000001111111111111000001000001111111000001111111000011111111000001111111111111000001000001111111111111111111111111111111000001000001000001111111111111000001111111000001
000101000101111011111011000101000101111011000101000101111011000101000101000101111011000101111011111011000101000101111011111011111011111011000101111101000101111011000101000101000101111011000101
000110000110000110000110111010111010111010111010111100111010000110000110000110000110111010000110000110111010000110111010111010111010000110111010000110111010111010000110111010111010111010111010
000101000101000101111011000101000101111011111011000101000101000101111011111011111011000101111011000101111011111011000101111100111011111011000101111011111011111011000101000101111011111011111011
000011000011000011000011111101000011111101000011000011111101000011000011111101000011000011111101111101111101000011000011111101111101111101000011000011111101111101000011000011111101111101000011
000110000110000110111010000110000110000110000110000110111010111010000110111010111010000110000110111010000110111010000110000110111010000100000110000110000110111010000110000110000110000110111010
000101111011000101111011111011111011000101000101000101000101111011111011000101111011111011000101000101111101000101111011111011111011000101111011111011000101111011111011000101000110000101000101
111101000011111101111101000011000011000011111101000011000011000011111101111101111101000011000011000011111101000011000011000011111101111101000011000011111101111101000011111101111101111101111101
000010111110111110000010000010000010000010000010111110000010111110111110111110000010111110000010000010000010000010000010000010000010111110000010000010111110111111000010000101111110111110000010
000010111110111110111110111110000010111110000010000010111101111110111110000010111110000010111110000010000010000010111110000010000010111110000010000010111110000010111110000010111110111110000010
111010000110111010111010000110000110111010000110111010111010000110000110111010000110000110000110111010111010111010111010000110000101000110000110111010000110111010000110000110111010000110000110
111101000011000011111101000011111101111101111101111101111101000100000011111101111101111101000011111101000011000011111101000011000011111101000011111101111101000011000011000011000011000011111101
111101000011111101000100111101000011000011000011000011000011000011000011000011000011000011111101000011000011111101111101000011000010111101000011111101000011000011000011000011111101111101000011
111010111010000110000110000110111010000110111010111010000110111010111010000110111010000110111010111010111010000110111010000110000110111010111010111011111010000110111010000110111010000110000110
000111000111000111000101111001000111111001111001000111111001111001000111000111000111111001000111111001000111111001000111111001111001111001111001111001000111111001111001000111000111111001000111
111101000011111101111101111011111101111101000011111101000011111101111101111101000010000011000011000011111101000011111101000011111101000011111101000011000011111101111101000011111101111101000011
000010000010000010000010000010000010111110000010000010111110000010111110111110000010111110000010000010000100111110000010000010111110111110111110000010000010000010111110111110000010000010111110
000100111100000100111100000100000100111100111101111100000100111100111100111100111100111100000100000100000100000100000100111100111100111100000100000100000100111100111100111100111100000100111100
111101111101111101000011000011111101000011111101000011000011111101000011000011000011111101000011111101000011111101111101111101000011111101111101111101000011000011111101000011111101111101111101
111100111100000100111100111100000100111100111100000100111100111100000100111100000100000100000101111100111100111100000100000100000100111100111100111100000100111100000100111100111100000100000100
111111111111000001111111111111000001000001000001111111000001111111000001111111111111111111000001111111111111000001111111111111111111000011111111111111111111000001111111111111000001000001111111
111100111100000100000100000100111100000100111101000100000100111100000100111100000100111100111100111100111100000100000100000100111100000100111100111100111100000100111100111100111100000100111100
111101000011111101111101111101000011000011000100000011000011000011111101000011000011111101111101000011111101000011000011000011000011111101000011000011111101000011111101111101111101000011111101
000000000000000000000000000000000000000000000000000000000000000100000000000000000000000000000000000000000000000000000000000000000000000000000000000000000000000000000000000000000000000000000000
000011111101111101000011111101000011000011000011111101000011000011000011111101000011000011000011111101000011000101000011111101111101000011111101111101000011111101111101000011111101111101000011
111100000100111100111100000100000100000101111100000100000100111100111100111100000100000100000100000100000100111100111100111100000100000100000100000100000100111100000100000100111100111100111101
111111111111111100111111000001000001111111000001000001000001000001000001111111111111111111000001111111111111111111000001000001000001000001111111000001000001000001000001111111111111000001000001
111110111110111110000010000010000010000010000010111110000010000010000100000010111110111110000010000010000010000010000010111110000010000010111110111110111110000010000010000010111110111110000010
000100111100111100111100111100111100000100000100111100111100000100000100000100000100111100000100000100111100000100000100000100000100000100111100111100000100000100111101111100000100111100000100
111010000110111010111010111010000110111010111010111010000110000110000110000110000110000110000110000110000110111010000110000110000110000110000110111010000111000110111010111010111010000110000110
111100000100111100111100111100000100000100000100111100000100111100111100111100111101000100111100000100111100000100111100111100111100111100111100111100000100111100111100111100111100111100000100
111011111011111011111011111011111011111011111011000110000101000101111011111011000101111011111011000101111011111011111011111011000101000101000101000101111011000101000101111011111011000101111011
111001000100000111111001000111111001000111111001000111000111000111111001111001111001000111111001111001111001111001000111111001111001111001111001000111111001000111000111000111000111001000000111
111011000101000100111011000101000101111011000101111011111011000101000101111011000101000101111011111011111011111011111011000101000101111011000101111011111011111011111011111011111011111011111011
111101111101000011000011111101111010000011000011111101000011111101111101111101111101111101111101111101000011111101111101111101111101111101111101111101000011111101000011111101000011111101000011
111101000011000011000011000011111101111101111101000011000011000011000011111101111101111101111101000011111101111101000011000011000011000011000000111101000011000011111101111101111101000011000011
111101000011000011111101111101111101000011000011111101000011111101000011000011111101000011111101111101111101000011111011000011000011000011111101000011000011000011000011000011111101111101000011
111101000011000011000011111101111101111101000011000011111101000011000011111101000011000110000011111101000011111101111101000010000011000011111101111101000011111101000011111101000011111101000011
000111111100111100000100111100000100111100000011111100000100000100111100111100111100111100111100111100000100000100111100000100000100111100000100111100000100000100000100111100000100111100000100
111101000011000011111101000011000011000011000011000011111101111101111101000011111101111101111101111101111101000011111101111100111101111101111101000011000011111101111101111101000011111101111101
000100000100000100000100000100000100000100111100111100000100111100000101111100000100111100111100000100111100000100000100111100111100111100000100000100000100111100111100111100000100000100111100
000011000011111101111101000011111101111101111101000011000011000011000011000011111101111101111101111101111101000100000011111101000011000011000011111101000011111101000011000011111101111101111101
111101000011000011000011000011111101111101000011000011000011111101111101111101000011111101111101111101111101111101111101111101111101000011000011111101111101000011000100000011111101000011111101
001000111000111000111000111000111000111000111000001000111000001000001000001000001000001000001000001000111000001001111000111000111000001000111000111000001000001000111000111000111100111000001000
000011000011000011000010111101000011111101111101000101111101111101111101000011000011000011000011000011111101000011000011000011111101111101111101000011000011111101111101000011111101111101000011
111101000011000011000011000011000011000011000011000011000011000011111101000011000011111101000011111101111101111101111101111101111101000011111101000011000011111101000011111101000010000011000011
000101111011111011111011000101000101111011111011111011000101111011111011111011000101000101111011000101111011111011111011000101111011000101000101111011000100000101111011111011000101111011000101
111101000011000011000011111101000011000011000011000011000011111101000011000011111101000011111101111101111101111101000011000011111100111101111101000011111101111101000011000011000011000011111101
111011000101000101111011000101000101111011000101111011000101111011000101000101000101111011111011111011000101000101000101000101111011000101111011111011000101000101000101000101000101000101111011
111101111101111101111101111101111101111101000011000011000011000011111101000011000011000011000011111101000011111101000011111101000011000011000011000011000011000011111101111101111101000011000011
111100000100111100111100000100000100000110111100111100111100111100000100000100111100111100000100111100000100000100111100111100111100111100111100111100000100111100000100111100111100000100111100
111100111100111100111100111100111100000100000100000100111100111100000100111100111100000100000100111100000100111100000100111100000011111100111100111100000100111100111100111100111100000100000100
111011000101000101111011111011000101000101000101111011000101111011111011111011000101111011000101111011111011111011111011000101000101000101111011111011000101000101000101000101000101000111000101
111110111011111110000010111110111110000010111110000010000010111110000010000010111110111110000010111110000010111110000010111110000010000010000010111110000010111110111110000010000010000010111110
000011000011000011111101000011111101111101000011000011000011000011000011000011000011111101111101111101000011000011000011000011111101000011000011000011111101000101000011000011000011000011000011
000110111010000100000110000110000110111010000110000110000110111010111010111010111010000110111010111010000110000110111010111010000110111001000110000110111010000110000110111010000110000110111010
000101000101111011111011111011000101000101111011111011000101000101000101111011000101111011111011111011000101111011000101000101111011000101111011111011111011111011111011111011000101000101111011
111101111101000011000011000011000011111101111101111101111101111101000011111100111101111101000011000011111101000011000011111101111101111101111101111101000011000011111101111101000011111101111101
111100000100111100111010111100000100111100000100000100000100000100111100000100111100000100111100111100000100000100000100111100111100111100000100111100000010111100111100111100111100111100000100
111011000101000101111011000101111011000101000101000101000011111011111011111011000101111011111011000101000101111011111011000101111011000101111010000101111011000101111011111011000101111011000101
000010111110000010000011111110000010000010000010000010111110000010111110000010111110111110000010111110111110000010000010111110000010111110111110111110111110000010111110000010111110000010111110
111100111100111100111100000100000100111100000100111100000100000100111100000100000100111100000100111100111100000100000100111100000100111100000100111100111100111100111011000100000100111100111100
000010000010111110000010111110111110000010000010111110000010111110111110000010000010000010000010111110111110111110111110000010000010000010000010111110111110111100000010111110111110000010111110
111011000101000101000101111011111011000101000110111011111011000101000101000101000101111011000101111011111011111011000101111011000101111011000101000101000101000101111100111011000101111011000101
000010000010000010111110000010000010000010111110111110111110000010111110111110000010111110111110111110111110000010000010000010111110111110111110000010000100000010111110000010000010000010000010
111100000100111100000100111100000100111100000100000100111100111100000100111100000100000100000100000100111100000101111100111100000100111100111100111100111100111100111100111100000100111100000100
111101000011000011111101111101000011000011111101000011000011111101111101000011000011111101111101000011111101000011000100111101000011111101111101111101111101111101000011111101111101111101000011
000101111011000101000101111011111011000101111011111011000101111011111011111011000101111011111011111011000101111011000101111011111011000101111011111011111011111011111011111011111011000101111011
111100000100111100000100000100000100111100111100111100111100111100000100111100111100111100000100111100111100000100001000111100000100000100111100000100000100000100111100000100000100000100111100
000100111100000100111100111100111100000100000100111100111100111100111100000100111100111100111100111100000100000100000100111100000100000100000100000100111100111100000100111100111100111100000100
000100000100111100111100000100111100111100111100111100111100000100111100111100000100111100000100111100111100000100111100000100000100000100111100111100000100000100000100000100111100000100000100
111100111100111101111100111100111100111100000100000100000100111100000100111100000100111100000100111100111100111100111100000100111100000100000100000100000100000100111100111100111100000100000100
000100111100111100000100111100000100111011000100111100111100000100111100111100000100111100000100111100000100111100000100111100000100000100111100111100111100111100111100111100000100000100000100
000011000011000011111101000010000011111101111101000011111101000011000011111101000011111101000011111101111101000011000011000011111101000011111101000011000011111101000011111101111101111101000011
000011000011000011000011111101000011111101111101111101111101111101111101000011111101111101000011000100000011111101000011111101000011111101000011111101000011111101111101111101111101111101000011
111010111010111010111010000110000110111010111010111010000110111010111010111010000110000110111010000110111010000110000110000110111010111010111010111010000110111010000101111010111010000110111010
000101000101111011111101000101111011111011111011000101000101000101000101111011000101000101000101111011000101000101000101111011111011111011111011111011000101111011111011000101111011111011000101
111111111111111111000001111111111111000000000001111111111111111111000001000001000001000001000001000001111111111111111101000001000001111111000001000001000001000001111111111111111111111111111111
111100000100000100111100000110000100000100111100111100000100000100000100000100000100111100111100111100000100111100111100111100111100111100000100000100111100000100111100111100111100000100000100
111011111101111101000011111101111101000011000011111101111101111101000011000011111101111101111101000011111101111101000011000011000011000011111101111101000011000011000011111101111101000011111101
000110111010111010111010111010111010000110000110000101000110111010111010111010000110111010111010111010000110000110000110111010000110111010000110111010000110000110000110111010000110111010000110
000100000100000100000100111100111100000100111011111100000100111100111100000100000100111100111100000100000100111100000100111100000100111100000100000100111100111100000100000100000100000100111100
000011111101111101111101000011111101111101111101111101111101000011111101000011111101000011111101111101000011111101000011000011000011111101000011000011111101000011111101111101000011111101000011
