110110001010001010001010110110001010110110110110001010110110001010001010001010110110001010001010110110001010001010001010001010110110001010110110110110001010001010110110110111110110110110001010
111001111001111001000111000111111000000111111001000111111001000111111001000111111001111001111001111001111001111001000111000111111001111001000111111001111001000111000111111001111001000111111001
111001111001000111111001111001000111000111000111111001000111000111000111000111000111000111000111000111000111000111000111000111111001000111111001000111000111111001000111000111111001000111111001
110111110111001001110111001001001001001001001001001001001001110111001001001001001001001001001001110111110111110111110111001001001001001001001001001001001001110111001001001001001001110111001001
111000111000111000001000111000111000001000001000001000111000111000001000111000001000111000001000001000001000001000001000001000001000111000001000001000111000111000111000111000001000111000111000
111011000101111011111011111011000101000101000101000101000101000101111011000101111011111011000110000101111011111011111011000101000101000101000101000101000101000101111011000101000101111011000101
110111001001001001001001110111110111001001001001001001110111110111110111110110001001110111001001110111110111001000110111001001110111001001110111001001110111110111110111110111110111001001001001
111001000111111001000111111001000111000111111001000111111001000111000111000111111001000111000111111001111001111001000111000111000111000111111001111001111001000111111001000111000111000111111001
111011000101111011000101000101111011111011000101111011111011000101111011111011000101000101111011000101000101111011000101111011000101111011111011111011000101000101111011111011000101000101000101
111001000111001000000111000111000111111001000111000111111001111001000111000111000111111001111001111001000111111001000111000111111001111001000111000111111001000111000111111001111001111001000111
111010000110000110111010111010111010000110000110000110111010000110000110000110000110000110000110111010111010111010111010000110111010111010111010111010111010111010000110000110000110000110111010
111000001000001000001000111000001000001000001000001000111000111000111000001000001000111000111000111000001000111001111000111000111000111000001000001000001000111000111000001000001000001000111000
110111110111001001001001001001110111110111110111110111001001110111001001110111001001001001001001001001001001110111001001110111110111110111110111001001110111110111001001110111001001110111110111
111011000101000101000101000101111011000101000101000101111011000101111011111011000101111011111011000101111011111011111011111011111011000101111011111011000101000101111011000101000101111011000101
111001111001000111000111111001000111000111111001111001000111111001111001111001000111111001111001111001000111111001000111000111111001111001000111111001000111000111000111111001111001000111111001
110111001001001001110111110111110111110111110111001001110111001001001001110111001001001001001001001001001001110111001001110111001001001001110111110111110111001001001001001001110111110111110111
111000001000001000111000001000111000111000001000001000111000111000111000001000001000001000001000111000001000111000111000111000001000001000111000111000111000111000111000111000111000111000111000
111100000100000100000100111100000100111100000100000100111100000100111100000100000100000100000100111100111100000100111100000110000100111100111100111100111100111100000100111100111100000100111100
111001111001000111110111111001000111111001111001111001000111111001000111000111000111000111111001111001111001111001111001111001111001000111000111000111111001000111000111111001111001000111000111
001001001001110111110111110111110111001001001001001001110111001001001001110111001001001001001001001001110111110111001001001001001001110111001001110111001001001001001001110111001001001001110111
110101110110001010001010110110110110001010001010001010110110110110110110001010110110110110110110001010110110110110110110110110110110110110001010001010001010110110110110110110001010001010110110
000111111001111001111001111001111001111001111001111001111001000111000111000111000111111001111001000111000111000111111001111001111000000111000111111001111001000111111001111001111001111001000111
111011111011000101111011000101000101000101111011111011111011000101111011000101000101111011000101000101111011111011111011000101000101111011000101000101000101111011000101000101000101111011000101
111000111000111000111000001000111000001000001000001000001000001000001000111000111000111000111000001000111000001000001000111000111000001000001000001000111000001000001000111000111000111000001000
000101000101000101111011111011000101111011000101111011111011111011111011111011000101111011111011111011111011000101000101111011111011000101111011000101111011111011000101000101000101111011000101
001001110111001001001001110111001001001001110111110111110111001001001001110111001001110111001001110111110111110111001001110111110111001001001001110111001001001001110111110111001001110111001001
111000001000001000111000001000001000001010111000001000111000111000001000111000111000001000001000001000001000111000001000111000111000001000111000001000001000111000001000001000001000001000001000
110111110111001001001001110111001001001001110111001001110111110111110111001001001001110111001001001001110111001001001001110111001001001001001001001001001001110111110111110111001001110111001001
111010111010000110000110000110111010000110000110111010000110000110111010000110111010000110000110111010111010111010000110111010000110000110000110111010111010000110111010000110111010111010111010
000111000111111001111001000111000111111001111001111001000111000111111001111001111001000111000111000111111001111001111001111001000111111001000111000111111001000111111001111001111001111001000111
001010110110001010001010001010110110110110110110001010110110110110001010110110110110001010001010110111001010001010001010001010110110110110110110001010110110001010001010110110110110110110001010
001000111000001000001000001000001000111000111000111000111000111000111000111000001000111000111000111000111000111000111000111000001000111000001000111000001000111000111001111000001000001000001000
000110111010111010111010000110111010111010000110000110000110000110000110111010000110111010000110000110111010000110000110111010111010111010111010000110000110111010111010111010000110000110111010
110111001001110111110110110111110111001001110111001001110111110111110111110111110111110111110111110111001001110111110111110111110111110111001001111000001001001001110111001001110111001001001001
001001001001110111001001001001110111001001001001110111110111110111001001001001001001001001110111110111001001110111110111001001001001001001110111001001110111001001001001001001001001001001110111
000111111001000111111001000111110111000111000111111001000111000111000111111001000111111001000111000111000111000111111001000111111001000111111001111001111001000111000111111001111001111001000111
001011001011001011001011001011001011001011110101110101001011001011110101001011110101110101001011110101001011001011001011001011110101110101110101001011001011110101110110001011110101001011001011
111001000111000111111001001000000111111001111001000111000111000111000111111001111001000111000111111001111001111001000111000111111001000111111001111001000111111001111001111001111001000111000111
110110001010110110001010110110001010001010001010001010001010110110110110110110001010001010110110111000110110110110110110001010110110110110001010110110001010001010110101110110110110001010110110
111000001000001000111000001000111000111000001000001000111000111000111000001000111000111000111000001000001000001000111000111000111000111000111000001000111000111000001000001000111000001000001000
001001001001001001001001110111110111110111001001110111001001001001001001110111001001001001001001110111001001110111110111001001110111110111110111001001001001001001001001110111110111110111001001
001000001000001000111000111000111000001000111000111000001000001000111000111000001000001000001000111000111000001000001000001000111000001000111000001000111000001000111000110111001000111000111000
000111111001000111111001111001111001000111000111000111111001000111000111111001111001000111111001000111111001111001111001000111000111000111001000000111000111111001111001000111000111000111111001
001000001000111000001000111000001000001000111000001000111000001000001000001000111000001000111000111000111000111000111000001000001000111000111000111000111000001000111000111000001000111000110111
000111000111000111111001111001111001000111111001111001111001111001000111111001000111111001000111000111000111000111000111111001000111111001000111111001111001000111000111000111000111000111111001
000111111001000111111001111001111001000111111001000111000111111001000111111001111001111001000111111001111001000111110111000111000111111001000111111001111001111001111001111001000111111001111001
001001110111001001001001110111001001110111001001001001001001001001110111110111001001001001110111110111001001110111001001001001110111001001110111001001110111110111110111001001110111001001001001
111000000111001000111000001000111000111000111000111000001000001000111000111000111000111000001000001000111000111000001000111000001000111000001000001000111000001001111000001000111000111000001000
001001001001110111001001001001110111110111110111110111110111110111110111001001110111001001110111110111001001001001001001110111110111001001001001110111110111001001110111110111001001001001110111
110111001001001001001001110111001001001001110110110111110111110111001001001001110111001001110111001001110111001001110111110111001001001001001001110111001001110111001001110111110111001001110111
111000001000001000001000001000001000111000001000111000001000111000001000111000111001111000001000001000111000111000111000111000001000001000111000111000001000001000001000001000001000001000111000
110111110111110111110111110111110110001001110111110111110111001001110111110111001001110111001001001001001001110111110111001001110111001001110111110111001001110111001001001001001001110111110111
111001000111111001000111111001111001111001000111000111000111000111000111111001111001000111111001000111111001000111111001111001000111111001111001000111111001110111000111000111000111111001000111
001100110100110100001100110100110100001100001100110100110100110100110100110111001100001100001100110100110100001100001100001100110100110100001100110100110100110100110100001100001100001100110100
000101111011000101111011000101000101000101111011000101111011111011000101111011000101000101000101111011111011000101111011111011111011000101111011111011111011111011000101111011000101000101000101
000110111010111010111010000110000110000110111010111010000110000110000110000110111010000110000110111010000110000110000110000110000110001010111010000110111010111010111010000110111010000110000110
110111001001110111110111001001001001110111001001001001110111001001110111110111001001001001001001001001110111110111001001001001110111110111001001110111001001001001110111110111110111001001110111
000110111010111010000110111010000110000110111010111010111010111010111010111010000110000110111010111001111010111010111010111010000110111010000110111010111010000110111010111010000110111010111010
111011111011000101000101000101000101000101111011111011111011111011111011111011000101000101111011000101111011111010000101111011000101000101000101000101111011000101000101000101000101111011000101
001001110111001001001001110111001001001001110111001001001001001001001001001001001001110111001001110111110111110111110111110111001001001001110111001001110111001001001001110111001001001001001001
001001110111001001110111110111110111110111110111110111110111110111110111110111110111001001110111001001110111001001001001110111001010110111001001110111001001110111110111001001110111110111110111
000111111001000111111001111001111001000111000111111001111001111001111001111001000111000111000111111001000111000111111001111001000111000111000111111001000111000111111001111001111001000111000111
001001001001001001110101110111001001001001001001110111110111001001110111110111001001110111001001001001110111001001110111110111110111001001110111001001001001001001001001110111110111110111110111
110111110111001001001001001001001001110111110111001001110111001001001001110111110111001001110111001001110111110111001001110111110111110111110111110111110111110111110111001001001001001001001001
001001110111001001001001001001110111001001001001001001001001001001001001110111001001001001110111001001001001110111001001001001001001001001001001001001110111110111001001110111110111001001110111
111001111001111001111001111001111001000111000111000111111001111001111001111001000111000111000111000111111001111001000111111001000111000111000111000111111001000111000111111001111001111001111001
001001110111001001110111110111110111110111110111110111110111110111001001110111001001110111001001110111001001001001110111001001001001110111001001001001110111001001001001110111110111001001110111
111001000111000111111001111001000111000111000111000111111001000111111001111001111001000111111001111001000111000111000111111001000111000111111001111001111001000111111001000111000111111001111001
001001001001001001110111110111001001001001110111110111110111001001110111001001110111001001110111110111110111001001001001110111001001110111001001001001110111110111110111001001110111001001001001
001001001001001001110111001001001001001001110111001001001001001001001001110110110111110111110111001001001001110111110111110111001001110111001001110111110111001001110111110111001001110111110111
111001000111000111000111000111000111111001111001000111111001111001000111000111111001000111000111111001111001111001000111000111111001111001000111111001111001000111111001000111111001111001000111
000101111011000101000101111011000101000101000101111011111011111011111011000101000110111011111011000101000101111011111011111011000101111011000101000101000101111011111011111011000101111011000101
001000001000001000001000111000001000001000111000001000111000001000001000001000110111001000001000001000001000001000111000111000001000001000111000111000111000001000001000001000001000111000001000
110111001001110111110111001001001001001001110111110111001001001001001001001001001001001001110111110111110111110111110111001001110111110111001001110111110111001001001001001001001001001001001001
001001110111001001110111001001110111110111001001110111110111001001001001001001001001001001110111001001110111110111001001001001110111110111001001001001110111110111110111001001001001001001001001
001001001001110111110111001001001001110111110111001001001001001001110111001001110111110111001001001001001001110111110111110111110111110111110111001001110111110111001001001001110111001001001001
110111110111001001110111001001001001110111110111001001110111001001110111001001001001001001001001110111110111001001001001001001001001001001110111001001001001001001001001110110001001110111001001
001001001001110111110111110110110111001001001001001001110111001001110111110111001001001001110111001001001001001001001001110111001001001001001001001001110111110111001001001001001001001001110111
111001000111000111111001000111000111000111000111000111111001111001111001111001000111111001000111111001111001000111000111111001000111111001111001000111111001000111111001111001111001000111000111
000101111011111011111011000101111011111011111011111011000101111011111011111011111011111011000101111011000101000101000101111011000101111011000101111011111011000101000101000101000101111011000101
110111110111001001110111110111110111110111001001001001001001110111001001001001001001001001110111110111001001110111110111110111110110001001110111001001110111110111001001001001001001110111110111
111001111001000111000111111001111001111001111001111001111001000111111001111001111001000111000111000111001000111001111001111001111001000111111001111001111001000111000111111001000111111001000111
111001111001000111111001111001000111000111000111111001111001000111000111111001000111000111000111000111111001111000000111111001111001000111111001111001111001000111000111111001111001000111000111
111000111000111000001000001000111000111000001000001000111000001000111000111000001000111000111000001000111000111000111000001000001000001000111000111000001000111000001000111000001000001000111000
000111111001111001111001000111111001111001000111111001111001111001111001111001000111000111111001000111000111111001111001111001111001111001111001000111000111000111111001111001111001111001111001
111000001000111000001000111000111000111000111000111000111000111000001000001000111000001010111000001000001000001000111000001000001000111000001000111000001000001000001000111000111000001000001000
000111111001000111111001111001111001000111111001111001000111111001000111111001000111111001111001111001111001111001000111000111000111000111111001111001111001111001111001111001111001000111001000
111000111000001000001000001000001000111000111000111000001000111000001000111000111000001000001000111000111000111000111000001000111000001000111000001000111000111000001000001000001000111000111000
001000001000001000111000111000111000110111111000111000111000001000001000001000001000111000111000111000001000001000001000001000001000111000001000001000001000111000001000001000001000001000001000
111000111000111000001000111000001000001000001000111000111000111000001000111000111000111000111000001000111000111000001000111000111000111000001000001000001000001000111000001000001000001000111000
001001110111001001001001001001110111110111001001001001110111110111001001110111001001001001001001001001001001001001110111110111001001001001001001001001001001001001001001110111001001110111001001
001000111000111000001000111000001000001000001000001000111000001000111000111000111000111000001000111000001000111000001000111000111000001000111000111000001000111000001000001001111000111000111000
001010001010110110110110110111110110001010110110110110110110110110110110110110110110110110110110110110110110110110001010110110001010001010110110001010110110001010110110001010001010001010001010
111001111001111001000111000111111001000111000111000111000111000111000111000111111001111001111001111001111001111001000111000111111001111001000111111001111001111001111001111001000111000111111001
111110000100000010000010111110000010000010000010000010111110000010000010000010000010000010111110000010000010000010000010111110111110000010000010000010000010111110111110000010000010111110111110
110111001001110111001001001001110111001001110111110111110111110111110111001001110111001001110111110111001001001001110111001001110111001001001001001001001001001001110111110111001001110111001001
110111110111001001001001001001110111001001110111001001001001110111001001110111110111001001110111001001001001110111001001110111001001001001110111110111001001001001001001001001110111001001110111
111001000111000111000111000111000111000111111001000111111001000111111001111001000111000111111001000111111001111001111001111001000111111001000111111001111001000111111001111001000111000111111001
111000111000111000001000111000111000001000110111001000111000001000001000111000111000111000111000001000001000111000001000001000111000001000001000111000001000111000111000001000001000001000001000
111000001000111000111000111000001000111000001000001000001000001000001000001000111000111000001000001000001000001000111000111000111000111000001000111000111000111000001000111000111000001000001000
000110000110111010000110000110111010111010000110000110001000000110111010000110111010000110000110111010000110111010111010000110000110111010111010000110111010111010111010000110111010111010111010
111001111001111001000111000111111001111001111001111001000111111001000111001000111001000111000111000111111001000111111001111001000111111001000111111001000111000111000111000111111001000111111001
111000001000001000001000111000111000111000001000001000111001111000001001111000111000001000111000001000001000001000111000001000111000001000001000111000111000111000001000111000001000111000001000
001000001000111000111000111000111000001000001000001000111000111000001000111000001000001000111000111000001000001000111000001000111000111000001000111000111000001000001000111000001000001000111000
001001001001110111110111110111001001110111110111001001001001001001001001110111001001001001110111110111001001001001001001110111001001001001110111001001110111001001001001110111001001001001001001
000111111001000111000111000111111001000111000111111001000111111001111001000111111001000111111001000111000111000111111001111001000111111001000111000111111001111001000111000111000111111001111001
001000111000001000111000111000111000001000001000001000001000001000001000111000111000111000111000001000111000001000001000111000001000001000001000111000111000111000111000001000111000111000001000
111000001000001000001000001000001000001000001000111000111001001000001000001000001000111000111000001000111000001000001000001000001000001000111000001000001000001000001000001000001000001000111000
000111111001000111111001000111000111000111111001111001000111000111111001000111111001000111000111000111000111000111000111111001000111111001000111000111111001000111000111111001000111000111000111
110111110111110111110111001001110111001001001001001001001001001001110111110111001001001001001001110111110111001001001001110111001001110111110111110111110111110111001001001001110111110111110111
110110001010001010110110001010001010001010001010001010001010110110001010001010110110110110001010110110110110001010001010110110001010110110110110001010001010001010001010110110001010001010110110
001001110111110111001001001001001001001001001001001001110111110111001001110111001001110111001001001001110111001001001001110111001001110111001001001001001001110111001001110111001001001001110111
000110000110000110000110111010000110111010000110111010111010111010111010111010000110111010000110111010111010000110000110111010000110000110111010111010111010111010000110111010111010111010000110
001001001001110111110111001001001001110111001001001001001001110111110111110111001001110111001001110111110111001001110111001001001001110111001001110111001001001001001001001001110111110111001001
001001001001110111110111110111110111001001110111001001110111110111001001001001110111110111001001001001001001110111001001001001110111001001110111001001110111110111110111110111001001001001001001
001000001000001000111000111000111000001000001000001000001000111000111000001000001000001000111000001000111000001000111000001000001000111000001000001000001000111000111000111000001000111000111000
001000001000111000001000001000111000111000111000001000111000001000001000111000001000001000001000111000001000001000001000001000111000111000001000001000110111111000111000111000001000001000111000
110111110111110111001001110111001001001001001001001001110111110111001001110111110111110111001001001001110111110111110111001001001001001001001001001001001001110111001001001001110111110111110111
001001001001001001001001001001001001001001001001001001001001110111110111001001001001001001001001001001110111001001001001001001001001001001110111001001001001110111110111001001110111001001110111
000111111001111001111001000111000111110110111001000111111001000111111001000111111001000111000111111001000111000111000111111001111001000111000111111001000111111001111001000111111001000111111001
001001001001110111110111001001110111110111110111001001001001001001110111110111110111110111001001001001110111001001001001001001001001110111110111110111110111110111001001001001110111110111110111
110110001010110110110110110110110110110110001010110110110110110110110110110101110110110110110110110110110110110110110110001010110110001010110110001010110110001010001010110110110110110110001010
001000111000001000111000001000111000111000111000001000111000001000001000001000111000001000111000111000111000001000111000110111001000001000111000111000001000111000111000111000111000001000001000
001000111000001000111000111000111000001000001000001000111000111000001000001000111000111000111000111000001000001000111000111000111000001000111000001000001000111000001000111000111000001000111000
001001110111001001110111001001110111001001001011001001110111001001110111110111001001001001001001110111001001110111001001001001001001001001110111001001001001001001001001110111001001001001001001
001000111000111000111000001000001000111000111000001000001000111000111000001000111000111000001000001000001000001000001000001000001000111000111000111000111000110111111000001000001000111000001000
001001001001110111001001001001110111001001001001001001001001110111110111001001110111001001001001110111110111110111001001001001110111110111110111110111110111001001001001001001001001001001110111
001010110110110110001010001010001010001010110110110110001010110110110110110110001010001010110110001010001010110110110110001011001010110110110110110110001010001010001010001010001010110110001010
000110000110000110000110000110111010111010000110000110111010000110000110111010000110000110111010000110000110000110111010000110000110111010111010111010111010111010000110000110000110111010000110
000110000110111010000110000110000110000110111010000110111010000110000110000110111010000110111010000110111010111010111010111010000110111010000110111010000110000110111010000110000110000110000110
000111111001000111000111111001000111000111000111000111111001111001111001111001000111111001111001000111111001111001000111000111111001111001111001000111111001000111111001111001111001000111111001
110111001001110111001001110111110111001001001001110111110111001001110111110111110111001001110111110111001001110111110111110111001001110111110111110111001001110111110111110111110111110111001001
000111111001000111000111000111111001000111111001000111000111111001000111000111000111111001000111000111111001111001111001111001111001000111000111000111000111111001000111000111111001111001111001
111010111010000110000110111010111010111010000110111010000110000110110111000110111010111010000110111010111010111010111010111010111010111010000110111010000110111010111010111010000110111010111010
111001111001111001111001000111111001111001000111000111111001111001111001111001000111000111000111111001000111000111000111111001000111000111000111000111000111000111111001111001000111000111000111
000111000111111001111001000111000111111001111001000111000111000111111001111001000111000111111001000111111001000111000111111001111001000111111001000111000111000111111001000111111001111001000111
110110110110001010110110001010110110110110001010001010110110001010000111110110110110110110001010001010001010001010001010110110110110110110001010001010001010110110001010001010110110001010001010
110111001001110111001001001001110111001001110111110111001001001001110111110111001001110111001001001001110110110111110111110111110111110111001001110111001001110111001001001001110111110111001001
001001001001110111110111110111001001001001001001001001001001001001110111110111110111001001110111001001110111001001001001001001110111001001110111001001110111001001110111110111110111001001001001
111010111010000110111010111010000110000110000110000110111010111010111010111001111010111010111010111010111010000110000110111010000110111010000110000110111010000110111010111010111010111010000110
000110000110000110111010111010111010000110000110111010000110111010000110000110111010000110111010000110000110111010000110111010111010111010000110111010000110000110111010000110111010111010111010
001000111000001000111000001000111000111000111000111000111000001000001000001000111000001000111000001000001000001000111000001000111000111000001000001000001000111000111000001000001000001000001000
000111111001000111111001000111111001000111111001000111001000000111000111000111111001111001000111111001000111000111000111000111111001111001111001000111111001000111000111000111000111000111111001
000111000111000111111001111001001000111001111001111001000111111001000111000111111001111001111001000111000111000111111001111001111001111001000111111001111001000111000111111001111001000111111001
000100000100111100000100000100111100111100000100111100111100000100111100000100111100000100000100111100111100111100111100000100000100000100000100000100000100000100000100000100000100000100111100
001011110101001011001011001011001011001011001011001011110101001011001011110101001011001011001011110101110101110101110101110101001011001011001011110111001011110101110101110101110101001011110101
001000001000111000111000111000001000001000111000001000001000111000001000001000001000111000111000001000111000111000111000111000001000001000111000001000111000111000111000111000111000001000111000
111011000101111011111011111100000101000101111011111011000101111011111011000101111011111011000101111011000101111011111011111011111011000101000101111011000101111011111011111011000101111010000101
110111110111110111001001001001110111001001001001110111001001001001110111110111110111110111110111001001110111001001110111001001110111001001001001001001001001001001001001110111001001110111110111
111010111010111010111010000110111010001000111010000110111010000110000110000110111010111010111010000110000110111010000110000110000110111010111010111010000110111010111010000110111010000110111010
001000001000111000111000111000111000111000001000111000001000001000111000111000111000111000111000111000111000111001001000111000111000111000111000111000111000111000111000111000111000001000001001
001001110111001001001001110111110111110111110111001001001001110111110111110111001001110111110111110111001001001001110111001001001001001001110111001001001001001001001001001001110111001001001001
000111000111000111111001111001000111111001000111000111111001111001000111000111111001000111000111000111000111111001000111111001111001000111111001000111000111111001111001111001000111111001000111
110111001001001001001001110111001001001001001001110111001001110111110111110111110111110111001001001001001001001001001001110111001001001001001001001001110111001001110111110111110111110111001001
001011001011001011001011110101110101110101110101110101001011110101001001001011110101110101001011110101001011110101001011001011001011110101110101001011001011110101110101001011001011001011001011
110111001001110111001001110111001001001001001010110111001001110111001001110111110111110111110111001001110111110111110111001001001001110111001001110111001001001001110111110111001001110111110111
001001001001001001110111001001001001110111110111001001001001110111110111110111001001001001110111110111001001001001110111001001110111001001110111110111110111110111001001110111001001001001110111
111000111000111000111000001000001000001000001000001000111000001000001000001000111000001000001000111000001000001000111000111000111000111000001000111000001000001000001000001000001000001000001000
001001110111110111110111110111001001001001001001001001001001110111110111001001110111001001001001001001110111110111001001001001110111001001110111001001001001001001110111001001110111110111001001
000110000110000110111010111010000110000110111010111010000110000110111010000110000110000110000110111010111010111010111010111010111010111010111010000110111010111010000110111010000110111010111010
111001111001111001111001000111000111111001111001111001111001111001000111000111000111111001000111111001000111000111111001111001000111111001000111111001000111000111111001000111111001000111111001
000111000111111001111001111001111001000111111001000111111001000111000111000111111001000111111001000111000111000111000111111001000111111001111001111001000111000111111001000111111001111001111001
111010000110000111000110000110111010000110000110000110000110000110111010000110000110111010111010000110000110111010000110111010111010000110000110111010000110000110111010111010111010111010111010
110111110111110111001001110111001001001001001001110111110111110111001001001001001001001001001001001001001001001001001001001001110111001001001001110111001001110111001001001001001001110111110111
001001001001110111110111110111110111110111001001001001001001001001110111110111110111001001110111001001001001001001001001001001001001110111001001001001001001001001110111001001001001110111001001
111001000111111001111001111001000111000111000111000111000111000111000111000111000111111001111001111001000111111001000111000111111001111001000111111001000111000111000111111001000111111001111001
110101001011001011001011110101110101001010001011110101110101001011110101110101110101110101110101110101001011110101110101001011110101110101110101110101001011001011001011001011110101001011001011
110111001001110111110111001001001001110111110111110111001001110111110111001001110111110111001001110111001001001001001001001001110111001001001001001001110111110111001001110111110111001001001001
001000111000001000111000001000111000001000111000111000111000111000111000111000001000001000111000111000001000111000111000111000001000001000111000111000001000001000111000111000111000111000001000
111000111000001000001000111000111000001000001000111000111000001000111000001000001000001000001000001000111000001000111000001000111000111000111000111000001001001000111000111000001000001000111000
000101111011000101000101111011111011111011000101111011111011111010000101000101000101111011111011111011111011000101000101111011000101111011111011000101111011111011000101111011111011000101000101
000111111001000111111001000111111001000111000111000111000111111001111001000111000111000111111001000111111001000111111001111001111001111001000111000111111001000111000111000111000111111001111001
001001110111001001001001001001110111001001110111110111001001110111001001110111110111110111110111110111110111110111001001110111110111110111110111110111110111001001001001110111110111001001001001
110110110110001010110110110110110110001010001010001010001010110111110110110110110110001010110110001010001010110110110110001010110110001010110110110110110110110110110110110110001010110110001010
110111001001001001110111110111001001110111110111110111001001110111110111110111001001110111110111001001110111001001110111001001110111001001110111001001001001001001110111110111001001110111001001
111000001000001000001000001000001000001000001000001000111000001000001000111000001000111000001000111000111000001000111000001000111000001000111001111000001000001000111000111000111000001000111000
001010110110110110110110110110110110001010110110110110001010001010110110001010110110001010001010110110110110001010110110110110001010110110110110001010110110001010110110110110110110001010110111
111101111101111101000011111101000011000011000011111101000011111101111101000011111101000011111101111101111101000011000011000011000011111101111101000011000011000011111101111101000011111100000011
110111110111110111001001110111110111110111001001001001110111001001001001001001110111001001001001110111001001110111110111110111001001110111001001001001001001001001001001110111110111001001110111
110111110111110111110111110111001001110111001001110111110111001001110111110111110111001001110111110111110111110111110111001001001001001001001001110111001001001001110111110111001001001001110111
111010000110111010000110111010000110111010111010111010111010111010111010000110000110000110000110111010111010111010111010111010000110000110000110000110111010000110111010000110000110000110000110
000111000111111001111001000111000111000111111001111001000111111001000111000111000111111001000111111001000111000111111001000111111001000111000111111001000111000111000111000111111001000111111001
000110000110000110111010000110111010000110111010000110111010111010000110000110111010111010111010111010000110111010111010000110111010111010111010111010111010111010111010111010111010111010111010
001001110111110111110111110111001001110111110111001001110111001001001001110111001001110111001001110111001001001001001001110111001001001001001001001001001001001001110111001001001001001001001001
000101111011111011000101111011000101000101000101000101111011000101000101111011111011111011111011000101000101000101000101000101000101000101000101111011000101111011111011000101000101111011000101
001001001001001001001001001001110111110111001001110111110111001001110111110111110111110111001001110111001001001001001001001001001001110111001001110111001001110111001001001001001001001001001001
000110111010111010000110111010000110000110000110000110111010111010111010111010000110111010000110111010000110000110111010111010111010111010000110000110111010111010000110000110111010000110000110
000111000111000111000111000111111001000111111001111001000111000111111001000111000111000111111001111001000111000111000111000111111001000111111001000111000111000111000111111001111000111001111001
110111110111110111110111001001001001001001001001001001110111001001001001001001001001110111001001110111110111110111001001110111001001001001001001001001110111001001001001110111001001001001001001
001001110111110111001001001001110111110111001001001001110111001001110111110111110111001001110111110111001001001001001001001001001001001001001001001001001001110111001001110111001001001001001001
111010111010000110000110000110000110111010111010111010111010000110000110111010111010000110111010111010111010111010000110000110111010111010111010000110000110000110000110000110000110000110111010
000111111001111001000111000111000111111001000111000111111001000111000111111001000111000111000111000111000111111001111001000111000111000111000111111001000111111001111001111001000111111001000111
000101111011111011000101111011111011111011111011111011000101111011000101111011000101111011000101000101000101111011111011000101111011000101000101000101000101000101000101000101111011000101000101
001001001001001001110111001001001001001001001001110111001001110111110111110111110111110111110111110111110111110111110111001001110110001001001001110111111000110111001001001001001001110111110111
111011111011000101111011000101111011000101111011000101000101111011111011000101000101111011000101111011000101000101111011111011111011000101111011111011000101111011000101000101000101111011000101
001001110111001001110111001001001001001001110111001001110111001001110111110111110111001001001001001001110111110111110111110111110111110111001001110111110111110111110111001001110111001001001001
110110001010110110001010001010110110110110001010001010001010110110110110001010001010110110001010001010001010110110001010001010001010001010110110001010001010110110001010110110001010110110001010
110111110111001001001001110111110111001001001001001001110111110111001001110111001001110111110111110111110111001001110111110111110111001001001001110111110111001001110111001001110111001001001001
110111110111110111001001001001110111001001001001110111110111110111001001110111001001001001001001110111001001001001001001001001110111001001110111110111110111001001110111001001001001001001001001
111000001000111000001000111000111000111000111000001000111000111000111000001000111000001000111000111000111000001000111000111000001000001000001000001000111000111000111000001000001000001000001000
001001110111001001110111110111001001110111001001110111001001001001001001110111001001110111110111110111001001110111110111001001001001110111110110001001110111110111001001110111001001110111110111
111001000111111001111001111001000111111001000111111001111001111001111001111001111001000111000111000111111001000111111001111001000111111001000111000111000111111001000111000111111001111001000111
001010110110001010001010110111110110110110001010001010110110110110110110110110001010001010110110001010110110110110110110001010110110001010001010001010110110110110001010001010001010001010110110
111001111001111001111001111001000110000111000111111001000111111001111001000111111001000111000111000111111001000111000111111001111000111001111001111001111001000111111001000111000111000111111001
110111110111110111001001110110110111001001001001110111001001001001110111110111001001001001001001110111001001001001110111001001001001110111001001001001110111110111110111001001110111001001110111
001001001001001001110111110111110111110111001001110111001001110111001001110111001001110111110111110111001001001001001001001001001001110111110111110111001001110111001001110111001001110111001001
111100000100000100000100000100111100000100000100111100111100000100000100111100111100111100111100000100000100111100111100111100111100111100111100000110111100000100111100111100000100111100000100
110111110111110111001001001001110111001001001001110111001001110111001001110111110111001001001001110111001001110111001001110111110111110111110111001001001001001001001001001001001001110111110111
110111110111110111001001110111001001110111110111110111001001110111110111001001001001110111110111001001110111001001110111110111110111110111001001110111110111110110110111110111001001110111001001
001000111000001000111000001000111000001000111000001000111000001000001000001000111000001000111000001000111000111000001000111000001000111000001000111000001000111000111000001000111001001000111000
001000111000111000001000111000001000001000001000001000001000001000111000111000111000001000111000111000001000111001111000001000111000001000001000111000111000001000111000001001001000001000001000
111000111000111000001000111000001000001000111000111000001000111000111000111000111000111000111000111000001000001000001000001000111000111000111000111000111000111000001000111000001000111000111000
000111000111000111000111111001000111111001111001000111000111000111111001111001000111111001000111000111000111111001000111000111111001000111000111000111111001000111000111111001000111111001111001
001001110011110111110111001001001001001001110111001001110111110111001001111000001001001001001001110111110111110111110111110111001001001001001001110111110111001001110111001001110111110111110111
001000111000001000111000001000111000001000001000111000111000001000001000111000111000001000111000111000001000001000111000001000111000001000111000111000111000001000111000001000001000111000001000
001000001000001000111000001000111000001000111000001000001000111000111000001000001000001000001000111000111001001000111000001000001000111000001000111000001000111000001000001000111000111000111000
000111000111111001000111111001000111000111000111000111000111000111111001111001000111000111000111000111111001111001111001111001000111111001000111000111111001111001000111111001000111111001111001
001001110111001001110111001001110111001001110111001001110111001001001001110111110111001001001001001001110111110111110111110111110111110111001001001001001001001001110111110111001001001001110111
111001000111111001000111111001111001111001000111000111111001000111111001111001000111000111000111111001000111111001000111111001000111000111111001111001111001000111000111111001111001111001111001
000101000101000101111011111011000110000101000101000101000101111011000101000101000101000101111011000101111011000101000101111011111011000101111011000101111011111011111011000101111011000101000101
000111000111001001000111111001111001111001000111111001111010000111000111111001000111111001111001111001111001111001111001111001000111000111111001000111111001000111111001000111111001111001000111
111001000111111001000111111001111001000111111001000111000111000111000111111001111001000111111001110111111001111001111001111001000111111001000111111001111001111001000111000111111001000111000111
110111001001001001110111001001110111001001001001001001001001001001110111110111110111001001110111110111001001110111001001001001001001110111001001001001001001110111110111001001001001110111110111
000111000111111001000111000111110110111001000111000111111001000111111001111001111001111001000111000111000111000111000111000111000111111001111001000111000111000111000111000111000111000111000111
001000001000001000111000111000111000111000001000111000001000111000001000111000111000001000111000001000001000001000001000001000001000001000001000111000111001001000111000111000001000111000001000
001001110111110111110111110111001001001001001001001001001001001001110111110111110111001001001001001001001001110111110111110111001001110111001001001001110111110111001001110111001001001001001001
000111111001000111000111111001111001111001000111111001000111111001111001111001000111000111000111000111111001000111000111000111000111111001111001111001000111000111111001000111111001111001111001
111000001010001000001000111000001000001000001000111000001000001000001000111000111000111000001000001000111000111000001000111000001000001000111001001000111000111000111000001000111000111000111000
000111000111000111111001000111000111000111111001000111000111111001111001000111000111000111000111111001000111111001111001110110000111111001111001111001000111111001000111111001111001000111000111
110111110111110111001001001001110111110111110111001001001001001001110111110111001001001001110111110111001001001001001001001001110111110111001001001001110111001001001001001001110111110110110111
111001111001111001000111111001111001000111000111000111000111111001000111000111111001111001111001000111111001000111000111111001111001001000000111000111000111111001000111000111000111000111111001
111000001000001000001000111000111000111000001000111000001000111000111000001000001000001000111000001000111000001000001000111000111000001000001000001000001000001000001000001000001000001000111000
001000111000111000001000001000111000001000111000001000111000001000111000001000111000111000001000111000111000111000001000111000111000111000111000111000001000111000001000111000001000111000111000
110111001001001001001001001001110111110111001001001001001001110111001001001001001001001001001001001001110111001001110111110111110111110111110111110111001001110111001010001001110111001001110111
110110001010001010001010001010110110001010001010001010001010110110001010001010001010001010110110110111001010001010110110001010110110110110110110001010001010001010110110110110110110001010001010
111001111001000111111001000111111001000111000111000111111001000111000111000111000111000111111001111001000111000111000111000111000111111001000111000111111001000111001000000111111001111001111001
111000001000001000111000110111111000111000001000001000111000001000001000001000001000111000111000001000111000111000001000001000001000111000111000001000111000111000001000001000111000111000001000
111001111001111001000111000111111001000111111001000111111001000111000111111001000111000111000111111001000111000111111001111001000111111001000111111001000111111001000111000111111001111001111001
000110111010000110111010000110111010000110000110111010111010000110111010111010000110000110000110111010000110111011000110000110000110111010000110111010000110000110111010000110111010000110111010
110111110111001001110111110111001001110111001001001001001001001001001001110111110111110111001001001001110111001001001001110111110111001001110111001001001001001001001001001001001001110111110111
110110001010001010001010110110001010001010110110110110110110110111110110001010001010110110110110110110110110110110110110110110110110001010001010110110001010001010001010110110110110110110110110
111001111001000111111001111001111001111001000111111001111001000111000111111001111001000111000111111001110111000111111001000111000111000111000111000111111001111001111001000111000111111001111001
111000111000111000001000001000111000001000111000111000001000111000001000111000111000001000001000111011001000111000111000111000001000001000111000111000001000001000111000001000111000111000001000
001001110111110111110111001001001001001001110111110111110111110111110111110111001001001001110111001001001001110111001001110111110111001001001001001001001001110111001001001001001001001001001001
000111000111000111000111111001000111001000000111000111000111000111000111111001000111111001111001111001000111111001111001111001000111111001000111000111000111111001000111000111111001111001000111
001000111000111000111000111000111000111000111000001000111000001000001000001000111000001000111000111001001000111000001000111000001000001000001000001000111000001000111000111000111000111000001000
000111111001111001111001000111111001111001000111000111000111111001111001111001110111000111000111000111111001111001111001111001111001000111000111000111000111000111000111000111111001000111111001
111011000101000101000101111011000101111011111011111011000101000101000101111011111011111011111011111011111011111011111011111011111011000101000101000101000101000101111011111011000101000101111011
001001110111110111110111110111110111001001001001110111001001110111110111001001001001001001110111001001001001110111001001110111110111001001001001001001001001001001001001110111001001001001110111
001001110111110111001001001001001001001001001001110111001001001001001001110111110111110111001001110111110111110111110111001001110111110111110111001001001001001001001001110111110111001001110111
110111001001110111001001110111001001110111001001110111001001001001001001110111001001110111110111110111001001110111110111001001110111001001001001110111110111110111001001001001001001110111001001
001000111000111000001000111000001000111000111000001000001000001000110111111000001000001000111000001000111000111000111000001000001000001000111000111000001000111000111000001000001000111000001000
110111001001001001001001001001001001001001110111001001001001110111110111110111110111110111001001110111110111001001001001001001110111110111001001001001001001110111110111001001001001110111001001
000111111001111001000111111001000111111001111001111001111001000111111001000111111001111001111001000111111001111001111001111001000111000111000111000111111001111001111001111001111001111001111001
001011110101001011110101001011001011001011110101001011110101001011110101001011001011110101110101001011110101110101110111001011110101001011110101110101001011001011001011001011001011110101001011
111001111001000111000111000111111001111001111001111001000111000111000111000111000111000111111001000111111001111001000111111001000111000111000111111001000111111001111001000111000111111001000111
111001111001111001111001000111000111000111111001000111111001111001000111111001111001000111111001000111000111001000111001000111111001111001000111000111111001000111000111111001000111111001000111
110111110111001001001001110111110111001001001001001001110111110111001001110111110111001010001001110111001001110111110111001001110111110111110111001001001001001001001001001001001001110111110111
110111001001001001110111110111110111110111001001110111110111001001001001110111001001001001110111110111001001001001001001110111110111110111110111110111110111110111001001001001001001110111001001
111010111010111010000110000110000110000111111010000110111010111010111010000110000110111010000110111010111010000110111010000110111010111010000110000110111010111010111010000110000110111010111010
111000001000111000001000001000111000111000111000111000001000001000001000001000001000111000001000001000001000111000111000111000001000111000111000001000001000111000111000001000001000001000001000
000010000010000010111110111110111110000010000010000010000010000010000010000010111110000010000010111110000010111110111110111110000010000010111110000010000010000100111110111110111110000010000010
110111110111110111001001110111001001001001110111001001110111110111001001110111001001001001001001001001001001001001110111001001110111110111110111110111110111110111110111110111110111001001001001
111000111000001000111000111000111000111000001000111000001000001000111000111000111000001000001000111000001000111000001000111000001000001000111000001000111000001000111000111000111000111000111000
001000111000111000111000001000111000111000001000111000001000111000111000111000001000001000001000001000111000111000001000001000001000001000001000001000111000001000001000111000110111001000001000
111001000111000111000111111001111001111001000111000111111001111001000111000111000111000111111001111001000111000111111001000111000111111001111001111001111001000111000111111001111001111001000111
111000111000111000111000001000001000001000111000001000111000001000111000111000001000001000001000000111001000111000111000001000001000001000001000001000111000111000111000001000001000001000111000
110111110111001001001001001001110111001001110111001001110111110111001001001001001001110111110111001001110111001001110111001001001001110111001001001001001001110111001001001001001001110111110111
000100111100111100111100000100111100000100111100111100000100000100000100000100111010111100111100000100111100111100111100000100000100111100000100111100111100111100111100111100111100000100111100
111001000111111001111001000111111001000111000111000111111001111001111001111001111001000111000111000111000111111001111001111001000111000111111001000111000111000111000111000111000111000111111001
000110000100000100000100000100111100000100000100000100000100000100000100000100111100000100111100111100111100000100000100111100111100111100111100000100111100000100000100111100111100111100111100
000101000101111011000101111011000101111011000101111011000101111011111011111011000101111011111011111011000101000101000101000101000101000101111011111011000101000101111011000101000101111011000101
110110001010001010110110001010110110110110110110001010110110001010110110110110001010110110110110110110001010110110111001001010110110001010001010001010001010110110001010110110001010001010001010
001010001010001010001010110110001010001010001010001010110110110110001010110110001010110110001010001010001010110110110110001010110110001010110110001010110110110110001001110110001010110110110110
111010111010111010111010111010111010000110111010000110111010000110111010000110111010111010111010111010000110000110111010000110111010000110000110000110111010000110000110000110000110111010111010
001011001011110101001011001011001011001011001011001011001011001011110101001011001011110101001011001011001011110011110101001011001011001011110101001011001011001011110101001011110101110101110110
000111000111000111000111111001111001111001000111111001111001000111000111111001000111000111111001000111000111000111000111000111111001000111111001000111000111111001111001111001111001000111111001
111000111000001000001000001000111000001000001000001000111000111000001000111000111000001000111000111000001000111000001000111000001000111000001000001000111000001000001000001000110111001000001000
000101000101000101111011000101000101111011111011000101000101000101111011000101000101111011000101000101000101111011000101000101000101111011111011000101000101111011000101111011000101111011111011
000111000111111001000111000111111001000111000111111001000111111001000111000111000111000111111001000111000111000111111001000111000111111001111001111001111001000111000111000111000111000111000111
000111000111000111000111111001111001111001000111111001111001111001111001111001111001000111111001111001000111000111000111111001000111111001111001000111000111111001111001111001111001000111000111
110111110111001001110111001001001001001001001001001001001001001001001001110111110111110111001001001001110111110111110111110111110111110111001001001001110111001001001001110111001001110111110111
110110110110110110110110110110110110001010110110110110110110001010110110001001110110110110110110110110001010110110110110110110110110001010001010110110110110110110110110110110110110110110110110
001000001000001000111000001000001000001000111000001000001000111000001000001000001000001000001000111000111000001000001000001000111000001000001000111000111000111000111000111000111000001000001000
111000111000001000001000001000001000111000001000001000111000111000001000111000001000111000001000111000001000001000001000001000111000111000001000111000111000001000111000111000111000111000001000
110111110111110111001001001001110111110111110111110111001001001001110111001001001001001001001001001001001001110111001001001001001001001001001001110111110111001001001001110111110111001001110111
001010001010001010001010001010110110110110110110001010001010110110110110001010110110110110110110001010001010110110110110001010110110110110001010001010110110001010110111001010110110110110001010
111001111001000111111001000111111001111001111001111001110111111001111001111001000111000111000111000111000111000111111001111001111001111001111001000111111001111001111001111001111001000111111001
001010110110110110110110001010001010001010001010110110110110001010001010110110001010001010001010001010001010001010001010110110001010110110001010110110110110110110110110001010001010001010001010
001000111000111000111000111000001000001000001000111000111000001000111000001000001000001000001000001000111000001000111000111000111000001000111000001000111000001000001000111000001000111000111000
001011001011001011001011110101110101001011110101001011001011001011001011110101110101001011001011110101110101001001001011001011110101001011001011001011001011001100001011001011001011110101110101
000110111010111010000110000110000110111010111010000110111010111010111010111010111010111010111010111010000110111010000110111010111010111010000110000110000110000110111010111010000110110111111010
000111111001111001111001111001111001000111111001000111000111111001000111000111000111000111111001111001000111111001111001000111000111111001000111111001000111111011111001000111000111000111111001
111001111001000111111001000111000111000111000111000111111001000111000111000111000111111001000111000111000111111000111001000111111001111001111001000111000111111001111001111001111001000111000111
001011110101001011110101001011110101110101110101110101110111001011110101110101001011110101001011001011001011110101110101110101001011001011001011110101110101001011001011110101110101001011110101
111011000111000111111001000111111001000111111001000111111001000111000111111001111001000111000111111001000111000111000111000111111001111001111001000111000111111001000111111001000111111001000111
000111111001000111111001000111111001111001111001000111111001000111111001111001111001000111111001111001000111000111111001111001000111000111000111000111000111000111111001111001111001000111000111
001000111000001000001000111000001000001000001000111000001000111000111000111000111000111000111000111000001000001000111000001000001000001000111000001000111000001000111000001000001000001000001000
110110001010001010001010110110001010110110110110110110001010110110001010110110001010110110001010001010110101110110110110110110110110001010110110110110001010110110110110001010001010110110001010
111010111010000110000110111010000110111010000110111010000110000110111010111010000110000110111010111010111010111010000110000110000110000110111010000110000110000110000110111010000110111010000110
110111110111001001110111001001001001001001110111001001001001001001001001001001001001110111110111001001001001110111001001110111110111110111110111110111110111001001110111001001001001001001001001
110111001001001001110111001001110111001001001001110111001001110111001001001001001001001001001001001001110111001001001001110111110111110111001001001001110111110111110111110111001001110111001001
000111111001000111111001111001111001000111000111111001000111111001000111000111000111000111000111000111000111000111000111111001111001000111111001000111111001111001111001111001111001111001111001
111001000111111001111001000111000111111001000111111001111001111001000111000111000111111001111001000111111001000111000111000111111001001000111001000111000111000111111001000111111001000111000111
001010110110001010110110001010110110001010001010110110001010001010110110001010110110110110110110110110001010110110001010001010001010110101110110001010110110001010001010110110001010001010001010
001001001001110111110111110111001001001001001001110111001001001001110111110111001001001001001001001001110111110111110111001001110111110111001001111001110111110111001001110111001010001001110111
110110110110001010110110110111001010001010110110001010110110110110110110001010001010001010001010001010001010110110001010001010110110001010110110001010110110001010001010001010001010001010001010
001000001000111000111000001000001000001000111000111000111000111000001000001000111000111000001000111000001000001000111000001000001000001000001000111000111000111000001000111000111000111000001000
110111110111001001001001001001110111001001001001110111110111001001001001110111001001110111001001110111110111110111001001001001001001110111001001001001001001110111110111001001110111110111110111
111000001000001000111000111000111000001000001000111000111000001000111000001000111000111000001000001000001000111000111000001000111000001000111000111000001000111000111000111000111000111000110111
110111110111001001001001110111110111001001001001110111110111110111001001110111001001110111110111001001110111110111110111001001110111001001001001110111110111110111001001001001001001110111001001
001001110111001001110111110111110111001001001001001001001001110111110111110111110111110111110111001001001001001001110111001001001001110111001001110111001001001001110111001001110111110111001001
111001000111000111000111111001001000111001111001000111111001000111000111000111111001111001000111000111111001000111000111111001000111000111000111111001000111000111111001111001111001000111111001
001011001011110101110101110101001011110101001011001011110101110101001011110101110101001011110111110101110101001011001011001011001011001011110101001011001011001011110101110101110101110101001011
000111111001000111000111111001111001000111000111111001111001111001111001000111000111000111111001111001111001000111111001000111000111111001111001111001000111000111000111000111000111111000111001
111000111000001000111000001000111000111000111000001000111000001000111000111000111000001000001000001000001000111000111000111000001000001000111000111000001000110111001000001000111000111000001000
111110000000000010111110111110111110000010111110000010000010111110000010000010000010000010000010000010111110000010000010000010111110000010111110000010000010111110000010111110111110000010000010
110111110111110111001001110111110111110111110111110111001001001001001001001001110111110111001001110111110111110111001001110111001001110111110111001001001001001001110111001001110111001001001001
110111110111110111001001001001001001001001001001110111110111110111110111001001110111001001110111001001001001110111110111001001001001110111110111110111110111110111001001110111001001001001110111
001001001001001001110111001001110111110111001001001001001001110111110111001001001001001001001001001001001001110111110111110111001001110111001001001001001001110111110111001001001001001001110111
000110111010000110000110111010000110000110000110111010000110000110111010000110000110000110000110111010111010000110000110111010000110000110000110111010111010000110000110111011000110000110000110
111011000101000101000101111011000101111011111011111011111011000101000101111011111011000101000101000101000101111011111011000110111011111011000101000101111011000101000101111011000101111011111011
001001110111110111001001001001001001001001001001001001001001001001001001001001110111110111110111001001001001110111001001110111001001110111110111110111001001001001001001001001110111001001110111
000110000110000110000110111010111010000110000110000110111010111010111010000110000110111010000110111010000110000110000110000110111010111010000110111010111011111010111010111010000110000110000110
110111001001001001001001001001110111001001001001001001001001110111001001110111001001001001001001001001110111110111001001110111001001001001001001110111110111001001110111001001001001001001001001
110110110110001010001010110110001010110110001010110110110110001010110110001010001010110110110110110110110110001010110110110101001010001010110110110110110110001010110110110110110110001010110110
000111111001000111111001000111111001000111001000000111000111000111111001111001111001111001000111111001111001111001111001000111111001111001111001111001000111111001111001111001000111111001111001
111010000110111010000110111010000110000110000110000110111010000110000110111010000110111010000110111010111010111010111010111010000110111010000110000110000110000110111010000110000110111010000110
000111111001000111000111111001111001000111000111111001111001000111000111000111111001000111000111111001000111111001111001111001111001000111000111111001000111000111000111111001000111000111111001
000111000111000111000111111001000111000111111001000111000111000111111001000111111001111001111001000111111001000111000111111001000111000111000111000111000111111001000111111001111001111001000111
001001110111001001110111110111110111001001110111001001110111001001001001001001110111001001001001110111110111001001110111110111110111001001110111110111001001110111110111110111001001001001110111
001000001000001000111000111000001000001000111000001000111000111000001000001000111000111000001000001000111000111000001000111000001000001000001000111000111000001000001000001000111000111000001000
000111000111111001000111111001000111111001111001111001000111111001000111111001000111111001111001000111111001111001000111111001000111111001000111111001111001111001000111000111111001000111111001
111000111000001000111000001000111000110111001000111000001000111000111000111000001000111000001000001000001000111000111000111000111000111000001000111000111000001000001000111000111000111000001000
111000001000001000001000001000001000001000001000001000111001001000111000001000111000111000001000001000111000001000001000001000001000001000001000001000001001001000111000001000001000001000111000
110111001001110111110111110111001001001001001001001001110111001001110111001001001001110111001001110111110111110111110111110111001001001001110111001001001001110111001001110111001001001001110111
111010111010111010111010000110000110111010111010111010000110000110111010111010000110000110000110000110111010000110000110111010000110111010000110111011000110000110000110000110000110000110111010
111000001000111000111000111000111000001000111000111000001000111000111000111000111000001000001000111000001000001000111000111000111000111000001000111000001000001000001000001000001000111000001000
111001000111000111000111000111000111000111000111000111000111111001000111111001000111111001000111111001111001000111111001000111000111000111111001000111111001111001000111000111111001111001000111
110110110110110110001010001010110110001010001010110111001010110110110110110110001010001010001010001010110110001010001010001010110110001010110110110110001010001010001010001010001010001010001010
110111001001110111110111001001001001001001001001001001110111110111001001001001001001110111001001001001001001001001001001001001110111001001001001001001001001001001110111110111001001001001110111
110111001001110111110111110111001001110111001001001001110111001001110111001001001001001001110111001001001001001001001001001001001001110111110111110111110111110111001001001001001001001001110111
111001000111000111111001000111111001000111111001111001000111111001111001111001111001000111000111000111000111000111111001000111111001000111000111000111111001111001111001111001000111000111111001
111001000111000111000111000111000111000111000111000111000111111001000111000111000111111001111001111001000111000111000111111001111001000111111001000111000111111001000111000111111001111001111001
110111110111001001001001110111110111110111110111001001110111001001001001110111001001001001110111001001110111001001001001001001110111001001110111001001001001001001001001001001001001110111110111
111001111001000111000111000111111001000111111001000111000111111001000111111001111001111001000111000111111001001000111001000111111001111001111001000111000111000111111001111001000111000111111001
110111110111001001110111110111001001110111110111001001110111001001001001001001110111001001001001110111001001001001001001001001001001001001110111001001001001110111001001110111110111110111001001
110111110111001001110111001001110111110111001001001001001001001001001001001001110111001001001001001001001001001001110111001001110111110111110111110111110111001001001001110111110111001001001001
111000111000001000111000111000001000001000111000001000111000111000001001001000000111111000001000111000111000001000111000111000111000111000001000111000111000111000111000111000111000111000111000
111001111001111001111001000111000111111001111001000111000111111001111001111001111001000111000111111001111001111001111001000111111001111001111001000111000111111001111001111001000111000111000111
111001000111000111111001000111000111000111000111000111111001000111111001111001111001111001000111000111111001000111000111000111111001000111111001000111000111000111111001111001000111000111000111
111011000101000101111011111011111011111011111011111011111011000101000110000101111011111011111011111011000101000101111011111011000101111011000101000101000101000101111011000101000101111011111011
111011111011000101111011000110000101000101111011000101111011000101000101000101111011000101000101000101111011111011000101111011000101000101000101000101111011000101000101000101000101000101000101
111001111001000111000111111001111001000111000111000111111001000111111001111001000111000111000111000111000111000111000111111001000111111001000111111001000111111001111001000111111001111001000111
000111111001000111000111000111000111000111111001111001111001111001000111000111000111111001000111111001111001000111000111111001111001000111111001000111000111111001111001111001000111000111000111
111001111001000111000111111001000111111001000111111001000111000111111001111001000111000111001010111001000111000111000111000111111001000111111001000111111001111001000111000111000111111001111001
001000001000001000001000111000111000111000111000111000111000001000001000001000111000001000001000001000111000111000111000111000001000111000001000001000111000001000111000001000111000111000001000
110111001001110111001001110111001001110111001001110111001001001001001001001001001001001001001001001001110111001001110111001001110111110111001001110111001001110111001001110111001001110111110111
111000001000001000001000111000111000111000111000001000111000111000111000001000111000111000111000111000001000001000001000111000001000111000001000001000001000001000001000001000001000111000111000
000111111001111001000111000111000111111001000111111001000111000111000111111001000111000111111001000111111001111001111001000111111001111001111001000111000111000111000111111001111001000111000111
001000111000001000001000001000111000111000111000111000111000111000001000001000001000111000001000111000111000001000111000001001001000001000001000001000111000111000001000001000111000001000001000
110111001001110111110111110111001001001001001001001001001001110111110111110111001001110111110111110111110111110111110111110111001001110111001001001001110111110111001001110111001001001001001001
110111110111001001110101001001110111001001001001110111110111001001110111001001001001001001001001001001001001110111001001110111001001001001001001110111001001001001110111001001001001110111001001
111100000100111100111100111100000100111100111100000100111100111100000100111100000100111100111100111100111100000100111100111100111100111100111100000100111100000100000100111100000100000100000100
001001110111001001001001110111110111110111110111110111110111001001001001001001001001001001110111110111110111110111001001110111110111110111001001001001001001110111001001001001110111001001001001
000111111001000111111001111001111001000111000111000111000111000111111001000111000111000111001000000111111001111001000111111001111001000111000111111001111001000111000111000111111001111001111001
001001110111001001110111110111001001110111001001001001001001001001110111110111001001110111001001001001110111110111110111110111110111001001001001001001001001110111001001110111110111110111001001
001001110111110111110111001001110111001001001001001001110111001001001001110111001001110111001001001001110111110111001001110111001001001001110111001001001001110111001001110111110111110111110111
111000111000111000111000111000111000001000001000001000111000111000111000001000001000001000111000001000001000111000001000001000001000111000001000111000001000001000001000111000111000001000110111
000101000101111011111011000101000110000101111011000101111011111011000101111011000101111011000101111011111011000101000101111011111011000101000101000101000101111011000101000101111011000101111011
001010110110001010110110001010001010110110001010001010001010110110001010110110001010110110110110110110110110001010001010001010110110001001110101110110110110110110110110001010110110110110110110
001000111000001000001000001000111000111000111000001000001000111000111000111000111000111000111000111000001000001000111000110111001000001000001000111000111000111000111000001000001000001000111000
110111001001001001001001001001110111110111001001110111001001110111110111001001001001110111001001110111110111110111001001110111110111001001110111001001001001110111110111110111001001001001001001
111001111001111001111001111001111001000111000111111001000111111001111001000111000111000111111001000111000111000111111001111001111001111001111001000111000111111001000111000111000111111001111000
110101110101001011110101110101001011001011110101001011110101001011110101110101110101001011110101110101001011001011001011001011110101110101001011110101001011110101110101110100001011001011110101
000111000111111001000111000111111001000111111001111001111001111001000111000111000111111001000111000111111001111001111001111001000111111001111001111001111001111001111001111001000111000111001000
001000111000111000111000111000001000111000111000111000001000111000001000001000001000001000001000111000001000001000111000111000111000111000001000111000001000001000001000111000001000111000001000
000101000101111011111011111011000101000101111011111011000101000101111011111011111011000101000101000101111011000101111011000101000101111011111011111011000101111011000101000101111011111011000101
000110111010000110000110001000000110111010000110111010000110000110111010000110000110000110000110000110000110000110111010000110111010111010000110111010000110111010111010111010111010000110000110
001000111000111000111000111000001000001000001000001000001000111000111000001000111000001000001000111000001000111000111000111000111000111000001000001000111000001000001000111000111000001010001000
000111111001000111000111111001111001000111111001000111111001000111111001000111111001111001000111111001111001111001000111000111111001000111000111111001111001111001000111111001000111111001111001
000111000111000111000111111001000111000111000111111001000111111001000111111001111001111001111001111001111001111001111001111001111001111001111001000111000111000111111001000111000111111001111001
111000001000111000001000110111111000111000001000001000111000001000001000111000001000111000001000111000001000111000001000111000111000001000001000111000001000001000001000001000111000001000001000
001001110111110111110111110111001001001001110111001001001001110111110111110111001001110111110111110111110111001001001001110111001001001001110111001001001001110111001001001001110111001001001001
111001111001111001111001001000111001000111111001111001000111111001111001111001111001000111111001111001000111111001000111111001000111111001111001000111111001000111000111000111111001000111111001
111001111001111001111001111001111001000111110111111001111001111001000111111001000111111001000111111001111001111001000111111001000111111001111001111001111001000111111001111001111001000111111001
111001111001000111111001000111111001111001111001111001000111000111111001000111000111000111000111111001000111000111000111111001000111000111111001111001000111111001111001111001111001111001111001
111000111000111000111000001000111000111000110111001000001000001000111000111000111000001000001000111000001000111000001000001000001000111000111000001000111000111000111000111000111000001000111000
000110000110111010111010111010000110000110000110111010000110111010111010000110111010000110111010000110000110000110000110111010111010111010111010000110000110111010000110111010000110111010111010
001000110100001000001000111000001000111000111000001000111000001000001000001000001000001000111000111000111000111000111000001000111000111000111000111000111000001000111000001000001000001000001000
001001110111001001001001110111001001110111001001001001001001110111110111110111110111110111001001110111110111110111001001001001001001110111110111001001001001001001110111001001110111001001110111
110111001001001001110111110111110111110111001001110111001001001001110111001001001001110111001001110111001001001001110111001001001001110111110111110111001001110111110111001001001001110111001001
001001001001001001110111110111110111001001001001110111110111110111110111110111001001110111110111110111001001001001001001001001001001001001001001001001001001110111001001001001110111110111001001
111010111010111010000110111010111010000110111010111010111010000110000110000110111010000110111010111010111010111010111010111010111010000110111001111010111010000110000110000110111010000110000110
000111000111001000111001111001111001111001000111000111000111000111000111000111111001000111000111111001111001111001000111111001111001000111111001111001111001000111111001111001000111000111111001
001001001001110111110111110111001001110111110111110111001001001001001001001001001001110111001001001001001001001001001001110111001001001001001001110111001001001001110111110111001001110111001001
001000001000001000001000111000111000111000111000111000111000001000001000001000111000111000111000001000111000001000001000111000001000001000001000111000001000111000111000001000111000001000111000
000111000111111001000111111001111001000111000111000111000111111001111001000111000111111001000111111001000111111001111001000111111001111001000111111001111001000111111001111001111001000111000111
110111001001110111110111001001001001110111001001001001110111110111001001001001110111001001110111110111001001001001110111110111001001110111110111110111110111001001001001110111110111110111001001
000111000111000111000111000111111001111001000111111001111001000111000111111001111001000111111001000111111001000111111001000111111001000111000111111001000111000111000111000111000111111001000111
111010000110111010111010111010111010111010000110000110111010000110111010000110111010000110000110000110111010111010000110111010111001000110000110111010111010111010000110000110111010000110111010
001010110110110110110110110110001010001010110110110110110110110110110110110110111000110110001010110110001010110110001010110110110110001010110110110110001010110110110110001010001010110110110110
111001111001000111000111000111000111111001000111000111111001000111001000111001000111000111111001111001000111000111000111000111111001111001000111000111000111111001111001111001000111000111000111
001000001001111000111000001000111000001000111000111000111000001000111000001000111000001000001000111000001000111000111000111000001000111000001000001000111000001000111000111001001000111000111000
001001001001110111001001110111110111110111110111001001001001110111110111001001001001110111001001110111110111001010110111001001110111001001001001001001001001110111001001001001001001001001110111
111001111001111001000111111001111001000111000111000111111001111001000111111001000111111001000111000111000111000111111001111001111001111001111001000111111001111001111001000111111001000111000111
000111111001000111111001000111000111000111000111111001000111000111111001111001111001111001000111000111000111000111000111000111000111000111000111111001111001000111111001000111000111111001111001
000111000111000111000111111001000111000111110111111001111001000111000111111001000111000111111001000111000111111001111001000111000111111001000111000111000111111001000111111001111001111001111001
110111110111001001110111001001001001001001110111110111110111001001001001001001001001110111110111001001110111110111110111110111001001110111001001001001110111001001110111001001110111001001001001
000110000110111010111010000110000110000110000110000110111010111010111010111010000111111010000110000110000110000110111010111010111010111010111010111010111010111010111010111010111010000110000110
001001001001110111110111001001001001110111001001110111001011110111001001001001001001001001110111001001001001001001001001110111110111001001001001001001001001001001110111110111001001001001001001
110111110111110111001001001001001001110111001001001001110111110111110111001001110111110111001001001001001001001001001001001001001001001001001001001001110111110111110111110111001001110111001001
000111000111000111000111000111111001001000000111111001111001111001111001111001000111111001000111111001000111000111000111111001000111111001111001111001000111000111000111111001000111000111111001
110101110101110101001011001011110101001011001011110111110101110101001011110101001011001011110101110101110101110101110101110101110101110101110101110101001011001011001011001011110101110101001011
000111111001000111000111111001000111000111111001111001111001111001000111000111111001111001111001000111111001111001000111111001111001111001111001111001111001111001111001111001111001111001000111
111010111010111010111010000110000110000110000110111010000110000110111010000110000110111010000110000110000110111010000110111010111010000110111010000110111010000110000110000110111010000110111010
111001000111000111000111111001111001111001000111000111111001111001000111111001000111111001000111000111111001000111000111111001000111000111000111111001111001000111111001111001001000000111000111
110111110111001001001001110111110111001001001001001001110111001001110111110111001001110111110111110111110111110111110111001001110111110111110111110111110111001001110111110111110111110111001001
110111110111110111001001001001110111001001001001001001110111110111001001001001110111001001110111001001110111001001001001001001110111110111001001110111001001110111110111001001001001110111110111
001000111000111000001000111000001000111000111000001000111000001000111000001000111000111000111000111000111000001000110111001000111000111000111000111000001000001000001000111000111000111000001000
111001000111000111111001111001000111000111000111000111000111000111111001000111111001000111000111111001111001000111111001000111000111111001000111000111111001000111111001111001000111000111000111
001010110110110110110110001010001010110110110110001010001010110110110110110110110110001010110110110110001010110110110110001010110110001010110110001010001010001010001010001010001010110110001010
110111110111110111110111110111001001001001110111110111110111001001110111001001001001001001001001001001110111001001110111001001001001001001110111110111110111110111001001001001110111001001001001
000111000111000111000111111001000111000111000111000111111001000111000111111001111000000111111001111001000111000111111001111010000111000111000111000111111001000111000111111001111001111001000111
111001111001000111000111111001000111000111000111000111000111000111111001000111000111000111111001111001111001000111111001000111111001111001111001000111000111000111111001000111001000000111000111
001001110111001001001001001001001001110111110111110111110111110111001001001001001001001001001001110111110111001001001001001001001001110111001001001001001001110111110111001001110111110111110111
000111000111000111000111111001111001000111000111111001111001111001111001000111111001111001000111000111000111111001000111111001111001111001000111000111000111000111000111111001000111111001000111
000111111001000111111001111001000111000111000111111001000111000111111001000111000111000111111001000111111001111001111001111001000111000111000111000111111001000111000111000111000111000111111001
111010000110111010111010111010000110000110111010111010000110111010000110111010000110111010000110000110111010111010000110000110000110000110000110111010111010111010000110000110111010000110111010
110111110111001001001001110111110111001001110111110111001001110111110111110111001001110111001001001001110111110111001001001001001001001001110111001001110111001001110111110111110111001001110111
110111110111110111110111001001001001001001001001001001001001110111110111110111110111001001110111110111001001110111001001001001001001110111001001110111001001001001110111001001001001001001001001
110110110110110110001010110110110110001010001010110110110110110111001010001010001010110110001010110110001010001010110110001010001010001010110110001010001010001010110110110110001010001010001010
111010111010111010111010000110111010000110111010111010000110111010111010000110111010111010000110000110000110111010111010000110000110000110111010111010000110000110111010111010000110000110111010
110111110111110111001001110111110111110111110111110111001001001001110111001001001001110111110111001001110111001001110111110111001001110111110111110111110111001001110111110111110111110111001001
111010000110111010000110000110000110111010111010111010111010000110000110111010000110000110111010111010000110111010000110000110000110111010000110000110111010000110000110111010111010111010111010
001000111000001000001000111000111000111000001000111000111000110111001000001000001000111000111000111000001000111000111000111000001000001000111000111000001000001000111000001000001000001000001000
111001000111000111111001111001111001111001111001000111111001000111000111000111111001000111111001111001111001111001111001111001111001000111111001111001000111000111111001110111000111000111111001
110110001010001010001010001010110110001010110110110110001010001010001010110110001010110110001010110110110110110110001010110111110110001010110110110110001010110110001010110110001010001010110110
000111111001000111000111111001111001000111111001000111000111111001111001000111111001111001111001000111000111000111000111111001111001111001111011000111111001000111111001111001000111111001111001
000110111010111010000110111010000110000110000110000110000110111010111010000110000110000110111010000110111010111010000110111010111010000110111010000110000110111010111010111010111010111010000110
001000111000001000110111001000111000111000111000111000111000111000111000111000111000111000001000111000111000001000001000111000111000001000111000001000111000111000111000111000001000001000111000
000111000111111001111001111001000111111001000111000111111001000111000111111001000111111001000111000111000111111001000111111001111001000111000111000111000111111001000111111001000111111001111001
111001111001111001111001000111111001000111000111111001000111000111111001111001111001000111111001000111111001000111111001000111000111000111000111000111111001000111000111111001111001000111111001
001001110111001001001001001001001001001001110111001001110111001001001001001001110111110111110111110111001001110111001001110111001001110111001001110111110111001001001001110111001001001001110111
111000111000111000111000111000111000001000111000111000001000111000001000001000111000001000111000111000110111001000111000111000001000001000001000111000111000111000001000001000111000111000001000
111001000111111001000111111001111001000111000111000111111001000111000111000111000111000111111001111001111001111001111001000111000111000111111001111001111001000111000111000111000111111001000111
001001001001001001110111110111001001110111001001110111110111001001110111110111110111001001110111001001110111001001001001001001110111001001001001001001110111110111001001110111001001001001001001
001000001000111000001000001000111000001000001000111000001000001000111000001000111000111000111000001000001000001000111000111000111000001000001000001000111000001000111000001000001000111000111000
001010001010110110001010001010110110110110110110001010110110001010110110001010001010001010110110001010001010110110001010001010001010110101001010001010001010110110001010001010110110110110001010
001001001001110111110111110111001001110111001001110111110111001001110111001001110111001001001001001001001001110111110111110111001001110111001001001001001001110111001001001001001001110111001001
001000111000001000001000001000111000111000111000111000111000111000001000111000111000001000001000111000001000111000111000111000111000001000111000111000001000111000001000001000001000111000001000
001010001010110110110110110110001010001010110110001010001010110101001010110110110110001010001010110110110110110110110110110110001010110110001010001010110110110110110110110110110110110110110110
111001000111000111111001000111111001111001111001000111111001111001111001000111111001111001111001000111111001110111111001000111000111111001000111000111111001000111000111111001000111000111111001
000110111010000110000110111010111010111001000110111010111010000110000110000110111010111010111010111010111010000110000110000110111010111010111010111010111010000110111010111010000110000110000110
001000001000001011001000111000111000001000111000111000111000111000111000001000001000001000111000001000001000001000111000111000111000111000001000111000111000111000111000001000001000111000111000
000111000111000111111001111001111001111001111001000111111001111001111000111001000111000111111001111001111001111001111001000111111001111001000111000111000111111001111001111001000111000111111001
110111001001001001001001001001001001110111110111001001001001110111110111110111110111001001110111110111001010110111110111110111110111110111001001001001110111110111001001001001110111001001110111
001000111000001000001000001000111000001000001000001000111000111000111000111000111000111000111000111000111000001000111000111000111000111000111000001000111000111000001000001000001000111000111000
001001110111001001001001001001110111110111110111001001110111001001001001001001001001110111001001110111001001110111001001001001001001001001001001001001110111001001001001001001001001001001110111
001001001001001001001001001001001001001001001000110110110111110111001001001001110111001001001001110111001001001001001001001001110111110111110111110111001001110111110111001001001001110111001001
001000111000111000001000111000001000111000001000111000111000111000001000001000001000111000001000001000001000001000111000001000001000001000001000111000001000111000111000111000111000111000111000
000110111010111010000110111010111010000110111010000110000110111010111010000110111010111010000110000110000110000110000110111010111010000110111010000110000110000110000110000110000110000110000110
001000001000111000111000001000001000111000111000001000111000001000001000001000001000001000001000001000111000001000001000001000001000001000001000001000111000001000111000001000111000001000111000
000101111011111011111011111011000101000101000101111011111011111011111011000101000101000101000101111011000101000101111011111011111011111011111011000101111011111011000101000101000101111001111011
001001110111110111001001001001001001110111110111001001110111001001110111110111001001110111001001001001001001110111001001110111110111110111001001110111110111110111110111110111001001001001110111
001000111000111000111000001000001000001000111000111000001000111000111000001000111000110111111000001000111000001000001000111000111000111000001000001000111000001000111000001000111000001000111000
111001000111000111111001000111111001000111111001000111111001111001000111000111000111000111000111000111111001111001000111111001111001000111111001000111111001111001111001000111111001000111111001
001001110111110111001001110111110111110111110111110111001001001001001001110111001001001001001001001001001001110111001001001001001001001001001001110111110111001001001001001001110111001001001001
111001111001111001111001111001111001111001000111000111111001000111110111000111111001000111000111111001000111111001111001000111000111000111111001111001111001000111000111000111111001111001000111
111010111010000110000110111010000110000110000110111010111010111010111010111010000110000110000110000110000110111001111010000110111010111010111010000110111010000110111010111010000110000110000110
001001110111110111110111110111001001001001110111110111110111001001001001001001110111001001001001001001001001001001001001001001001001110111110111001001001001110111110111110111001001110111001001
111010000110000110000110000110000110000110000110111010000110111010111010111010111010111010111010111010000110111010000110000110000110111010000110000110111010111010000110000110000110000110111010
110111110111110111110111001001110111001001001001110101001001001001001001110111110111110111110111110111001001110111110111110111001001001001001001110111110111001001001001110111001001001001110111
001001110111110111110111110111110111110111110111110111110111110111001001110111110111001001110111001001001001001001001001001010001001110111001001110111110111001001110111001001110111110111110111
110111001001001001001001110111110111001001001001001001110111001001001001001001110111111001001001110111001001001001001001110111001001110111110111001001110111110111001001001001110111001001110111
001001110111110111110111001001110111110111110111110111110111001001110111110111001001110111001001001001001001001001110111110111001001001001001001110111001001001001110111110111110111110111001001
001000111001111000001000111000111000001000111000001000111000001000111000111000111000001000001000001000111000111000111000111000001000111000001000001000111000111000111000111000111000111000001000
001000001000001000001000001000001000001000111000111000111000111000001000111000111000111000111000001000111000001000111000001000111000111000111000111000111000111000001000001000001000111000111000
000111111001000111000111111001111001111000000111000111000111000111111001111001000111000111111001000111111001111001000111000111000111000111000111000111111001000111111001000111000111111001000111
000111000111000111000111000111000111111001111001111001000111000111111001000111000111111001111001000111111001000111111001000111111001000111000111000111111001000111000111000111000111111001111001
000111111001111001000111000111111001111001111001000111111001000111000111000111111001000111111001000111000111000111000111111001111001111001000111000111111001111001111001111001111001111000111001
000111001000000111111001000111000111111001000111111001111001000111111001111001000111000111111001000111111001000111111001000111111001111001111001000111111001000111000111111001111001111001000111
111000111000111000001000111000001000001000111000111000111000111000111000111000111000001000001000001000111000111000111000111000001000111000111000111000001000111000111000111000111000111000111000
111001000111111001111001111001111001000111111001111001111011000111000111000111000111111001000111000111111001111001000111000111111001000111111001111001000111111001111001000111111001111001000111
111011111011000101000101000101111011111011000101000101111011111011111011000101111011000101000101000101111011000101111011111011000101111011000101000101000101000101000101000101111011111011000101
001001001001110111110111110111110111001001001001001001001001001001110111001001001001001001110111110111001001110111110111001001001001001001001001001001110111110111001001001001110111001001001001
001000111000001000001001001000111000001000111000111000111000111000001000111000001000111000001000001000111000111001111000001000001000001000111000001000111000001000001000001000001000001000111000
001001110111110111001001110111001001110111110111110111110111001001001001001001110111001001001001110111110111001001001001110111001001110111001001110111001001110111001001001001110111001001110111
110111001001110111110111001001110111110111110111110111001001110111001001110111001001001001110111001001001001110111110111001001110111001001001001001001001001110111001001110111001001110111001001
001011001011001011001011110101110101001011110101001011110101110101001011110101110101001011110101001011001011110101110111001011110101001011110101001011001011001011001011110101110101001011001011
111000111000001000111000001000001000111000111000001000111000001000001000111000111000111000111000001000001000001000001000111000111000111000111001001000001000001011111000001000001000111000001000
000101111011111011111011000101000101111011111011000101000101111011111011111011111011000101111011000101000101000101111011000101111011000101111011111011111011111011000101000101111011000101111011
111111111110111111000001111111111111111111000001000001000001111111000001000001111111000001000001000001000001111111111111111111000001000001000001111111111111111111000001111111111111111111111111
001000111000001000111000001000111000001000111000111000001000001000111000001000111000111000111000111000001000111000001000001000111000001000001000001000001000001000001000001000111000001000111000
000111111001111001000111000111111001111001000111111001111001000111000111111001111001000111000111111001000111111001111000000111111001000111000111000111000111000111111001000111000111000111111001
111001000111111001111001000111001000111001000111000111111001000111000111000111111001000111000111000111111001000111111001000111000111111001000111000111000111000111000111000111000111111001000111
000110111010000110111010111010111010000110000110000110000110000110111010000110000110000110111010000110000110111010111010000110111010111010000110111010111010111010000110111010111010111010000110
111001000111111001000111000111000111111001111001000111000111000111000111111001000111000111000111000111111001111001111001000111111001111001111001111001000111000111111001000111000111000111111001
111000111000001000001000111000001000001000001000001000001000111000001000001000111000001000111000001000001000111000001000111000111000111000001000001000110111111000111000111000001000111000111000
000110000110000110000110000110000110000110111010111010111011000110111010000110111010000110111010000110000110000110000110111010000110111010111010111010111010111010000110000110000110111010111010
111000001000001000111000001000111000001000111000001000001000111000001000001000111001001000111000001000111000001000111000001000111000111000001000001000001000001000001000001000111000111000111000
110111110111110111001001110111110111001001001001110111001001110111110111001001110111001001110111001001001001110111110111110111001001110111001001110111110111001001110111001001001001001001110111
110111110111110111110111001001110111001001001001001001001001001001001001110111001001001001110111110110110111001001110111001001110111001001110111001001110111001001001001001001001001001001110111
000101000101000101000101111011111011000101000101000101111011000101000101000101111011111011000101111011000101111011111011111011000101000101000101000101111011000101111011000101000101111011000101
110111110111001001001010110111001001001001001001110111110111110111110111001001110111110111110111001001110111110111110111001001001001001001001001001001110111001001001001110111001001001001110111
000100000100000100111100000100000100000100111100000100000100000100111100111100111100111100111100111100000100000100000110111100111100000100111100111100111100111100000100000100000100000100000100
000111111001111001000111111001111001111001000111000111111001111001111001111001111001000111000111000111111001000111000111000111000111000111111001111001000111111001000111000111000111111001111001
001011001000001000111000001000001000111000111000001000001000001000111000111000001000001000001000111000001000001000111001111000111000111000001000001000111000111000111000001000001000111000001000
111010000110000110000110000110000110111010111010111010111010000110000110000110111010000110000110000110111010111010111010000110111010000110111010000110111010111010111010000110111010000110111010
110111110111110111110111001001001001110111001001001001110111001001001001110111110111001001001001110111110111001001110111001001110111001001110111110111001001001001110111110111110111110111001001
110111001001001001001001110111001001001001001001001001001001110111001001110111001001110111001001001001110111001001110111110111110111001001110111110111001001110111001001001001110111001001110111
