00010000111100101110100101110110111101001100001
00000000110010100011010101010000001100100110010
00100001001100000100111011111111111101011011010
00010000111001100101111110111110000111111011101
00010000111111100010011100101011111110110000100
00000000000111101000111111010001000111111001101
00000000110110001110011100001010010101010000011
00011000110011001010110101110110001111000101110
00010000110111101011001001001101101010001100111
00011000110001001111101100111000101100110110001
00010000111001001100011101111110000100000011110
00011001001001101110111100011000100000111001110
00001000101001000111000010101111101000010010100
00011000110110001111011101001001000001001101101
00000000110101011001001100110111010011010001101
00000000110010010010111010010000010100111000111
00011000110011001101001100011110100011000000000
00000000111010010001010010100001101101111101101
00001000110010000100100010111100000001110110011
00000001000000111000011101101111001110101110110
00000000110000000110011100010001000000111000110
00000000000001001111111110000110001010011011110
00011000111010100101110001011011000110111011101
00011000111000000001011111100001011001110110001
00110001100001111100101000001000011001010011101
00011000110110110110110001101010001001101100101
00011001010011001101110100100111101001011011111
00100001011100000110110100011011011011111000101
00000000111111000111011011010110001011100101000
00011000110000011001100011000111000010110100001
00001000110100110111000100100110111100010110001
00011000110001010111100000001000000010101000111
00011000110110010001001111101011011000011000110
00100001000010101000010100000000100000101101011
00000000010111011011011000111100100111010111110
00011000110100010101011011101011110101000110001
00011000110101011111110011010010111100011001011
00011001011100001101100111100110001101001000011
00010000110011101010111110001100000100101100010
00010000110101001101001100010001110000010011011
00000000101001111110001011101110100100011110001
00011001010011111100010011001110011101010100100
00001000111011110100011101100101000111111001110
00010001001111111010110101110100000110000100100
00101001100101011100010000101011111010100111110
00000000101001110100010110100010010110100000100
00011001000101110110101111001100101101010001011
00000001011101001101000011000011001010110101001
00010001011011111011000000010100111001100100110
00011000110011101110110000110101010011101010010
00011001011101001111101010100011000011001111110
00001001000010100000010001001011100101001011100
00010001001101001010001111100101010010010011101
00011001000100110010011000001110011100100001110
00011000110011110101110100101110010001000010111
00010000111011010001110011110110111111010001011
00001000011011001001101101001111001100101100010
00010000110010110010110000001100000010100100100
00001000010110100111110000001101001011110111101
00010000111000010110110111111010000011010110111
00001000011010110100000000000101011010101001000
00011001000101010100011000001110110011101100011
00011000110001111100111001001011010001011110000
00011000110010100111100101100101001000000001111
00011001010010010111011111101101101111110010010
00011000110001100000011100001111001011110110000
00001000111101110100000000101010110110110110010
00001000111010001100111101000100111011000101100
00100001000000011100110001010100011010110001011
00011000110110011101110111100001100010100100100
00001000110100101111100100110110001100100101001
00100001011101110110111000011001100010111000101
00100001000001011110110101110111110011000111101
00011000110011001001110011111100000100100111111
00011001000000110101001001111101001100110001111
00011000110000111001100111010011100000010011011
00001000111110000101100101011110011111011110101
00011000110010011000011101001101111011110011110
00011001001110001101111100001010011010010100011
00011001000110010001000010000010111010100111101
00010000110110100100001110111100100001010011100
00011001001000100110000001000111100001000110101
00101001011001000100111001101111001001000110011
00010000110000100011001101001001000111001010110
00000000110101110001001000001101100000011100000
00000000110111001010000000110101110110101110011
00001001001111110100010010101000001111000000011
00011000110101100111100010100110000101010011100
00001001010011011100000001111000111110111011111
00011000111000100010111000100001001000111101110
00001001001000010111001100101111110011111110101
00011000111000010010111101000010101001001011000
00010000111011011000010000000000001011010101111
00010000111100111100100000001111110011010111001
00000000000000101110111101111101111001111001100
00010000110100101011010000010100110101111100101
00001001000110100111010110100101101011001111010
00010000110111101111110101001101000010100100110
00000000110011100010010101100001101101101001111
00001000111001001000101111110011110000100010011
00011001001001011011001111010110100110010001000
00011001011010100011000010110111010010101111010
00010000111101001110001100100101110101100010101
00010000111011011000011100101100110100100110110
00011000110001111000100111101100111011010110111
00010001000001010111011010010101110010110011100
00011000110000110100011111100001011011100001001
00001000010110101111111001111001011111011111110
00010001010001110101110011010111111010110110111
00011001001110000001011111001110011010000011000
00000000011110001101111110110010011010011110110
00001000101001110011111100101011011010111010110
00011001000101111110101000001010011011000010001
00011000110000011001101110001010010110101111001
00011000110000111000010100110011101101010000111
00100001011100011100011110011101010110111000100
00011001011100111011000101101110111100110000110
00011000110000100010111100100011000111111011000
00011000110010111111111110011111011111011001010
00011000110001110001100101010110111001101001010
00011000110011011001000111000011011110000011000
00011000110110001000001000000000000101010110001
00011000111001110101000101110100010011001000011
00010001001110010100011100110000110001011010010
00010000111001110101011101001110101111011110111
00010001011101010001100110010011111110000001101
00100001000001111011011110010110001100000111110
00010001001010010011110010001101100110001111101
00011001101111011111001101101101110110000011101
00011001001101111011110101110101000010101101111
00000000001011110110111100001001001100010100010
00001000010001001010011001000100100010001000001
00011001000000110111010110111011000001111011000
00000000110101100110001011010010000000101000100
00010000110111000001001100001110111011111100111
00001000111110111001100111001101011001011101001
00011000110010100101001101100011111000111011011
00001000111000101011010011001011000000101011001
00011001010011011000111111000101011101010100011
00000000110110000100111100000000011010110100001
00001000010110111100011010110101101000101101000
00010000110011110101000001110101110100111001111
00101001101000010101010111110010111100010111110
00000000110010100011111101001110001111011001101
00011000110100111011001001010110000111111111110
00011000110000110111111101101110000011101000010
00101001011010111000110110111001000011010000010
00011001001111001000110010010010100001101000101
00001000111111100011011011000001010101111110100
00000000100011000001010101110001101110001001010
00100001011001011000001011000000001000000000011
00011001001101010110000110001000110111011111011
00011001001110111100101100110111101001011000101
00010000100100001110111010000011111011110100001
00011000110100011110000010110010101110011001111
00000000010001101010111010100001000110101100100
00001001000010011101100110001100110101000010110
00010000110011100001111101110110110000101111111
00100001000000110000111110010111001101011101001
00011001001000011100110011011110000000010010100
00100001011101000001100000111010110010101101010
00010000110001111000010101110101111010001101000
00010001000001001111011111011001101001101100000
00000000010010111101100111000000000010010100011
00011000110011111000001111000101111110111101101
00000000111000001000111111111000101100101110100
00000000000110001110011001000000100100001111011
00011000110110101001100010010010111101110010011
00011000110010010101010000001100100011001100001
00011001011100111001100110100000101011111011001
00010000110101010110001000111000011010010010011
00010000111010110101011110011101010000110111100
00001000101101110111010010100000001000000110011
00001000101100100100011110000101100101000000101
00000000110010001100100010001001010101011100101
00011000110000101111111101101010010101001100010
00010001011101010000010011010110010010010100010
00001000010001000010111010010100011110011100101
00010000111000000010001101110110100010111110010
00010000110010000000101001000100000111101100110
00010001001001101010100000011110000011110101111
00011001001001111001110010111010110101101111010
00011000111001011101010100110000100100000000000
00011000110000110000100101101010111011111101111
00011001010001110010111101100001111111101001101
00000000111011011111001001000010111110101011111
00010000110011110010111100001010110000110011011
00101001101110111111010011011100111101011110000
00011001001000100001111101111010001011110110111
00011001011101110011001101000100111111111010111
00100001000011100111100001100100001100011111110
00011001001111010011101101101111100111101000101
00100001010110110010000010101011100101111111011
00000000101010111101111010000000000101100011100
00011000111011100101010110011010110001001011101
00001000100111010101110101000111000000100001011
00011001010010101011001110011011101111011010101
00010000110111100110011100101000010001100101011
00011001001010000011011000101110111101000101111
00011001000001001010000100010100010011110001111
00000000011101110100101011101000100110010010100
00011001001011101000101000000111010010111011001
00000000110011010110001100001101000101110011110
00011000111010100000111010010111011000000101110
00011001000101000010011011001110110110110001010
00010001001111111100001010101000111110001010101
00000000011100001111011001100001100000010100101
00011001001001000011011010100110101000011111100
00011001000000000010100010011001010000100000101
00100001000001110101010101110101001010101001010
00101001010101110010111111000100100101100101111
00011001001010100010110010000000111100000010100
00010001000000011110100111001011101101110110100
00000000110000110001110100101110000011100101000
00001000111011110101011001100100110101000101101
00011000110001111101010110011110010110101011000
00011000110100111010111111001111000010110010100
00011000110000110101010101100111000000111100110
00010000110111001010001101001110101011000110000
00000000010111111100111110111101011001010001011
00001001000001011110001001101000000011010101001
00011000111000001010010111100100000010100011011
00011000110000101101011111000100101110111001100
00001000110010111011001101000011111110011111111
00001001011110111100001010100101111111100100101
00011000110011110000111111000111100010110010111
00010000111011110110001010001111011110001101000
00000000110000101110111011100011001011010001000
00000000111010011101110110011110100010001010011
00000001001111000011000111001100111100110111000
00011001001011000010011110110001011001111011110
00100001010101101110001010011101011001111111110
00011000110000010011010101010010001000001010100
00000001101101101111001110111111010000001011010
00000000110000001111011110111100110100011100011
00000000111101111010100010000011000001001010111
00001000110010001100001101111001001110010011001
00010001100100000011010101101110110010101011000
00011001000110010101011001001110101110101101010
00001000101111000100101111100011011001011111100
00011000110010101110110000011000000001101110000
00010000110100000100001001100110010111110001100
00100001001001000011010010100110100011001101001
00011001001001010001110000001101101001111011111
00011000110001011110111111101000100010111011001
00001000100001110000000101110100101011110100001
00001000010110110001001110000111000001111111010
00001000101010001110100011100000000001111100110
00010001010111110000011010011101101001111110110
00100001000101010011111011100010000100011110010
00011001010000001010101011101000100101100011101
00010000111101110010100111001101000111001001101
00011000110101001111110110000010011100111001101
00100001010011110010100001010001000011110000000
00101001010010010101110101011001000101001111101
00010001001111000111000011111101001011101001101
00100001000111100001110100100101110100110110101
00011000110100100110011100100110100100011111100
00011000111101101100001001101100111000000011101
00000000100011000011110100011010010100110001100
00011000111001101011000011111011100010011001111
00010000100011000011100000001001011100100111100
00010000110010100010110100101111110100000000011
00010000101000000100001011000110101011010100000
00011000110001110001001010001111001111110110011
00011000110000001110001100111100110110000110001
00101001010001000001110101001111100111110001110
00000000110101000111010100111001010110111011100
00011000110110101110101100000110111001011111101
00100001000100101001011100000111100011011111110
00001000110000011111011111110100011000010110000
00100001000001011010101010001000111111001101101
00011000110011001101000101001000100101111010111
00011001001110011110111100101011100101010010100
00011001000111000000010101010000110101110111100
00011001001101111011111111011011100111011101000
00010000111101011110001001101101111101011000010
00011000111001000111011100100100101010110111011
00100001010100111101100111011011101110011010100
00010000111100111011011010111101110110000111111
00011000110110011110001000000100111010011000011
00001000101100011010000000011100111111011001011
00011001000000000000010001010000100001100000000
00011000110111111101110110111110011101100000011
00000000110000100111101100101010111100100100001
00001000111100000011000011011111101111100110010
00001000101011011111000110010001100100110101001
00011000110100100101000000001111110000010000010
00011001001000010001111001101111111010100001111
00010000110001110000111001011111010001010110100
00011001000011011110010111100110011101111111100
00011001000100110011100100000000101000111100100
00011000110001110000010110111100100110101001110
00001000101001000101111101111011100100011000011
00010000111000010101000001001011100011100110010
00011001000111001101010101100110111100011010101
00010001001110010101000101000100110011111100011
00011001000111110110111010000000110111010101111
00011001001000101110100010101011000001001001101
00000000110110000110101011001100001111011110101
00011001001110000101110111111001101000000101111
00011001001011101101011010111111011000110000101
00011001010101010100011010111111111001010000000
00011000111011001001101000111001011101011101011
00001000111011010101011011010000101110010110111
00000000110001011000111011001111000100100010110
00011001001110000100110100011111101101010111111
00011001001000111001110000110010110111100010001
00011000110000000111011001101010001110111001000
00011000111010101100011001010011100101001000000
00011000110111100110011000101001000101100011101
00011000110100110100011110000001110110101101001
00011001010010101110100101110011011011101100010
00011001000000111000101100100100011111011100001
00001000111111010110011000011100010110001111100
00010000100010000101000101000111100011001011001
00000000001001101100010110111111011101010010011
00001000111100100010000011110010001010011101011
00011000110101000011111000010101100110000010110
00011001000101111101001110011111100010111001110
00100001000010010110111011011110011011100110111
00000000011001101110100001100111100100110110100
00000000010010010011111111110001101010001111010
00011001000011011110011100011010111100100000111
00100001000101101111011110101111001011100101111
00001000111010011001010110100111101000111011101
00110001100000110101011111000010000100001000100
00010000111010001010111101101010000010111101101
00010000110111110110011001110110100001101110110
00011000110000111110110111010001011011111010001
00001000110010110100010101110110010001001000110
00000001000001111100110100110011001011100111001
00100001000111011010100010101001001010100011010
00011001000011000101001010001011100000100110001
00010000100111001111111101010011011111111101110
00011000110001101000111101011010000011011010110
00100001011101000001100011001111011010101111110
00011000110010001000010010000110110000101111101
00011001000010101111111110101010010111010011001
00011000110110000011011010001111011101001111111
00010000111011001001111100111011111101111100110
00011000110001101000101101011101111110000011110
00000000110101110010101101011000001010001111001
00011000110101101111111110111000111001011011000
00011000110011100110000101101101011101011111100
00011001001001000111010110100011010100011100110
00011000110001100100100101110110111111011010001
00100001000000100101001111110111110100000110011
00011000110010100100110100111010010000100000000
00100001000101000001100110000110000100011000111
00101001010011001101111101000011011101011100111
00010000101011001100000001110000110010111101100
00010000110010000101110101110111001011110111111
00001000010010100110011101001111111010101001001
00100001001011110111110000111010011001011000111
00000000010111111001010100110011000010101100011
00011000110101011110000001110111000010110101001
00011000110011101010101011111111010100101010100
00010000100111001110000100010000111010111111100
00011000110001010011101011101101000100011110011
00010000111010110111000000111010010111110011011
00011001100011101000111110001000000010110010111
00001000110001100101011001011111101011101101101
00011000111000001000100100101000010000010110111
00011000110000010110000001111100001000111011011
00010000110111110100011111011111001001100111000
00010000110001110100101111001011000001111010001
00010000111110010001011101101011001011011010000
00011001011011000000011100011101101110101110010
00001000101000011001110100101010011001111011010
00010000111111010101101110101000011101000001000
00010000111001110111000110000000110011100001110
00011000110010101111001010011010001001011000111
00001001011111100000011010011101110000011011100
00000000111110000100110101000100111100101000110
00011001001100011011010000111011000010000000111
00010000110011110000100010111110110000101110101
00100001000111011000110011000111010110001011001
00010000111111110111101011011111110100101000011
00011001000111110000111110010110100000110110011
00000000110111010110010101010010001101100010100
00010000111010011110111010100000000000011101100
00000000000001101010001101101010101001101111011
00011000110001010000110110001000011011011011011
00011001011011100001010010000100101010010111010
00100001000010100000010000101010001010000100010
00000000011101100101000011011110111011001000000
00001000101001100001000111000110101110010000010
00000000101011011000111010010101111000011010100
00001000110000110110100101111100000100000101111
00011000110011110110101110000010001110011101010
00010001001100001100001011011010110110001001101
00100001000010011100011000001000111111111011001
00001000111011111101101110001011111110011000100
00100001000000011100001111110110001001000100110
00010000111110111000100011111011111011101100101
00001001001000111110000001110001011011101001010
00011001011111111010011110011010100100100100011
00010000110000101001101100110100110010000110001
00010000111100111111001001100101010101101111101
00000000101010101000001101010111001001100011010
00011001000101010000110000000010101001001001100
00101001010101000111101101101100111100111000111
00001000110000111001010001010110100010110100100
00011001011001011010000110011010010101111011110
00010000111001000010011100101011110000010001011
00001000010100010101111011000011111111100101100
00011000110010111110110001101101100110111010000
00011001010110100101110001111001000010110101011
00001000110110111001111100001011110000000000011
00011000110100011001101010111101111001111100111
00011001000111100011101100010011111111110000101
00011001001110111111011000001010111010001110110
00010000101100100011011000101100000000001111001
00010000110101110110110000110001001000000000001
00000000110001000001111011011011101001010111010
00011000111100001110001100101011011011100100111
00011000110110100110011101001000000100000100001
00010000111010000011011100110101011100101001100
00011001011110010010100101010000010100001110001
00011001001000001100111111010110010110110100111
00000000100000110001100110000100100101011111101
00001000110100100000110001011111010111000011011
00011000110110111110111101100100110011110110001
00010000111110100110111111011100010100011101111
00011000110011010111100000111110011110111001000
00011000110101011110011000010011101000111110101
00011000110100110100111011011101000011110111110
00000000000111001000110010111011001111110011010
00001000111100000110010010001011001111010100010
00001000110100000001111110000100101110101101111
00001000101010000010011000111010110111011100111
00101001101011100001010010010011100111001100110
00000000101011000010000011011001010010000100001
00011001011000101011100001101100101110110110000
00100001000000110110001000111000100011001101111
00100001011101001100000101110100000001001100110
00100001001000101111010011101010001001001010110
00011001001010110110010110010001111000010100100
00101001010000010010111110011101001001011000001
00100001011010110101000000000010011001010000110
00010000111100011000101101101011101001111010100
00001000110001100001011011000101010111110110010
00011001000110110111110101110000101010100110110
00011000110111100000010010110100010011100011001
00010000110011101010011101111100000111000111101
00001000110001111100101001000101011101110010111
00010000110111111011011011010001110001110101100
00011000110000011011000101011101101110111011001
00010000110011111000101001010111100010111011101
00100001000000110111000000100110100001001011101
00000000110101011000110110100110000010110000000
00011001001001001101000100010001000110110110110
00100001011111110110001001110000011100000100111
00011001010001011110010000011101110000100001100
00001000110101111100000100001100000100111000110
00000000111101101111100110000100100000110011010
00001000010001010111011100000000010000010011100
00010000110110110111000101111010101111110111110
00010000100100011111111000110110111100001001101
00000000110000110010101000111011110111101000000
00001000110001010010010110010011111001011111111
00001000010010111001100101111111011111110101010
00000000111011110000111000011110110000010011100
00011000110011110011100101001011101000100000110
00010000111010010001110010010001011000110101010
00010000110011101101010100111111001001010001010
00011000111010010010000011101111101111100111011
00011001000101100000001101010110100111000111001
00101001010101100110111000001111100100010100111
00011000110010110000110001110111111110011000101
00000001001110101111111010000000101110110011110
00000000010001100001011011100000100011100110110
00010000111110110000000000100101111110100101000
00011001001100101110011101110010111010010011010
00011000110011010001000001001011110011101100001
00011000110100110010010101000111000010110000001
00011000110111011111110000100001010100000011100
00001000110011010110001111001101001111110101101
00010001101010111111100011011001010101110111100
00010000100011010011000101110101111000110000000
00100001000000111101101001001101010100010110001
00011000111100000010110000000111000010001000000
00011001010001001000010001111011001101001001001
00100001000101000111001100010111010010111111001
00011000110011011000011111011100100111110011011
00011001011100110111010000101011000111010111110
00010001000100110010100001110110011010101011010
00011000110010101001000010101101100101111010101
00010000100010011110010100100101100101011110011
00010000111101000101100101100001111000011101101
00000000011101101110011001111010001010111110101
00010000100000111101110001001000011100010101111
00011000110111110101010011010000101101111111010
00010000101001110011001001100110100101111101110
00001000110010101001101101110111010110111111101
00011000110011010100011111011101100100100010001
00100001000010001011100111101111000100001101110
00011000110001000110111110110101101000110000100
00101001100001011111110001010101111010000011100
00100001000000101101010110110101010100111111000
00100001010010000010011010010101100010100101110
00010000111000000001011111101100010101010111110
00011001001101111110011101110010100011110101101
00000001000001111011000111101110111000001001001
00011001000011011101110111000000111001000011111
00011000110010110010001100000111011111001011100
00010000100000011101100111001110110000110001101
00011001000100001111100001110111000101010001010
00011000110000000001101101100110010101001100001
00011001000101001110111110101011010001001011010
