00000000000001010000111001111111110101000111100
00000000000000110000001101001001010110110011100
00000000000000110010000101010011011010001101101
00000000000000011100100111111110100111000011111
00000000000000101010000001011010010011011100100
00000000000011101010100111101100001101101001110
00000000000000100111011010110110101000100101011
00000000000010101110101100101010011000100000001
00000000000001001110110010100101101111100100000
00000000000000101000010000110111101111111001001
00000000000000010110010001100111000100100011100
00000000000000011110100111111000100001110110010
00000000000000001101010111001010001011100101100
00000000000010010010111110101010001100010110010
00000000000000111000000111001000001010001101101
00000000000000010011110010010110100110010110110
00000000000000011000011100011100001000101101100
00000000000000010100110100011010010111100110000
00000000000011011000100000011110010010101111111
00000000000010001001110001110010011000111010100
00000000000001010110001001011101101101001010100
00000000000001011011110001001001000100011011111
00000000000000101011101101001100101011011100001
00000000000100101001111111101000110110100010100
00000000000000000001010001001110011010011011000
00000000000000000111110110001111000010010111011
00000000000000011001010000101010110001001000001
00000000000000100111110100100001110100000001100
00000000000000010011000001110011100001010010111
00000000000000111001110100100001110110100000010
00000000000010100110000111011101010111110001001
00000000000000011010110101000000010011001011111
00000000000000001000100100101111100100110101000
00000000000001001001110011110001000101010011100
00000000000010010010010101011011101011000111001
00000000000000111110110010001111000010010111111
00000000000001000001011000111110100111001110000
00000000000010101010001101011000100011000011000
00000000000000011001011111110100011111011110010
00000000000000001000010100101110101001101110011
00000000000000110000101010000001001101000010111
00000000000010001110001010001110101011000000011
00000000000000000100010101110101010010110011110
00000000000000001100001000001101001010000011110
00000000000001100000100101001011110100111011001
00000000000001101001011110111001101101100111101
00000000000000001000001011101101101000101001110
00000000000001101100110001011010000001011101001
00000000000001100100001101000111001110111100011
00000000000001111000101011110010111001000000011
00000000000001011101100110010010001111110000011
00000000000000010010010010111000011010101101011
00000000000000010000010100000110101001010011110
00000000000000110001010010000001000001011000100
00000000000000110011010111111011101100111000001
00000000000001100001100100000101111110111001101
00000000000000101010110101000110000010010111100
00000000000001101010011101110100000001101100001
00000000000000011100000001001101101100101111101
00000000000000000101010010100101010000011111111
00000000010010000011001011001110011011011011111
00000000000011101010101110011101010110010101100
00000000000001001100011010110110110011011101100
00000000000010100100111101000000111010000110110
00000000000000101001000010010111001100100111011
00000000000000000001110101001101101100111011001
00000000000000011011110010000011011101000000110
00000000000010100001000001110111111101000011100
00000000000000110010101011111011010001100000010
00000000000001011010101011100001100110110111100
00000000000000101111000010100010111100100101010
00000000000000001010111011110100101111011000100
00000000000000000001101000000000001011111100111
00000000000000001110001001000011011100001101000
00000000000010001010010111011110100110001100101
00000000000000101000010011001001000110011100000
00000000000000000110010011101000001000110100100
00000000000000111000001000101001001010101000001
00000000000000011011110100011000111011000100101
00000000000000011100101011110101101000011011011
00000000000000000100010101011110101000111110110
00000000000100110100001001010101010111101011100
00000000000010011010010101111110111001011110010
00000000000001100010110110110010000000110001110
00000000000001000010110011101110111111000000101
00000000000001000010001100100001110001110110111
00000000000001011110101100010001011101101000001
00000000000000010011110000110111010011011101000
00000000000000000000110111011101111001111001011
00000000000000001101000111101011110011000001111
00000000000000001001000001011001010001000001010
00000000000000000011001111101100010111111101011
00000000000101001101111100010100011010101000011
00000000000000010111001110000010001000110110101
00000000000010111110100000010111101100100011100
00000000000000001000010100101011001010101010010
00000000000000110011100100110001000110111100101
00000000000011100001111010101101000001101011001
00000000000000110010110101011101111111101011001
00000000000001010101111000110010000011011000001
00000000000000000100010101011011100000000101001
00000000000001011110110101011111111001001000000
00000000000000001111110001101000101110001000111
00000000000000001011111000101010000111000101111
00000000000111101000110000001010100010011111010
00000000000000100001101010010110101010101000101
00000000000000010001111010011110010001110011010
00000000000001011100100001101110100101000101010
00000000000000110111111100100001010111100110111
00000000000000011011011111001101000101100110110
00000000000001001111000100110011000011111011000
00000000000010111101010111111111110101100100000
00000000000001001111101110101011111110001100011
00000000000000010010100000101001111010001111110
00000000000000111001111100111100000010000000000
00000000000000011110101100100011000011100101000
00000000000000010001101110001010110001011000000
00000000000010000001100100100000101111011001010
00000000000000101001001100110101011000101110111
00000000000010001011110110011111000010001101100
00000000000000001110010010111010001011000011110
00000000000001101100011111011010001000100101101
00000000000010011001001101100101011111100010111
00000000000000011100010000010000110110110011000
00000000000100100010001000001001011101000111000
00000000000000101001001110111011100011001101101
00000000000000010111001101011000000001001110010
00000000000000010011011001100000111001111001000
00000000000000110100010110000011110100011001001
00000000000010001010111100100100100000001100100
00000000000101000010100001011010001011110011000
00000000000010101010000101110101110011001000101
00000000000000011001001101100010001101111011111
00000000000000111011011001000000000001000001000
00000000000001100001110111110001111100101001011
00000000000000011000010000011110001101100100110
00000000000000110100101100110110111101000011000
00000000000000100110111101110111111101101010011
00000000000000001111010000100111101110100010110
00000000000001110110101111010000010001000110000
00000000000000110011110011001110110011100100011
00000000000010101000110000000011000001100000111
00000000000000010111101011010110100111001001100
00000000000101010010101100011111011001100010111
00000000000000100010111000110111011101100010101
00000000000000111101101100101101111011001010110
00000000000000100010100100010100110010111101011
00000000000011110001101011111001110101010101000
00000000000001010000110001101100110001111010101
00000000000101010100111011010001101110100001111
00000000000000011111001100010101011110011001000
00000000000000001000110101000110010100110101001
00000000000000110111111010000111110110111110101
00000000000000001001010001110011111110000101100
00000000000000001011101100110011011100101111000
00000000000000011010101111001110011100011101111
00000000000000011010000001111010111100011001011
00000000000000011011001001110001000111110010011
00000000001000010110001110010011010001101110100
00000000000000110011110011101100110001110111011
00000000000000010001100001000000110010101100110
00000000000000101001000001011100010110011111111
00000000000001100011100101011000000011101000011
00000000000000010001111111100011001010111100100
00000000000000011011100100000100100100011101000
00000000000000011111100101101010111100010100010
00000000000001001100100000110100110000000001101
00000000000000010000111100110010100100100100100
00000000000000101001001001100101001101100100010
00000000000001111001111111100110001111100101100
00000000000000001001110111100000111111111100001
00000000000000000001000100000111011110011011110
00000000000010100010001100010001100101111011011
00000000000010110000110100011101101011101010110
00000000000000101000110000010000110100000110100
00000000000001110000001001100101010110100100111
00000000000000000111101000100110111011010001100
00000000000000010010111100011010010011100001100
00000000000000011011011110010010111000000110110
00000000001000110101010100011010100111001100001
00000000000010000000000010010010101100010101011
00000000000000011011001000100100110001000001001
00000000000000101001110001011100100101100011010
00000000000010000000000000101001011000011001001
00000000000001000110000011101011111110001100011
00000000000000000001110100011011011010111010100
00000000000000111111001001011111110010011000100
00000000000001111010100011000110011001010110001
00000000000000000011010000011101101111100101000
00000000000001110011111010110010110101010001001
00000000000000000111011100111101111010010111100
00000000000000000000110111001001000010010011100
00000000000010000001111111110100100010000110001
00000000000000000011111011111001110111001101000
00000000000000100010100001100111100101110100111
00000000000000011100100011110001011011000110011
00000000000001010011010001101111100111110101011
00000000000001101000110100100100001011101111011
00000000000000000010000011010011110010100001001
00000000000001000110110111111101011100011000101
00000000000001111100111001001011110011111001010
00000000000000101010100010011000001100101000001
00000000000000110001111000011110100101100001111
00000000000000001010001001011110000011100101001
00000000000000111001101011110000001001000100101
00000000000000010100010101100111110011011100111
00000000000000011111001111001111000100111101111
00000000000000010001101110111011110011100010111
00000000000101100110011011101110101000100110000
00000000000000011001000000000010111111001111001
00000000000010110011001011010111000011110110011
00000000000000110010110001001111010010101010110
00000000000000110001010001010000100100101010111
00000000000000001111011001110111110000000010010
00000000000010010111010011110010011010101000001
00000000000000000111010011101011000010111111101
00000000000001011101011000000000000101010100100
00000000000001101101101110001000100101111101000
00000000000000111010111000110110010001111100001
00000000000000110110010000111101100010110110010
00000000000000011110010101001101000101100101011
00000000000001100001000110011100000111100111110
00000000000000000100100011011110011011111010100
00000000000001011000111111111000111011110101101
00000000000001000110011000110110111000011111111
00000000000000011011110010110110101101010010010
00000000000000100010011100111000011111100110011
00000000000001111011011111000011110100110100100
00000000000000101011111001000001000111000011011
00000000000001100111011001101100010110001000101
00000000000001101011100010001001110101101101010
00000000000010001111010011110001000101001011101
00000000000000110100111010010010111110011111110
00000000000001011101001111110001001011100110001
00000000000010011111101010001010010010001100001
00000000000000010000110110111000101011101001011
00000000000000100111011011001001001000101111011
00000000000011100110000100101000000001100100101
00000000000001001110001100011011011001011001100
00000000000000001110101000001100001110001101001
00000000000001111110000000110001011010101000110
00000000000000101011110110101010011101000100111
00000000000000001011011100001111110010010001010
00000000000000000001100010000001100010110000101
00000000000010110001111111000001110111010001001
00000000000000101011000111010101011000001111110
00000000000000100100111111000011010000111001101
00000000000000010100010001110100101111100100011
00000000000000001101111001111110100110100010111
00000000000000010110010100001001001110110000100
00000000000000001010001001111010000100010001011
00000000000011010110011110110010100111100101101
00000000000000010110111111110111000010011101101
00000000000001001100111011100110101110000011010
00000000000000101111110111010111010111011010010
00000000000000101110110010000011010100011011100
00000000000000101010111000000001100000010001101
00000000000011111011010110111011010111110111010
00000000000010101000001001011000011000100111001
00000000000001011101000000011001100001010010010
00000000000000101100100010100110011000111010000
00000000000010000000101000010101011001110111001
00000000000000110111110001110010000101101100111
00000000000110010010011111100100000000000000111
00000000000000010011101101001100000110011000000
00000000000000110100110101001011100000001101100
00000000000011001110000011110001100100100101110
00000000000000011110000011100000110111110111000
00000000000110010000010101010001010000100110101
00000000000001110101110101001100100111001011101
00000000000010110111110000101100111010010000010
00000000000011100011101001001000000010111011110
00000000000000001101001110001110100010011110100
00000000000000110111010101101010010011001010011
00000000000000000101110010110011001110101100010
00000000000000001100111001111100000001001001111
00000000000100001101011011001110101100111110110
00000000000000101011111010010010111111001000110
00000000000010111111010110110110100011010011000
00000000000000011100000111010001100101001111000
00000000000001001111100010001010110011111010111
00000000000000111000110100000111001000010111110
00000000000000000111100100110100001111000010101
00000000000000010100011010101110100101110011100
00000000000000101000010010000101010111110100001
00000000000000000110010110011011000100010110100
00000000000011110111011001010001111000111110100
00000000000010011101110111010010010110000101111
00000000000000001010100110000111110000110111110
00000000000000001010110101000011000011111101111
00000000000000000011000100000010010000000000000
00000000000000001010010111010000010100000011011
00000000000000010110010100010001001111010100110
00000000000001000101010111111001011111101110000
00000000000000001001101011101110100100001111010
00000000000001001101001100011000000011001110101
00000000000110101010001111010001001110011111000
00000000000000011100011000100111011101100110011
00000000000000001010001110010110111001100101111
00000000000000011100110100010101100011101001011
00000000000010110101001010110000100101001010001
00000000000010011010101110111110010000101011111
00000000000000010111011111001010100101010010100
00000000000000011110100000001010000111011011001
00000000000000110011000000100110100010001000100
00000000000000111001110010110111011010010001100
00000000000000000010101110011001010100111110010
00000000000000000010101110011100010110110110100
00000000000001011011100100100110111111000111011
00000000000000110110110011001010001010111110010
00000000000000101010100101000001110011101110111
00000000000000101011000010100101100000010011000
00000000000000101110111001110010101100111101010
00000000000000011000010100111111010100001101111
00000000000000101001000001001100110100110000011
00000000000000010110101111011101101010001011000
00000000000000110011000100001101111110100111110
00000000000101101110010011011100010001000100000
00000000000000110000111011100110101001010010011
00000000000000101111000001010110011011001000000
00000000000000001111110001001100100010011100011
00000000000000001011111010101011111011000001010
00000000000000010110110000010010100011000000010
00000000000001001111011010001010001011011100110
00000000000101001000010010101110111110101111100
00000000000000010011010011011110111110010011101
00000000000001001111101100001000001000011101010
00000000000000001110101000111101000010110001000
00000000000000001110110011101111111111001110110
00000000000000011111111101110100111110000001111
00000000000000100000011100111001011001111011111
00000000000011000101111001101111100100011011110
00000000000000110011110100100001001011010101101
00000000000001000001011111110000000011010111000
00000000000000101100101010011110010110100010000
00000000000011001111100110011111101011111100011
00000000000001001100100110111100110000010110111
00000000000011000111110100110000010000010111000
00000000000000011000011110101010100010111101110
00000000000000100111010101101011111110001110000
00000000000000001101101101111111110110000011011
00000000000000000111001111010010110001010100110
00000000000111011011110110100100101100111111001
00000000000000011101110000101010010010010110010
00000000000000100010111011000000010011111100101
00000000000001010001000111100100010111011110010
00000000000000001010011010110101100110000010010
00000000000000001100101001111111010100011000100
00000000000000010010001000101100110101110100000
00000000000010100100110101101000011010001011010
00000000000000000100011101010000110010001111001
00000000000001001000010101001110110100001100001
00000000000000011100101000101111011101110100000
00000000000000001010010000110111100011101000100
00000000000000011000111111001001100101010010011
00000000000001010111100111101010011011010000001
00000000000010011011001001100111111111111111011
00000000000000010101000111010001011110011001101
00000000000000000111011001010010101100001101000
00000000000000100101000000100100011110110110001
00000000000000101100100111110111011001011000111
00000000000001111100100110111010100111110010100
00000000000000011000010000011011011110010010000
00000000000001000110111010001010001111010001100
00000000000010010111001011101111110111000111000
00000000000000001000011001100000110000100101110
00000000000000101000001010101110111100110100100
00000000000000101101111001001101111100110111111
00000000000000110011101101011011101110100001100
00000000000000010100110010100101110110001101010
00000000000000000100000010010111010100101111100
00000000000000011101011101100000101011011011001
00000000000000010100110100000101011001010011000
00000000000000000100011010101000100101101001101
00000000000000011001100000000111001100000101011
00000000000000110000110000010100010111010111100
00000000000010011101110010010000010100111111010
00000000000000110101011011100010111110100100000
00000000000000110100000000000001010001100100001
00000000000011101000000100100000010100111111110
00000000000000001010011001011010011010101011111
00000000000000110100011010111101010100101001111
00000000000000011100101110101001101101001111100
00000000000000010101011110011100000001101111111
00000000000000001110101000000111011100001101101
00000000000010011011100100110011001111101101010
00000000000000110010101011100100011110001100001
00000000000000001110110101111111010000111010110
00000000000000100011110011110100101111101011011
00000000000000011111000100000100010011101101011
00000000000001101010100000011000000101000011011
00000000000001001010110101100010110000001101110
00000000000001011010000001101000011000111011101
00000000000001100001101001110110010010011010100
00000000000000011111011011001001011010110101010
00000000000000011001110000010101110111010110010
00000000000000100010011001011101000000001011110
00000000000000010111100011011100101110101010111
00000000000010000101000011110101110110010000110
00000000000000000111110101110110100110100111010
00000000000001101001011101110011010100010101100
00000000000000011111000100000001111100100011001
00000000000000010010000111100001011111001001001
00000000000010010111110001000110111111001101110
00000000000000000001111111101010000011111111010
00000000000010000111110101110010010001000000011
00000000000000010000001111110100011011011010000
00000000000000000110101100011101011011110101100
00000000010010010001001100001001110001100000010
00000000000001011111010111000111100000110000010
00000000000000111000010100111101111000010101000
00000000000000010101100010100111100110111001011
00000000000000001010101101001111001000001000101
00000000000000111110101000111101100011110001110
00000000000001010110000011000011011011100000100
00000000000000010011001111110011000111111110101
00000000000000111001111010110111011100011010011
00000000000010001100100110010111011110101110001
00000000000000010101001000111000000111110111111
00000000000001000100111000011000010111010000111
00000000000000111100111010011001111000011110011
00000000000000010000111001000000110110110000101
00000000000100001101101001110111011100001110001
00000000000000001101000111110010111000000101011
00000000000000001010010101110001111100001000101
00000000000011011101010111001101110000100011111
00000000000000100100100011101001110010001001101
00000000000000011010101000111001011101000111010
00000000000011001110110110110110110001110111111
00000000000001001000010110111111010100010110001
00000000000000001101100001010001010110000001100
00000000000000111101101010101110000010010110010
00000000000000110101110110110000111111101001110
00000000000000110011100111001001011001010011010
00000000000001001000000010010001101100100101000
00000000000000010010010110000000101001000101001
00000000000100111001001110100110111100100101101
00000000000100100010001111010101100011111001000
00000000000000011010110001100010110101111101000
00000000000000000101000010100110001101010101010
00000000000001101100111011000011010011011101011
00000000000001011011010100101111100000000100010
00000000001000001010010010001000111110101110111
00000000000000000000110101010001110000110001100
00000000000000111101000010010011001011010011110
00000000000001011011111011111010100000100101111
00000000000010110110100111100100010010011000100
00000000000000000000110010101000000100011110001
00000000000000101000101001110101101111011110100
00000000000000010001110111010010000011001110111
00000000000000011110001101101100101010001000111
00000000000000101001110011001100001100000000001
00000000000100011110110011000011111110010101110
00000000000000101011001110101001110011011010100
00000000000010010110101001010010101001010101110
00000000000001001100011010101000111110000100011
00000000000000101111110100110110110011010010000
00000000000000100100000111001101101111001100111
00000000000000101111011011001001111011101001001
00000000000000100100111100001000101011110011000
00000000000001100011101011011100001011111011110
00000000000000001111010101001101000111010110000
00000000000000100111001111101111000000000101011
00000000000000010001100100100110010101010010001
00000000000000111000000101001011001100011101000
00000000000000010011001001001010000100000010011
00000000000001000001100111011100110011011001000
00000000000001001000111101111011000101011010111
00000000000001000101000000100011010101010101110
00000000000000110111001110011010110000001100110
00000000000001101101000110011110010111101101111
00000000000000000010111011111000000101011101000
00000000000000000011001110010011100001100100000
00000000000000100100100010001100001100110000011
00000000000010100001110110000111101111010101001
00000000000000010100001110111011011100101111000
00000000000000011110011000101001010011111000010
00000000000001101000001111001001001100101110010
00000000000000110111000100000010100001011100000
00000000000001111010101100100001011011011101001
00000000000000001010100110100000100111000000010
00000000000000001100111100110011010000000100110
00000000000000100000100001010000101001110011011
00000000000000111010101111111101101111001010101
00000000000010010010011000111110111011010001110
00000000000001111101110110110010100011111011111
00000000000001111001100001111111100000000110011
00000000000010001100000110100100110110101110011
00000000000000001100100001000100001001111110111
00000000000000001000011000110111101000011101001
00000000000000010111100101011011100011010001000
00000000000010010000110001111110110100100110100
00000000000001001001001000100001010011000110101
00000000000010100011010001101010111000011111111
00000000000000010110000011011010001111000011111
00000000000000001110110000000011001000110000000
00000000000001011001101001010101101001111000111
00000000000000111100101101100101100111101011100
00000000000000010010000110110111000011001100101
00000000000000001100000001011010011101010100001
00000000000000110010111100001101010111110111000
00000000000000000110010001011110001100000001010
00000000000000011110101100000011100101110111011
00000000000001001100011000101100011110011011110
00000000000000000000000001111100011110000010001
00000000000000100100111000000010011011111100111
00000000000000100001101111110100100111011000001
00000000000000011101111011110000000101001100110
00000000000001110111010111100100001100100110001
00000000000001000001000011100001000010011001100
00000000000000001110111000001101010100010011101
