01111100001111101110010110110001100001110001011
01111100000011110000000111111111100001100111011
01111100011001100001010000100101101101010011000
01101011100001001011011000000001011000111100000
01111011110000110100100110000111101110010111011
01100011000000010101011001000011100010010110001
01110011100010011110101100001001010111100010100
01111100001101110000000110010101000111010001100
01110011100000001010110010101100101011111100000
01110011111111010000001111001001010000000111100
01111100101101001111010111100100000001110110010
01111100010001100000100101011101100111110010011
01110011111011011101010111001101001010100001100
01110100100110110011010110101011101010010010111
01111100001010111101111101101111011001100000011
01111100001000010111001101100011010001001000001
01111011110000010010100100101000001011011101010
01110011100001011010001010101100101110011011101
01101011010000001111001111100001101101000000000
01110011100000110010000110001101100111000101111
01110011110010110000001000011101101101001000111
10010100100000110111110001101001010101001011101
01101011100000000100010010110011010100001011110
01100011000000110110000001010111000001011101010
01110011111100111100101111110011100111100101111
01111100101100110110110000010010000101010100010
01111100101100011010000001111010100001001111000
01111100000010110101111110110011011010111110011
01111011110000011010110000011110111110111101100
01110011100001011001110101101101110111100001110
01110011100000110001101000100010101100001100111
10000100000000110010001110001111111100110110001
01111011110000001000000101111110001110110100011
01101011101101010110001100001111100010001000011
01111011110000001100101101100111110100110100110
01111100000110100100111101001000010000100000001
01101011110001111110100111000001011000110011111
01100011101101001010001101011000100011000011000
01101100001101000110000000001011100000100111101
01110011100001111100011000101110111001101110111
01111100101110000000001100010010101001100101000
01110011100000001011001010101100111011000001011
10000100000000001101110000000101111100101000111
01110011100000001100001000001101101010101111011
01111011110000001110111001100100100010000100101
01101011110110001001011110011001101101000111101
01110011111001101101110100010011010111011100011
01110011111101001100110011110010000001011001010
01110011100000000010011101000111001110111100111
01101011010000000101010100001101000010011111100
01110100001111000110010001100011111010110011100
01111100000011001011010010110010010011001000000
01100100001000001111101011111000010110101100001
01111100000100001111001100110100010110010110111
01110011100000000011000000000100010011001111110
01101011100111101011100100000101111110111001101
01101011110000100111110101000010000010010111100
01110011100000001010001001110100010001100100001
10000100100000100001010010001110100101100001100
10000100000001111100010011111010110100101110100
01100100100000001100110100110001100100100100000
01110011111010010101011001100010110000000010111
01111011110000001100110000011100110101110001000
01100011101000100100111101000000111010000110110
01110011100000110111110101001001111011011000100
01110011100001111100001011000100010011001100110
01101011101100100100001101111100100010110111001
01111100001001100110011000111001010101011011111
01110011100000000101011110001011101101011111101
01110011111110111010101001100001100110001111010
01101011010000110100110101011101000111011010101
01111100000101111000010110011100101101011110101
10000100111100111110101011000100010011000100111
01111100011101101001101011001111101111111010100
01100011011001010100101000110001001001110011010
01101011010000110111101100110110111001101011111
01110100000100010110010011100010010000110101100
01100011101100101111111111010110110101000111110
01101011110000100100001011110111000100111011010
01100011010101100011010000001010010111100100100
01111011110000110100111010000011001001110000000
01110011100000110100000010010000010110100011101
01110011100001011010011110101110111001001110110
01111100100011011000111100101101011111111100001
01110011100001011011011100010000000000111111000
01111011110001111101110111011111101100011001000
01110011100001111100101100100001010101111011000
01110011100000001110001111001100001000100010110
01101011101011111011001000100000000110100110100
01110011100000000101001101101011110110000001101
10000100000000001100111111101100001000111101111
01110011111110100110111100000110001111011101011
01110011100000001101011101011100011010101010011
01110011100001011000110001110101010111001001010
01111100100010011110000101010111001111100110010
10000100000000110100110100010000101111001110110
01111100000110101110000110110001000110111010110
01110011110000110110001101000010011110100100100
10000100100101000001011100010000100000000001001
01110011100000110111111000110010000011111000001
01110011100000110100110100001011100100001101001
01101011100001011010110100011111111001001000000
01111100100011010011111110100001010100011010001
01110100000111101000001001100111101010110011000
01100011011110010111001111110111011101100000101
01110011110000100001101010100110101010101010001
01110011100001011011010101111010101110011001101
01111011110000000001101111000001010010101011010
01101011110011110111110100100001010111110110111
01110011110110110110100010010110111101011001011
01101011101010101111010100110011000001111011000
01101011010001111101011111111010110001100110010
01110011111111110101010001010100010001110011100
01110100001010101111000001100101111011001101110
01111100001101011100111110111010100100001100000
01110011100001011011110001011100111101011011111
01101011100011101110010001110101001110100110111
01101011101111011110001111011110010001100110100
01111011110000001110110111110110101101011000000
01100011000000110100011001100000111101110010110
01111100101001101110100000011001001010111001100
01110100100101001110011110001110001001010100101
01100011000000000110110010011010100010011100100
01101011101000100011101111001111001001001010111
01100011000001111101110110110110100010111000111
01110011111111101000011000110011101011001100100
01110011100010111111011000111000000101000100010
01110100101000101000100010101100000110000110011
01110011100000110100010111000111100100111010001
01100011010110101010111100100100100000001100100
01100100000011010101011110100101110100001100111
01111011110000010101101000110111001000010101000
01111100001010110101001011011101100100111011111
01111011110000001000100100011111101110011010100
01110011100000000011111111100000111101111001110
01110100010000100000010000011110001101100100110
01110011100000000110101100110110111101010001000
01110100010111000110111101110011111101101010001
01111100100100100100100001001100101111111100000
01101011010000001011010000101111101110111001111
01101011100011110111110011001110010011000101011
01110100001011100000010000000001001101000000111
01110011100000000000101011110110100111001111101
01100011100101010010101100011111011001100010111
01111011110001011100000011001011000000011111111
01111100000110111011101101100101011011000110001
01110011100001111101011011101011001101101000100
01100011110110101110010100000110001000101010111
01100011100001010000110001101100110001111010101
10001100101010001011000001011110010101010110000
01110011110011001001110111101011100001100100111
01111100101001110001110011010110001100111111111
01111100010001111111101000101111011000011110110
01110011111010010000000001100011101010000011110
01111011110000011001101100011010010110110100001
10000100000010111111001111000111000010111111001
01110100001100110100111110001111000011100010100
01110011100000000110110011101100111000011001001
01101011100111010110001110010011110011101110100
01110100000001010011110000100100100001110110111
01111011110000110101010101001100000010101100000
01111100011111000010101110100010111011110010001
01101011100101011110011010100111111100010111100
01110011100000110001111111010011001010111111100
01110011100000110000011011111011000001100010111
01111011110000011100100001001111111000000111010
01101100000001010011011111000011011111011110010
01111100000111110010010101101000011101110010011
01100011000000110110110110001010110111011011101
01110011111110011001011111100110001111101100110
01111100000000010000011000111111100111000010110
10000100100111101001100110101111000011010101111
01110011100011111111110011101110000110000100110
01110011111100100111001011000010010100010001001
01110011100000001100011100010000110100001110000
01110011100000110000011011000101110110111111111
01110011111001101001101010100110101010010001100
01101011100001001001001001100101101111011110011
01111011110000010100110001001111000111110100100
01100011010111101010101011100101011010110011110
01111011110000011110111010001101011011111001100
01111100100011011011111101101010111000011001011
01110100000111010100001111100011000010001101111
01111011110000110101110001011111100110100100011
01110011100001011001001100000100000001110011100
01110011100000110001110100011010111101110110100
01110011110111110101000001111001100000001000110
01110011100000001001011100011001100110101001110
10000100000000000000011101011011101110111100110
01110011100000001101000111011001011011110101010
01111011110000011110111100111100111010000110101
10000100000001111100111111110110111001111000101
01101011101010011111100000001011011001111001110
01110011100000001100010100100110000001111010101
01111100011010110011001101000110101011000110011
01110011110101001101011110011011100000111000100
01101011010000110011010001101011100110110101011
01110100100000001000110100100100101011001111011
01111100100101011011000001000011110101110000001
01111100001011010010001000100101101010010011110
01110011111111000011100111111000100000000110101
01100011000000110101010100100111110011110111110
01111011110000000111010101001110100101010001000
01110011100000001111101001011110010010100101101
01111100001101110111100101000100001001011011101
01111011110000001011011110000000000101111010001
01100100100010001110001111001111000100111101111
01110011100000000010010100101010110011110010111
01101011110110011001100100010001010111010001111
01110011100000000110111111110101000000110001100
01110011111111010011111001011111010001010010011
01111100000010110011101100001011010010001010010
01111100100011011101110010101000111010010000000
01111100001100000001101011100111010000010010000
01111100000011001010010010111000011000000100000
01111011110000001000010010110100101111001000110
01110011111011110110100101111111111010001011111
01110011100000001001101111101011101110001101000
01101011101111100101000111001001101110010011110
01111100011000100100010000001111101111110100011
10000100100110101111010000110110101111000101101
01111011110100011111111001100011111010010011111
10000100000000110100110011010011001010110110111
01100011010001011100111111111000101011110101101
01110011100001111101101111001001011011100000000
01111100000110010111100000111010111101010011010
10000100000000110010110100100000111011101010011
01111100010001011010111011001111000100110111101
01111011110000000000010101101110111010010100100
01101011101000111000100110010101001011110011010
01110011110111001000110000011001110101100001110
01110100001101011000000101001010011010111100010
01111011110000011101111010100110111100000110010
01110011110001111001001101110101001011110110001
01101011111001100000010101010101100101110011010
01111100001011010111011001001100011111110111001
10000100000000001011111011101011001010010111011
01100011000000000110000100111000000001100100111
01110011100000001010001100010110011011111001100
01110011100000001011000100001000100111001000101
01110100010100010110000000111001000010011000110
01101011111010101011110110011010011001000110111
01110011100001011010011100000111110010000001001
01111100000011001101110001100001100000101010011
01110011110001101100000100111110100000001110110
01101011010000110100111100101010100111111000000
01111011110000000010010111001001010100001101101
01111100000010100100000101010010001101100001110
10000100101100100000111000110010001100000111100
01111011110000010000001101100000001101011001111
01110011100000110101010110101101110111101110100
01100011101010101001100001001101011000011110010
01110011111110011100000010001000101100100010011
01110100001110010011111100101111010100111100101
01100101010000110010001000101000101000100101101
01110011100000110101001101111100101011100101111
01110011110000110101000111110110011110001011010
01101100100101011011011010111011010111100111011
01110011100000001000101101111101010100000111001
01111011110001111101001000010001000100010100110
01110011100000110011011001001101010111000000001
01100011101100100000101000010101011001110111001
01111011110000001111111101111000010111001110010
01100011011011010010011111100100000000000000111
01111100000001111111111111110001011011000111001
01100011000000110100110101000011100011001101101
01101011100001110001110000001110011011011011001
01110011110110100101111100010111000001001100111
01100011000000110000010101000000010000100110101
10000100000000000101010001110100001000110101110
01111011110000001100000010000101001100111101101
01110011100000000011101001001100000010110111010
01111011110000010110100101111000100010011110100
01100011101010101000101010010101101100110111100
01110011110000000100010000110010001100101100011
01111100000001100010001001111010000011101000111
01100011000000001101011011001110101100111110110
01111100000100100101011011011011101001001010111
01110011100010011110010110110110000001111011010
01101011010000000011111000101110010010110000111
01110011100000000000011000110011001100000101000
01111100000101100110111010100000000111101110000
01111100000001001000011010000111101000101000010
10000100000001111100101110110010111100101111111
01100011101110010111101101111010101000001010110
01111011110000010100010110111011110000110100100
01110011110100010111010011010010110100001011100
01110011100000000011001110101101101111111011010
01110011100000110101011001101101101111001000101
01111011110001011111110001010001011011110001111
01110100011011100100001010011111001111011111111
01110011100000110100001101101110100011111110100
01101011111101101001101011101110110000101001001
01110011111110011010101001001100100000011011111
01101100000000110110010100000001011011110000101
01111100101100001011011110111000100111001001000
01100011000000001010001111011001001111011100000
10000100000000001100110100100000011100010010001
01111011110000001010011010110111011100101000100
10000100010010001010100110000010100111111100110
01100011000000001010110100001111001010100101110
10000100010011011011111110010101011101011010100
01111011110000000100010111010111001010100010010
01110011100000000001011111110111111000110100111
01110100101010111101000000100000100000001000100
01101100000000101110001101001000100101101110011
01110011111100100010101111011000110101110100100
01101011100111100110101110011101010110110110100
01111011110010011110010000000110000000010010010
01111011110000000000110100111001101100010011010
10001100101111011000110011100011110011000101100
01101011100001111110110101011010011111101100111
01111011110000000000100111011101000010100001111
01110011100010011110010110111111000100011101011
01110100101100100001001001001100010100110001011
01100011111011110110101111011001110010101011000
01111011110000110011110111001100111111001110010
01100011000000001110010011111100010101000100000
01110011111110110000011011001100101001000010010
01110100001100110010110110011001100100111111001
10000100100101010110111010011001001011001010100
01111011110000001011001010101011000101000001101
01100100010000100001001111101101011100111111101
01101011010000110100100100110101110100100011101
01100011110101001000010010101110111110101111100
01110011111100000111100010001100101100010010101
01111011110000110101111100100000100010110011000
01110011100000001110101001111111000010100101000
01111100001000110000111100011001010100000111001
01110011111001111111110100000100110011010000110
01111011110000010110111010111100010101100011111
01111100010010010000000001010000101011110111011
01110011111001010010111000000011001111110101001
01101011110010000000011111110000000011010111010
01110011100000010100011100011111010110101010000
01100011000000001111100110111111001011111100011
01110100001111010111011001100011001111101001001
01100011100101111000011011001111101111101000111
01110011111101101010101110101010110011010101110
01110100011111100011010111000111111010101111000
01110011111010000110010010000001011001101100100
01110011111001100111001111111010110001110100010
01100011110111111011110110100100101100111111001
01110011111011100011010011011101101101011001101
01110011100000110001010001111111101101010011100
01111011110000110001001001000101001001110010010
01101100000010101010011010110101100110000010010
01111011110000011101110001001000110110011110000
01111011110000001101010101010010001010000011110
01111011110000001111100001011001001010000101010
01110011100000001001001101010010110000000111101
01110011100000110010100010110000001001010011100
01110011100000001001010111010001111010001011111
01100011010001011010010000110111100011101010100
10001100010000110000101011001000100101010110011
01111011110000001000010110010101100110111011100
01101011010001011010001001101111111111111111011
01110011100000001000110000001100110000111100010
01110011110010000110011000010011101100001101001
01101011110100110010111111111010100001011001100
01111100111100111111101100001010100000000011100
10001100010000000011001110001100111101111000111
01111011110000010110001011101010000011110101010
01100011100010111001000101110011110001101110011
01111011110000000110110001101110010011000111001
01110011110000000000111101111111111001000001110
01110011100000110110011111010001110111001011011
01101011010000001101101000001101110100110111101
01111100000011010111011101001111111100000101000
01111100001000110011110010111110110000000010110
01100011110001110100001010010111010100101111100
01110011100000110111001101100000011010011011001
10000100000001111100000111100000110011011101010
01111100001101100100101100110111110101101001110
01110011111101100110110111011001110010111100010
01110011100001111100111000010101110011010011110
01110011100000000011101111001111101010000000101
01110011100000110101011011011010111010010100000
01111100001100011100010001100001110010111100000
01111011110000000110101100111101000011001111101
01110011111101111010011001011110010011111011101
01110100001010110100111011111111110100101001111
01111011110100011111111001010110010110010100001
10000100100110010001101010001110101100101101001
01110011111000101010011000000111011101111101101
01100011000000000100011001001100110000010010101
01110011100000001101010100111001000111110011110
01111011110000000101010101111111110001101111111
01100011000000000011110011110100100111101001011
01111100000111001111100110001000001111111101111
01101100000010011100011111110111111010111100100
01101100000111110001001010011101001110110010011
01110011100000000101111110000110100001000100110
10010100110000000110010111011001001001101100011
01110100011011000010100100110110000100011010111
01110011100000000110001111100110000000101001101
01111100001010111101111110000011111111110101100
01111100100101010001101001001100111101001100011
01111011110000011000111100110010011100111001101
10000100100011000100010101010111100111110110110
01111011110000001001001100111101110101010011000
01111011110000011000110001100111011000011001110
10000100000000000100000111110011100001111011100
01101011111000010111110001010110111111011101110
01110011100000001110001000010100111100010000111
01101011010000000110110101100010010111000000011
01111011110000001111010100001010000100001010100
01110011100000000110101100011101000110110101100
01100011011011001111110011110110001110011111110
01110011110000011111010101010111100000100010010
01110100000110100111101110001010010111101011111
01111100001011101100110110100111000100111100010
01100011100001101000101101001111001000011000101
01110011111100100101010110010010011000001110101
01110011111111100011111100111110101001010110010
01111100101101101100010011111010011111110110000
01111100000011000000101101111000001110011000011
01110011111001101100100011110110001110101001001
01110011100000000101001000111000110111011001110
01110100011010100100111000001000011101010001111
01111011110000000101010011110010000101101001100
01110011111000001111000101011110101101011111111
01111100010000101011101101100111110110011100000
01110011100000000101011111110110110000000000010
01110100001111000101101010000110100111110111000
01101011101110000010111000110010011111111100000
01111100001100100001100001100000011000101101101
01110011100000000000011011001110100010111001100
01101011100011101110110110100110100001110111111
01111011110000000101001110010111010111110111011
10001100100111100110111010101111001001011111011
01110011110011111011100101101110010010110110001
10001100010000001111010001000110110101011110011
01110100000000110101110110001001011001110011011
01110100101001101100000110010001100101101101001
01110011111111001101101001011110001010111011100
01111011110001011000001111100100111011011110001
01101100101100111101110000101010011100100110111
01110100001111101101011110111000010000000000010
01110011100000001111111101110001110010101111101
01110011100000001111010010011011000011001100011
01110011111011010001010000100011000000010000010
01101011100110110101100101110111001001010000000
10000100000010011110000101100101110010001011111
01111100100100111000010101000011001011110010111
10001100100010100001111000000101011111011111000
01110011100000110010110110100100010010011000101
01110011110011111111001101010010011010000001110
01111100001011110001011011111001000010111111111
01111011110000001011001101101101111110000001000
01110011100000001001110110010011010111110111101
01110011111001000100001100110110010110111100110
01100011101011011110110111000011111111010101110
01100011100010010100110001010110001100100101111
01111011110000110111111101111110101010111110110
01110011100000110111101101010110100101100011100
01111011110000011100001011010101001111011101111
10000100000000110111101011100010101111011101001
01110011100000110001000100110100010100010110010
01101011010000000100111000011000101011110111010
01100011011100111100010100100011110101000100001
01110100010000100111010111000111000111010110000
01110011100000000111001011101111000001101101011
01101011100000001110011111011001101010111001110
01110011100000000110110010110000000010100010101
01111011110000010100100000110110111000001001110
01110011100001011010111000010011001110100110111
01110011100000110110001110000101111010100001000
01110011110000001010011111011100101110011010100
01110011110110010111001110101010110000001100110
01111100010000000001001110011010000111101101101
01111100001010010100110001100100011100100011111
01110011110110110001011110011111100001110110001
01110011100000110111011101110001110011000111110
01110011111000111110101011111000010000111010110
01110011100000000110011010001011001000101111000
01111011110000011011010000101011100001111110000
01110011100000001000111111001000001000100100010
10000100000000110001110011001010101010000010110
01101100011101000110010011111110100100101010111
01110011111101010101011001011111011000101010101
01110100101000111110011010111111011100001100110
01111100101001100000110011101001101001010011001
01110011100000110110101101111001101011101010101
01110011100000110010101001111110110011010001110
10000100000000001010110010011100011111101100011
01111011110000011000100011000111110001000111101
10000100000011011111101001001110101000000010101
01110100001111101011001110101001110110000001000
01111011110010011110010100100000010101010010011
01110011100000000101100101011110100011010000100
01101011100100011000110001111010110101100110110
01110011100000001001001100000000110010001110101
01110011110010100011010000101000111010011111011
01110011110010101001010001100101010011101001001
01110011110101101110110010000011001000110000001
01110011110001111001101101000101101001100001011
01101011110101100011110011011010011000010110011
01111011110000110110111000101001011100010000010
01111011110000001101111100010001001010111011011
01111100001001110110110100001011011111110110110
01111011110000000101110110001011011101110010110
01111011110000011000011001110100100100000001100
01111100000111110111101101100111001110101000100
01110011111010010011101100001011100000111001110
01110011110011100100010000100100011001111100111
01111100011100001011111110011010000001010101010
01101011111111100010000100001111111010110011000
01110011100000000111010101100100001100100110001
01111100000001000010010001100001001010110000111
01101011101100100010111000001101010100010011101
