00110001111001001110100101110110111101001100001
00100010010010100011010101010000001100100110010
00111010011111100100111011111111111101011011010
00110001100000100101111110111110000111111011101
00110010001111100010011100101011111110110000100
00010001000111101000111111010011000111111101101
00100010000110001110011100001010010101010000011
00111010011000101010110101110110001111000101110
01001010010001001011001001001101101010001100111
00110001111000001111101100111000101100110110001
01000010010010001100011101111110000100000011110
01000010000100001110111100011000100000111001110
00110001100001100111000010101111101000010010100
00110010010110001111011101001001000001001101101
00110010000101000110110010001000101100101110010
00110001110010001100000101101111101011000111000
00110010001110101101001100011110100011000000000
00010001101010001110101101011110010110000010010
00101001101000100100100010111100000001110110011
00111010000000111000011101101111001110101110110
00100001100000000110011100010001000000111000110
00101001101010110000000001111001110001100100001
01001010011010100101110001011011000110111011101
00110001100011000001011111100001011001110110001
01001010010001111100101000001000011001010011101
00110010001001110110110001101010001001101100101
00100001100011001101110100100111101001011011111
00111010000011000110110100011011011011111000101
00011001011111000111011011010110001011100101000
01000010010111111001100011000111000010110100001
00110001100100010111000100100110111100010110001
01000010001011010111100000001000000010101000111
01000010010000110001001111101011011000011000110
00111010000001101000010100000000100000101101011
00110001100010111011011000111100100111010111110
00111010010010110101011011101011110101000110001
00110001110110111111110011010010111100011001011
00110010010010001101100111100110001101001000011
00111010001101101010111110001100000100101100010
00110010000101001101001100010001110000010011011
00110001101001011110001011101110100100011110001
00110010001110011100010011001110011101010100100
00110001111011110100011101100101000111111001110
00101010001111111010110101110100000110000100100
00111010010110011100010000101011111010100111110
00011001011001110100010110100010010110100000100
00111001110100010110101111001100101101010001011
00110010011101001101000011000011001010110101001
00110001100010111011000000010100111001100100110
00100010000011101110110000110101010011101010010
01001010010101001111101010100011000011001111110
00011010000010100000010001001011100101001011100
00110010011101001010001111100101010010010011101
00111010000000010010011000001110011100100001110
01001010011010110101110100101110010001000010111
00101010001011010001110011110110111111010001011
00011001101111101001101101001111001100101100010
00101001101000010010110000001100000010100100100
00011001101001000111110000001101001011110111101
00110001100100110110110111111010000011010110111
00101001101010110100000000000101011010101001000
01000010000101110100011000001110110011101100011
00011010000001111100111001001011010001011110000
00110001110101000111100101100101001000000001111
00111001110101010111011111101101101111110010010
00111010000010100000011100001111001011110110000
00101001101101110100000000101010110110110110010
00110010011010001100111101000100111011000101100
00111001110001011100110001010100011010110001011
00100010000110011101110111100001100010100100100
00101001100110101111100100110110001100100101001
01000010100110110110111000011001100010111000101
00111010000110111110110101110111110011000111101
00110001110110001001110011111100000100100111111
00110001100000010101001001111101001100110001111
00111001110110011001100111010011100000010011011
00100010001110000101100101011110011111011110101
00101001110010011000011101001101111011110011110
00110010011110001101111100001010011010010100011
01001010010000010001000010000010111010100111101
00100001010110100100001110111100100001010011100
00111010011000100110000001000111100001000110101
00110010011001000100111001101111001001000110011
00101001100000100011001101001001000111001010110
01000010000101110001001000001101100000011100000
00100010010111001010000000110101110110101110011
00110010001111110100010010101000001111000000011
00110010000100000111100010100110000101010011100
00110010000011011100000001111000111110111011111
00111010001010000010111000100001001000111101110
00110010001000010111001100101111110011111110101
00110001101000110010111101000010101001001011000
00110001100000111000010000000000001011010101111
00000001101100100011011111110000001100100000110
00011001100000101110111101111101111001111001100
00111001110110101011010000010100110101111100101
00110001100011100111010110100101101011001111010
00110010010111101111110101001101000010100100110
00100001110011100010010101100001101101101001111
00111010001001001000101111110011110000100010011
00100010000100111011001111010110100110010001000
00111010010110000011000010110111010010101111010
00111010010101101110001100100101110101100010101
00111010001110011000011100101100110100100110110
00111001110011011000100111101100111011010110111
01000010010001010111011010010101110010110011100
00110001111110110100011111100001011011100001001
00110001111011101111111001111001011111011111110
00111010010011110101110011010111111010110110111
00110010001010100001011111001110011010000011000
00101001010010101101111110110010011010011110110
00110001101001110011111100101011011010111010110
01000010011100111110101000001010011011000010001
00110001110000011001101110001010010110101111001
00110001100000111000010100110011101101010000111
00111010001111011100011110011101010110111000100
00011010011100111011000101101110111100110000110
00111010001011100010111100100011000111111011000
00110010000011111111111110011111011111011001010
00101010010011010001100101010110111001101001010
00111010001001011001000111000011011110000011000
00100001100110001000001000000000000101010110001
00101001110010010101000101110100010011001000011
00111010001110010100011100110000110001011010010
00100001000011110101011101001110101111011110111
00110010001101010001100110010011111110000001101
00110001110100111011011110010110001100000111110
00100001101010010011110010001101100110001111101
01001010010100111111001101101101110110000011101
01000010010100111011110101110101000010101101111
00001001111011110110111100001001001100010100010
00100001100011101010011001000100100010001000001
01000010001001110111010110111011000001111011000
00101001110101100110001011010010000000101000100
01000010011101000001001100001110111011111100111
00110001100001111001100111001101011001011101001
01000010000010100101001101100011111000111011011
00101001101000101011010011001011000000101011001
00110001110011011000111111000101011101010100011
00110010000110000100111100000000011010110100001
00011001001011011100011010110101101000101101000
00101001100110110101000001110101110100111001111
00111010010100110101010111110010111100010111110
00110010000010111100100010110001110000100110010
00111010010111111011001001010110000111111111110
00100001100001010111111101101110000011101000010
00111010001101011000110110111001000011010000010
01001010101111001000110010010010100001101000101
00110001110100100011011011000001010101111110100
00011001100011000001010101110001101110001001010
00110010011111111000001011000000001000000000011
00110001111101010110000110001000110111011111011
01000010011110111100101100110111101001011000101
00110001100100001110111010000011111011110100001
00110001101000111110000010110010101110011001111
00011001000001101010111010100001000110101100100
00111010000010011101100110001100110101000010110
00100001010011100001111101110110110000101111111
00110001110101110000111110010111001101011101001
00111010000011011100110011011110000000010010100
01000010011101000001100000111010110010101101010
00110010010001111000010101110101111010001101000
00101010010001001111011111011001101001101100000
00110001100010100010111000111111111101101011100
00110010000011111000001111000101111110111101101
00110010011110001000111111111000101100101110100
00101001101101001110011001000000100100001111011
00111010001011101001100010010010111101110010011
00111010001001110101010000001100100011001100001
00011010011100100110011001011111010100001100110
00110001100001010110001000111000011010010010011
00110010011111110101011110011101010000110111100
00100001101101110111010010100000001000000110011
00110001110111100100011110000101100101000000101
00110001110010001100100010001001010101011100101
01000010000101001111111101101010010101001100010
00111010000111010000010011010110010010010100010
00010000111111000010111010010100011110011100101
00110001100010000010001101110110100010111110010
00110001100000000000101001000100000111101100110
00110010101001101010100000011110000011110101111
01000010001001111001110010111010110101101111010
01000010011001111101010100110000100100000000000
00111001110010110000100101101010111011111101111
01001010010001110010111101100001111111101001101
00110001101000111111001001000010111110101011111
00110001100100110010111100001010110000110011011
00110010011110111111010011011100111101011110000
00111010000010100001111101111010001011110110111
00110001101001110011001101000100111111111010111
01000010011010100111100001100100001100011111110
01000010011010010011101101101111100111101000101
01001010010110010010000010101011100101111111011
00011000110101011101111010000000000101100011100
01001010010010100101010110011010110001001011101
00111001110001110101110101000111000000100001011
00110010000010001011001110011011101111011010101
00110001110011000110011100101000010001100101011
00110001111010000011011000101110111101000101111
00110010000101001010000100010100010011110001111
00101001101011110100101011101000100110010010100
01000010011101101000101000000111010010111011001
00100001010011010110001100001101000101110011110
01000010011010100000111010010111011000000101110
00101001110010000010011011001110110110110001010
00101010001111111100001010101000111110001010101
00101001010000101111011001100001100000010100101
00110001110110100011011010100110101000011111100
00101001111101000010100010011001010000100000101
01000010011100110101010101110101001010101001010
00111010011110010010111111000100100101100101111
00111010001010100010110010000000111100000010100
00111010010011011110100111001011101101110110100
00100010010000110001110100101110000011100101000
00110010001011110101011001100100110101000101101
01000010000101011101010110011110010110101011000
00111001110100111010111111001111000010110010100
00110001100000110101010101100111000000111100110
00110010011111001010001101001110101011000110000
00110001100001111100111110111101011001010001011
00101010010001011110001001101000000011010101001
00110010011000001010010111100100000010100011011
00110001110011001101011111000100101110111001100
00011001100010111011001101000011111110011111111
01000010011011111100001010100101111111100100101
00111010000010110000111111000111100010110010111
00110001111110110110001010001111011110001101000
00110001110000101110111011100011001011010001000
00011001101010011101110110011110100010001010011
00101001101111000011000111001100111100110111000
00111010011011000010011110110001011001111011110
01000010011110001110001010011101011001111111110
00110001111011010011010101010010001000001010100
00011010001101101111001110111111010000001011010
00110001100000001111011110111100110100011100011
00100001011101100101011101111100111110110111000
00101010000010001100001101111001001110010011001
00111010011101000011010101101110110010101011000
01001010010011110101011001001110101110101101010
00101001101100100100101111100011011001011111100
00110001101011101110110000011000000001101110000
00111010011000100100001001100110010111110001100
01001010010000100011010010100110100011001101001
00111001110011010001110000001101101001111011111
00111010000010111110111111101000100010111011001
00100001110001110000000101110100101011110100001
00110010000111010001001110000111000001111111010
00110001101001001110100011100000000001111100110
00111010001110110000011010011101101001111110110
00111001110100010011111011100010000100011110010
00110010000010101010101011101000100101100011101
00110010000101110010100111001101000111001001101
00111001110100001111110110000010011100111001101
00110010010011110010100001010001000011110000000
00111001110010010101110101011001000101001111101
00110010011111000111000011111101001011101001101
00111010011001000001110100100101110100110110101
00101010000111000110011100100110100100011111100
00110001101000101100001001101100111000000011101
00011001100011000011110100011010010100110001100
00111010001001101011000011111011100010011001111
00011010001101011100011111110110100011011100011
00110001111100100010110100101111110100000000011
00111010001110000100001011000110101011010100000
00111010001110110001001010001111001111110110011
01000010000001101110001100111100110110000110001
01000010001001100001110101001111100111110001110
00110001100100100111010100111001010110111011100
00000010010110101110101100000110111001011111101
00111010010100101001011100000111100011011111110
00001001010000011111011111110100011000010110000
01001010010010111010101010001000111111001101101
01000010000001101101000101001000100101111010111
00110001110011011110111100101011100101010010100
01000010010111000000010101010000110101110111100
00100001111001011011111111011011100111011101000
01000010001101011110001001101101111101011000010
00110010001110100111011100100100101010110111011
01001010010110111101100111011011101110011010100
00111010011100111011011010111101110110000111111
01000010000110011110001000000100111010011000011
00101001101111100101111111100011000000110110100
00110001110011100000010001010000100001100000000
00111010001101111101110110111110011101100000011
00110010001110000111101100101010111100100100001
00110001111100000011000011011111101111100110010
00111001110011111111000110010001100100110101001
00011001110100100101000000001111110000010000010
00101001101000010001111001101111111010100001111
00011010000001110000111001011111010001010110100
00100001101101011110010111100110011101111111100
00101001101111010011100100000000101000111100100
00110010010101010000010110111100100110101001110
00011001011001000101111101111011100100011000011
00110001111100110101000001001011100011100110010
01001010010101001101010101100110111100011010101
01000010010001010101000101000100110011111100011
00111010000111110110111010000000110111010101111
00100001111000101110100010101011000001001001101
00110010010110000110101011001100001111011110101
00110001111101100101110111111001101000000101111
00110001101001101101011010111111011000110000101
01000010000010110100011010111111111001010000000
00101001111011001001101000111001011101011101011
00100001101011010101011011010000101110010110111
00100001100001011000111011001111000100100010110
00111001110011000100110100011111101101010111111
00111010000110111001110000110010110111100010001
00110001111101000111011001101010001110111001000
00111010001111101100011001010011100101001000000
00110001111111100110011000101001000101100011101
00110001101000010100011110000001110110101101001
00111010010010101110100101110011011011101100010
00111001110000111000101100100100011111011100001
00011010001111010110011000011100010110001111100
00101010001101000101000101000111100011001011001
00011001001100110011101001000000100010100101100
00111001111010100010000011110010001010011101011
00111001111010000011111000010101100110000010110
00110001110000011101001110011111100010111001110
01001010010010010110111011011110011011100110111
00011001001001101110100001100111100100110110100
00110001110010010011111111110001101010001111010
01001010010010011110011100011010111100100000111
00110010001011001111011110101111001011100101111
00100001101010000110101001011000010011000100010
00110010010011110101011111000010000100001000100
01000010011010001010111101101010000010111101101
01000010000010010110011001110110100001101110110
01000010000000111110110111010001011011111010001
00110001100010110100010101110110010001001000110
00111010000001111100110100110011001011100111001
00110010011010011010100010101001001010100011010
00111010000011000101001010001011100000100110001
00110001100111001111111101010011011111111101110
00111001110100001000111101011010000011011010110
01001010010010100001100011001111011010101111110
00111010000001101000010010000110110000101111101
01000010010100001111111110101010010111010011001
00110001101100100011011010001111011101001111111
00101001101110001001111100111011111101111100110
00111001110100101000101101011101111110000011110
01000010000100101101010010000111110101110000110
00111010000101101111111110111000111001011011000
00111010001000000110000101101101011101011111100
00110010011001000111010110100011010100011100110
00110001111001000100100101110110111111011010001
00110001100010000101001111110111110100000110011
00111010010101100100110100111010010000100000000
00110001100101000001100110000110000100011000111
00111010010101101101111101000011011101011100111
00011001000101101100000001110000110010111101100
00111001110010000101110101110111001011110111111
00010000110100100110011101001111111010101001001
00110010011110010111110000111010011001011000111
00001001100111100110101011001110111101010011100
00111010000110111110000001110111000010110101001
00110001100011101010101011111111010100101010100
00110010001111101110000100010000111010111111100
01000010000001010011101011101101000100011110011
00101010011010010111000000111010010111110011011
00111010000011101000111110001000000010110010111
00100010000001100101011001011111101011101101101
00101001101000101000100100101000010000010110111
00110001110001110110000001111100001000111011011
00111010010111110100011111011111001001100111000
00110001110001110100101111001011000001111010001
00110001100001010001011101101011001011011010000
00110010001111100000011100011101101110101110010
00100001011001111001110100101010011001111011010
00101001101011110101101110101000011101000001000
00110010001010010111000110000000110011100001110
00110010000001001111001010011010001001011000111
00110010011111100000011010011101110000011011100
00011001111110000100110101000100111100101000110
00110010011111111011010000111011000010000000111
00111010001000010000100010111110110000101110101
01001010010111011000110011000111010110001011001
00100001010010010111101011011111110100101000011
00101001111111010000111110010110100000110110011
00110010010111010110010101010010001101100010100
00110010010110111110111010100000000000011101100
00100001010001101010001101101010101001101111011
00111001110001010000110110001000011011011011011
00111010010010000001010010000100101010010111010
00111010010011100000010000101010001010000100010
00110001100010100101000011011110111011001000000
00100001100011100001000111000110101110010000010
00011010001011011000111010010101111000011010100
00100010010000110110100101111100000100000101111
00110001100011010110101110000010001110011101010
00110001101011001100001011011010110110001001101
00110001111111011100011000001000111111111011001
00000010011011111101101110001011111110011000100
00111010010001011100001111110110001001000100110
00101001110111011000100011111011111011101100101
00110010001111111110000001110001011011101001010
01000010011010011010011110011010100100100100011
00111001110000101001101100110100110010000110001
01000010001100111111001001100101010101101111101
00011001101010101000001101010111001001100011010
01000010000001110000110000000010101001001001100
00110010010101100111101101101100111100111000111
00110001100000111001010001010110100010110100100
00101001101001011010000110011010010101111011110
00101001101001000010011100101011110000010001011
00100001110100010101111011000011111111100101100
00111010010011111110110001101101100110111010000
00110010000110100101110001111001000010110101011
00100001100110111001111100001011110000000000011
00100010000100111001101010111101111001111100111
00111001110101100011101100010011111111110000101
00111010010011011111011000001010111010001110110
00110001111110100011011000101100000000001111001
01000010000001010110110000110001001000000000001
00110010010001000001111011011011101001010111010
00111010011110101110001100101011011011100100111
00110001110110100110011101001000000100000100001
00110001100010100011011100110101011100101001100
00110010001001110010100101010000010100001110001
00111010010001101100111111010110010110110100111
00101001101101010001100110000100100101011111101
00110001110100100000110001011111010111000011011
01000010010110111110111101100100110011110110001
00110001111110100110111111011100010100011101111
00111010001001110111100000111110011110111001000
00110001111011111110011000010011101000111110101
00111010010110010100111011011101000011110111110
00001000110110001000110010101011001111100011010
00110001100001000110010010001011001111010100010
00111001110100000001111110000100101110101101111
00110001100110100010011000111010110111011100111
01000010011011100001010010010011100111001100110
00110001100001000010000011011001010010000100001
01000010011110101011100001101100101110110110000
00111001110000110110001000111000100011001101111
00110010011110001100000101110100000001001100110
00110001110100101111010011101010001001001010110
01001010010000110110010110010001111000010100100
01000010010101010010111110011101001001011000001
00111010000001110101000000000010011001010000110
01000010000001111000101101101011101001111010100
01000010001100000001011011000101010111110110010
00110010000010010111110101110000101010100110110
00101001111000100000010010110100010011100011001
00110001100010101010011101111100000111000111101
00100001100001111100101001000101011101110010111
00110010000111111011011011010001110001110101100
00100001101011011011000101011101101110111011001
00110001100011111000101001010111100010111011101
00111010000011110111000000100110100001001011101
00000001110101011000110110100110000010110000000
00110010011001001101000100010001000110110110110
01000010010011010110001001110000011100000100111
00100010010001011110010000011101110000100001100
00011001110101111100000100001100000100111000110
00100001101101101111100110000100100000110011010
00111010001100110111011100000000010000010011100
00110001100110110111000101111010101111110111110
00111010000100011111111000110110111100001001101
00111010001111010010101000111011110111101000000
00110001110001010010010110010011111001011111111
00100001110010111001100101111111011111110101010
00011000111011110000111000011110110000010011100
00110010001001110011100101001011101000100000110
00101010000111010001110010010001011000110101010
00110010010000001101010100111111001001010001010
00110001111010010010000011101111101111100111011
00111010010101100000001101010110100111000111001
01000010011001000110111000001111100100010100111
00110001111101110000110001110111111110011000101
01000010011001001111111010000000101110110011110
00011001010100000001011011100000100011100110110
00101001011010010000000000100101111110100101000
01000010001100101110011101110010111010010011010
00110001111010110001000001001011110011101100001
01000010000100110010010101000111000010110000001
00110001100111011111110000100001010100000011100
00101010010011010110001111001101001111110101101
00110010011010111111100011011001010101110111100
00111010011111010011000101110101111000110000000
00110010010000111101101001001101010100010110001
00110010001101000010110000000111000010001000000
01001010101011001000010001111011001101001001001
01001010010010100111001100010111010010111111001
00110001110110011000011111011100100111110011011
00111010010001110111010000101011000111010111110
00111010001011110010100001110110011010101011010
00101001100001101001000010101101100101111010101
00110001111101111110010100100101100101011110011
00100001111101000101100101100001111000011101101
00101001100011110001100110000101110101000011010
00000001101100100010001110110111100011100010000
00111010001001010101010011010000101101111111010
00101001101001110011001001100110100101111101110
00110010000010101001101101110111010110111111101
00111010111001110100011111011101100100100010001
01000010000001001011100111101111000100001101110
00111001110001000110111110110101101000110000100
01001010010100011111110001010101111010000011100
01000010010011001101010110110101010100111111000
00111001110000000010011010010101100010100101110
00101001111000000001011111101100010101010111110
01001010010100111110011101110010100011110101101
00101001110001100110111000010001000111110110110
00100001101001111101110111000000111001000011111
00111010010010010010001100000111011111001011100
00101001110000011101100111001110110000110001101
01001010010000001111100001110111000101010001010
00111010000011100001101101100110010101001100001
00110001110101001110111110101011010001001011010
