00000000010011001110100101110110111101001100001
00000000010010100011010101010000001100100110010
00001000101111000100111011111111111101011011010
00001000011001100101111110111110000111111011101
00000000001110111101100011010100000001001111111
00000000011101001000111111010001000111111001101
00000000010110010001100011100101101010101111100
00001000010001001010110101110110001111000101110
00001000010001101011001001001101101010001100111
00000000010001001111101100111000101100110110001
00001000100111001100011101111110000100000011110
00010000111001101110111100011000100000111001110
00001000100001100111000010101111101000010010100
00010000100110001111011101001001000001001101101
00010000111111111001001100110111010011010001101
00000000100010010010111010010000010100111000111
00000000000101101101001100011110100011000000000
00001000101010010001010010100001101101111101101
00000000000010000100100010111100000001110110011
00000000100000111000011101101111001110101110110
00000000000000000110011100010001000000111000110
00000000001010010000000001111001110001100100001
00010000111111000101110001011011000110111011101
00000000010011000001011111100001011001110110001
00010000110100111100101000001000011001010011101
00011000110110110110110001101010001001101100101
00000000100011001101110100100111101001011011111
00011000110000100110110100011011011011111000101
00000000101111011000100100101001110100011010101
00000000010111111001100011000111000010110100001
00000000010100110111000100100110111100010110001
00000000000001010111100000001000000010101000111
00000000110110001110110000000100100111100111001
00000000100001101000010100000000100000101101011
00001000010111011011011000111100100111010111110
00000000010010110101011011101011110101000110001
00000000010101111111110011010010111100011001011
00010000100010001101100111100110001101001000011
00000000011100001010111110001100000100101100010
00000000100101001101001100010001110000010011011
00000000001001111110001011101110100100011110001
00010000111110011100010011001110011101010100100
00000000101011101011100010011010111000100110001
00001000010011111010110101110100000110000100100
00000000100110011100010000101011111010100111110
00000000000011001011111001011101101001011111011
00001000110101110110101111001100101101010001011
00000000111101001101000011000011001010110101001
00000000101011111011000000010100111001100100110
00001000011100001110110000110101010011101010010
00010000111101001111101010100011000011001111110
00000000100010100000010001001011100101001011100
00000000101101010101110000011010101101101000010
00001000100101010010011000001110011100100001110
00011000110011010101110100101110010001000010111
00001000011011010001110011110110111111010001011
00000000001010001001101101001111001000101100011
00000000010010110010110000001100000010100100100
00000000010000101111110000000101001011110111101
00000000011100110110110111111010000011010110111
00001000011010010100000000000101011010101001000
00000000100110110100011000001110110011101100011
00001000010001111100111001001011010001011110000
00010000100001000111100101100101001000000001111
00001000010010010111011111101101101111110010010
00000000010010100000011100001111001011110110000
00000000000101110100000000001010110110110100010
00001000101010001100111101000100111011000101100
00001000100100011100110001010100011010110001011
00010000100110011101110111100001100010100100100
00000000000100101111100100110110001100100101001
00011000110000010110111000011001100010111000101
00000000010110111110110101110111110011000111101
00000000110011001001110011111100000100100111111
00001000010000010101001001111101001100110001111
00000000000100100110011000101100011111100100100
00000000101110000101100101011110011111011110101
00000000011010011001011101001101111111110011110
00000000111000101101111100001010011010010100011
00001000110100010001000010000010111010100111101
00000000011010100100001110111100100001010011100
00001000011000100110000001000111100001000110101
00000000101011100100111001101111001001000110011
00000000011010000011001101001001000111001010110
00000000000100101110110111010010011111100011111
00000000100111010101111111001110001001010001100
00001000111111110100010010101000001111000000011
00010000100001100111100010100110000101010011100
00000000100011011100000001111000111110111011111
00000000000000100010111000100001001000111101110
00001000101110010111001100101111110011111110101
00000000101000010010111101000010101001001011000
00000000001011011000010000000000001011010101111
00000000011001111100100000001111110011010111001
00000000100000101110111101111101111001111001100
00000000000100101011010000010100110101111100101
00001000100110100111010110100101101011001111010
00000000010111101111110101001101000010100100110
00000000000011011101100010011110010010010110000
00001000111111101000101111110011110000100010011
00010000100001011011001111010110100110010001000
00010000110110000011000010110111010010101111010
00010000101010101110001100100101110101100010101
00000000000100100111100011110011001011011001001
00000000000001111000100111101100111011010110111
00001000100001010111011010010101110010110011100
00010000110011010100011111100001011011100001001
00000000010110110000000110001110100000100000001
00001000100001110101110011010111111010110110111
00010000100001000001011111001110011010000011000
00000000000010110010100001001101100101100001001
00000000011100010011111100101011011010111010110
00010000111110111110101000001010011011000010001
00000000101111011001101110001010010110101111001
00000000010000111000010100110011101101010000111
00010000100000011100011110011101010110111000100
00001000010001011011000101101110111100110000110
00010000100011100010111100100011000111111011000
00001000100011111111111110011111011111011001010
00001000010001110001100101010110111001101001010
00000000011011011001000111000011011110000011000
00000000011011101000001000000000000101010110001
00000000011110110101000101110100010011001000011
00010000101010110100011100110000110001011010010
00000000000011101010101010110001010000100001000
00000000101101010001100110010011111110000001101
00001000101001111011011110010110001100000111110
00000000000011001100001101110010011101110000010
00011000110110011111001101101101110110000011101
00010000110101011011110101110101000010101101111
00000000000011001001000011110110110011001011101
00000000100011110101101110111011011101110111110
00000000100010110111010110111011000001111011000
00000000100101100110001011010010000000101000100
00010000110001100001001100001110111011111100111
00000000011110100100011000110010100110100010110
00000000011101000101001101100011111000111011011
00001000111000101011010011001011000000101011001
00010000110011011000111111000101011101010100011
00000000010110011011000011101111100101001011110
00000000000110111100011010110101101000101101000
00001000110011110101000001110101110100111001111
00011001000001110101010111110010111100010111110
00000000100010100011111101001110001111011001101
00001000101101011011001001010110000111111111110
00010000101000010111111101101110000011101000010
00010000100000011000110110111001000011010000010
00001000010000001000110010010010100001101000101
00000000101111111100100100111110101010000001010
00000000100011011110111010001110010001110110101
00000000011100011000001011000000001000000000011
00010000110010110110000110001000110111011111011
00001000101110111100101100110111101001011000101
00000000101111110001000101111100000100001011111
00000000010110111110000010110010101110011001111
00000000000001110101001101011110111001010011011
00000000010010000011011001110011001010111101001
00000000011010000001111101110110110000101111111
00011000110000110000111110010111001101011101001
00000000011000011100110011011110000000010010100
00010000111101000001100000111010110010101101010
00000000010010100111001010001010000101110010111
00000000100001001111011111011001101001101100000
00000000100010111101100111000000000010010100011
00010000110010111000001111000101111110111101101
00000000101000010111000000000110010011010001011
00000000010110010001100110101111011011110000100
00011000110010001001100010010010111101110010011
00000000011001110101010000001100100011001100001
00001000111001011001100110100000101011111011001
00000000000101010110001000111000011010010010011
00001000010000110101011110011101010000110111100
00000000001101101000101101011111110111111011100
00000000000001000000011110000101100101001000101
00000000000010001101100010001001010101011100111
00010000111110101111111101101010010101001100010
00001000010000010000010011010110010010010100010
00000000000000111001000101101011100001100011010
00010000100010100010001101110110100010111110010
00000000010010000000101001000100000111101100110
00000000011001101010100000011110000011110101111
00001000011001111001110010111010110101101111010
00000000101011111101010100110000100100000000000
00010000100110010000100101101010111011111101111
00010000100101010010111101100001111111101001101
00000000011011011111001001000010111110101011111
00000000100011110010111100001010110000110011011
00001000110100011111010011011100111101011110000
00011000110000000001111101111010001011110110111
00000000011001110011001101000100111111111010111
00000000111110111000011110011011110011100000101
00010000111001110011101101101111100111101000101
00000000000110001101111101000100011010000000100
00000000000010111101111011000000000111100011100
00001000101101000101010110011010110001001011101
00000000000000010101110101000111000000100001011
00010000100000001011001110011011101111011010101
00001000010110100110011100101000010001100101011
00001000100100000011011000101110111101000101111
00000000100001001010000100010100010011110001111
00000000001011101011010100010111011001101111011
00001000101011101000101000000111010010111011001
00000000010011001001100011110010111010001100001
00010000111110000000111010010111011000000101110
00000000010110000010011011001110110110110001010
00001000100011111100001010101000111110001010101
00000000100000101111011001100001100000010100101
00001000101001000011011010100110101000011111100
00001000111010000010100010011001010000100000101
00001000110001110101010101110101001010101001010
00010000111110010010111111000100100101100101111
00001000101110100010110010000000111100000010100
00010000110000011110100111001011101101110110100
00000000100000110001110100101110000011100101000
00000000101011110101011001100100110101000101101
00000000010101111101010110011110010110101011000
00000000010100111010111111001111000010110010100
00000000010010110101010101100111000000111100110
00010000110111001010001101001110101011000110000
00000000000001111110111110111111011001010001011
00000000011110100101110110010111111100101010110
00010000100011001010010111100100000010100011011
00000000010000101101011111000100101110111001100
00000000000010111011001101000011111110011111111
00000000001011100011110101011010000000011011110
00001000010010010000111111000111100010110010111
00000000011011110110001010001111011110001101000
00000000010000101110111011100011001011010001000
00000000000011000010011001100001011101110101100
00000000101111000011000111001100111100110111000
00011000110000100010011110110001011001111011110
00001000111100101110001010011101011001111111110
00001000010000010011010101010010001000001010100
00000000101101110000110001000000101111110110101
00000000010000000000100001000011001011100011100
00000000000011011010110010000011000001001110111
00001000100010010010110010000110110001101100110
00011000110100000011010101101110110010101011000
00010000110000110101011001001110101110101101010
00000000011100100100101111100011011001011111100
00000000100101101110110000011000000001101110000
00010000110100000100001001100110010111110001100
00010000100000100011010010100110100011001101001
00011000110000110001110000001101101001111011111
00001000010111011110111111101000100010111011001
00000000010001100111111010001011010100001011110
00000000010111001110110001111100111110000000101
00000000011010001110100011100000000001111100110
00010000100110010000011010011101101001111110110
00010000100100010011111011100010000100011110010
00001000101111001010101011101000100101100011101
00000000001101101101011000110010111000110111010
00000000010101001111110110000010011100111001101
00000000110011110010100001010001000011110000000
00001000110111110101110101011001000101001111101
00000000001101000111000011111101001011101001101
00011000111000000001110100100101110100110110101
00010000110111000110011100100110100100011111100
00001000101101101100001001101100111000000011101
00000000010011011100011011100101101011001110011
00000000110001001011000011111011100010011001111
00000000101101000011100000001001011100100111100
00010000100010100010110100101111110100000000011
00000000011110000100001011000110101011010100000
00010000110010010001001010001111001111110110011
00000000100000001110001100111100110110000110001
00001000011000100001110101001111100111110001110
00001000110111111000101010000110101001000100011
00011000110000101110101100000110111001011111101
00001000111000001001011100000111100011011111110
00000000010000011111011111110100011000010110000
00010000111000111010101010001000111111001101101
00000000011000110010111010110111111010000101000
00011000110100011110111100101011100101010010100
00000000100101100000010101010000110101110111100
00010000101100111011111111011011100111011101000
00001000010110011110001001101101111101011000010
00001000011010100111011100100100101010110111011
00010000100000111101100111011011101110011010100
00000000001011011011011010111101110110000111111
00010000111110111110001000000100111010011000011
00001000010010000101111111100011000000100110101
00001000100011100000010001010000100001100000000
00001000100111111101110110111110011101100000011
00001000010000100111101100101010111100100100001
00000000001010111100111100100000010000001001101
00001000101011011111000110010001100100110101001
00000000000100100101000000001111110000010000010
00001000101111010001111001101111111010100001111
00001000100001110000111001011111010001010110100
00000000000000011110010111100110011101111111100
00000000010100110011100100000000101000111100100
00000000010101010000010110111100100110101001110
00000000100001000101111101111011100100011000011
00000000010101110101000001001011100011100110010
00000000011000001101010101100110111100011010101
00001000101110110101000101000100110011111100011
00001000101100110110111010000000110111010101111
00000000011000101110100010101011000001001001101
00000000100110011001010100100011110000100001010
00001000111110000101110111111001101000000101111
00010000111011101101011010111111011000110000101
00011000110001010100011010111111111001010000000
00000000001000101001101000111001011101011101011
00000000001011010101011011010000101110010110111
00000000001001000111000100110000111011111101001
00001000100101000100110100011111101101010111111
00001000111000111001110000110010110111100010001
00000000011101011000100110010101110001000010111
00001000100011001100011001010011100101001000000
00001000101001100110011000101001000101100011101
00000000000100110100011110000001110110101101001
00001000110010101110100101110011011011101100010
00001000111110111000101100100100011111011100001
00000000000100001001100111100011101001110000001
00000000000001011011111010111000011100110100110
00000000000111101100010110111111011101010010011
00010000101001000010000011110010001010011101011
00010000111011100011111000010101100110000010110
00010000111100011101001110011111100010111001110
00000000110010001000000100100001100100011001000
00000000011001110001011110011000011111001001011
00000000000010010010111111110001101010001101010
00010000100010011110011100011010111100100000111
00000000010101110000100001110000110100011010000
00000000001000100110101001011000010011000100010
00011000110010010101011111000010000100001000100
00001000011010001010111101101010000010111101101
00000000010111101001100110001011011110010001001
00001000010000111110110111010001011011111010001
00001000010010110100010101110110010001001000110
00000000110001111100110100110011001011100111001
00001000111111111010100010101001001010100011010
00010000110011000101001010001011100000100110001
00000000101100101111111101010011011111111101110
00000000010100001000111101011010000011011010110
00001000111101000001100011001111011010101111110
00010000110010001000010010000110110000101111101
00010000111010101111111110101010010111010011001
00001000010110000011011010001111011101001111111
00000000001011001001111100111011111101111100110
00010000111111101000101101011101111110000011110
00000000100101110010101101011000001010001111001
00001000111100001111111110111000111001011011000
00000000010011100110000101101101011101011111100
00000000101011100111010110100011010100011100110
00001000010001100100100101110110111111011010001
00001000100000100101001111110111110100000110011
00010000101000000100110100111010010000100000000
00010000111000000001100110000110000100011000111
00010000110101101101111101000011011101011100111
00000000011100001100000001110000110010111101100
00000000010010000101110101110111001011110111111
00000000000000111001100000110000000101010110110
00001000101110010111110000111010011001011000111
00000000100000011001010100110011000010101100011
00000000010101000001111111001000111101001010110
00000000010011001010101011111111010100101010100
00001000010111101110000100010000111010111111100
00001000100011010011101011101101000100011110011
00000000111010001000111111000101101100001100100
00010000100001101000111110001000000010110010111
00001000110001111000100110100000010100010010010
00000000101000001000100100101000010000010110111
00001000010000010110000001111100001000111011011
00001000101000110100011111011111001001100111000
00010000100001110100101111001011000001111010001
00010000100001010001011101101011001011011010000
00000000111011000000011100011101101110101110010
00000000001000000110001011010100100110000100101
00000000101111010101101110101000011101000001000
00000000011001110111000110000000110011100001110
00010000110101001111001010011010001001011000111
00000000101111111111100101100010001111100100010
00000000011110000100110101000100111100101000110
00001000011101111011010000111011000010000000111
00000000000010001111010101000001001111010001010
00001000110111011000110011000111010110001011001
00000000101111101000010100100000001011010111101
00000000110111110000111110010110100000110110011
00000000000111001001101010101001110010011101011
00000000000011100001000101011111111011100010011
00000000000000101010001101101010101001101111011
00001000111011110000110110001000011011011011011
00000000101011100001010010000100101010010111010
00000000111000100000010000101010001010000100010
00000000000101100101000011011110111011001000000
00000000000010100001000111000110101110010000010
00000000011011011000111010010101111000011010100
00000000010000110110100101111100000100000101111
00000000100011101001011001111101110001100010101
00000000001100001100001011011010110110001001101
00011000110101111100011000001000111111111011001
00000000101011111101101110001011111110011000100
00010000100000011100001111110110001001000100110
00010000100111011000100011111011111011101100101
00000000111000111110000001110001011011101001010
00000000101111111010011110011010100100100100011
00000000100000101001101100110100110010000110001
00000000011111011111001001100101010101101111101
00000000001001110111110010101000110100011100101
00010000100010010000110000000010101001001001100
00001000101001100111101101101100111100111000111
00000000000000111001010001010110100010110100100
00001000011001011010000110011010010101111011110
00001000010011100010011100101011110000010001011
00000000100100010101111011000011111111100101100
00011000110010111110110001101101100110111010000
00010000111111000101110001111001000010110101011
00000000010010100110000011111100001111111111100
00000000100100011001101010111101111001111100111
00001000010000100011101100010011111111110000101
00000000100110111111011000001010111010001110110
00001000010100000011011000101100000000001111001
00001000101111110110110000110001001000000000001
00001000100111000001111011011011101001010111010
00010000100000101110001100101011011011100100111
00000000100010100110011101001000000100000100001
00010000100000100011011100110101011100101001100
00011000110000010010100101010000010100001110001
00001000101000001100111111010110010110110100111
00010000100010000110011001111011011010100000010
00000000010100100000110001011111010111000011011
00000000110110111110111101100100110011110110001
00000000101001000110111111011100010100011101111
00001000110110110111100000111110011110111001000
00010000101001011110011000010011101000111110101
00000000101001010100111011011101000011110111110
00000000000101010111001101000100110000001110101
00010000101100000110010010001011001111010100010
00000000100100000001111110000100101110101101111
00000000011010011101100111000101001100100011000
00011000110000000001010010010011100111001100110
00000000001011000010000011011001010010000100001
00001000101000101011100001101100101110110110000
00010000110000110110001000111000100011001101111
00001000010001101100000101110100000001001100110
00000000111110110000101100010101110110110101101
00011000110001010110010110010001111000010100100
00001000101000010010111110011101001001011000001
00010000101010110101000000000010011001010000110
00001000111100011000101101101011101001111010100
00010000100001100001011011000101010111110110010
00001000111010010111110101110000101010100110110
00000000011001100000010010110100010011100011001
00000000011011101010011101111100000111000111101
00000000000001000001010110111010100010001101000
00000000010111111011011011010001110001110101100
00000000000011011011000101011101101110111011001
00001000011000011000101001010111100010111011101
00001000100011110111000000100110100001001011101
00000000110101000111001000011001111101001111111
00010000110110001101000100010001000110110110110
00010000111000110110001001110000011100000100111
00001000100010011110010000011101110000100001100
00001000100101111100000100001100000100111000110
00000000001001110000011001111011011111001110101
00000000010001001100100011111111101111101100011
00000000000110101000111010001101010000001000001
00001000111101011111111000110110111100001001101
00000000011111001101010111000100001000010111101
00000000000001001001101001101100000110100000000
00000000000010100110111010000000100000001010101
00000000011011110000111000011110110000010011100
00001000010100110011100101001011101000100000110
00010000100000110001110010010001011000110101010
00001000101000101101010100111111001001010001010
00000000000100110010000011101111101111100111011
00000000110101100000001101010110100111000111001
00011000110001100110111000001111100100010100111
00001000011000010000110001110111111110011000101
00000000011110110000000101111111010001001100101
00000000000001111110100000011111011100011001001
00001000010101010000000000100101111110100101000
00000000011100110001100010001101000101100100101
00001000010011010001000001001011110011101100001
00000000000100101101101010111001111101001111110
00000000000111011111110000100001010100000011100
00001000100011010110001111001101001111110101101
00001000101010111111100011011001010101110111100
00000000000011001100101010001010000111001111111
00010000110000011101101001001101010100010110001
00001000110000000010110000000111000010001000000
00000000010001001000010001111011001101001001001
00000000010010100111001100010111010010111111001
00000000010011011000011111011100100111110011011
00010000111100110111010000101011000111010111110
00000000000100110010100001110110011010101011010
00001000010010101001000010101101100101111010101
00000000000111011110010100100001100101011100011
00000000101101011010011010011110000111100110010
00000000000110101110011001111010001010111110101
00000000011010111101110001001000011100010101111
00000000100101110101010011010000101101111111010
00000000010011101100111110011001011010000010001
00000000000010110110110010001000101001000000010
00010000111001110100011111011101100100100010001
00001000101010001011100111101111000100001101110
00001000101001100110111110110101101000110000100
00011000110001011111110001010101111010000011100
00001000100000101101010110110101010100111111000
00001000101001100010011010010101100010100101110
00000000101000000001011111101100010101010111110
00010000100010111110011101110010100011110101101
00001000110001111011000111101110111000001001001
00000000000011011101110111000000111001000011111
00001000100100110010001100000111011111001011100
00000000001000011101100111001110110000110001101
00010000100100001111100001110111000101010001010
00001000110011100001101101100110010101001100001
00000000000101001110111110101011010001001011010
