01100011000000110001011010001001000010110011110
01110011100001111100101010101111110011011001101
01110011110111111011000100000000000010100100101
01101100000101111010000001000001111000000100010
01100011000001111101100011010100000001001111011
01110011100000110111000000101100111000000010010
01110011100000110001100011110101101010101111100
01110011100000110101001010001001110000111010001
01110100000101010100110110110010010101110011000
01101100001000110000010011000111010011001001110
01110011100000110011100010000001111011111100001
01110011100000110001000011100111011111000110001
01111011110001011000111101010000010111101101011
01111011110000110000100010110110111110110010010
01111100001101011001001101110111010011010001101
01101011100101010011111010010000010100111000111
01110011100000110010110011100001011100111111111
01111011110000110001010010100001101001111101101
01101011111101011011011101000011111110001001100
01100011000000000111100010010000110001010001001
01101011100101111001100011101110111111000111001
01110011100000001111111110000110001110011011110
01110011100001011010001110100100111001000100010
01101011101001111110100000011110100110001001110
01110011100000000011010111110111100110101100010
01110011100000001001001110010101110110010011010
01111011110000010010001011011000010110100100000
01110011100001011001001011100100100100000111010
01111100000100011000100100101001110100011010111
01101011100111000110011100111000111101001011110
01110100011111001000111011011001000011101001110
01100011101010101000011111110111111101010111000
01111100100001001110110000010100100111100111001
01101011010000110111101011111111011111010010100
01110100000001100100100111000011011000101000001
01111011110000001010100100010100001010111001110
01101011101111100000001100101101000011100110100
01100011000000110010011000011001110010110111100
01100011100001110101000001110011111011010011101
01100011010100010010110011101110001111101100100
01110011100000000001110100010001011011100001110
01101011010000000011101100110001100010101011011
01100011000000001011100010011010111000000110001
01101011010000000101001010001011111001111011011
01100011000000000011101111010100000101011000001
01110011100000001011101001011101101001011111011
01100011000000001001010000110011010010101110100
01110011100000110010111100111100110101001010110
01100011000000000100111111101011000110011011001
01100011011000010001001111001010101100010101101
01110011100000110000010101011100111100110000001
01100011000011011111101110110100011010110100011
01110100001110010101110000011010101101101100010
01100100101011101101100111110001100011011110001
01110011100000001010001011010001101110111101000
01110011100000001110001100001001000000101110100
01100011000000110110010010110000110011010011101
01110011111011101101001111110011111101011011011
10000100010101111000001111110010110100001000010
01100011000000001001001000000101111100101001000
01101100001101101011111111111010100101010110111
01101100001101001011100111110001001100010011100
01100011010000100011000110110100101110100001111
01100011110101011000011010011010110111111110000
01100011011010101000100000010010010000001101101
01110011100011011111100011110000110100001001111
01101011101000001011111111010101001001001001101
01111011110000110011000010111011000100111010011
01110011111011000011001110101011100101001110100
01101100001110100010001000011110011101011011011
01110011100000110000011011001001110011011010110
01110011100000001001000111100110011101000111010
01101011010000000001001010001000001100111000010
01101011100101010110001100000011111011011000000
01100011000000001010110110000010110011001110000
01101011101100000110011000101100011111101100100
01101011010001011010011010100001100000100001010
01101011010000000111100010110010000100001100001
01110011100000110010000011110101100101101011100
01111011110000001110111101111101000101011000010
01100011011100011011110001000011011110101100011
01101100001001011001111110111000011110111001010
01100011100011111011000110010000110110111001100
01101011010001111100110010110110111000110101001
01101011100011001110110111110010011111100011111
01111011110000110101111111001010001001010001100
01101011010000001011101101010111110000111111100
01101011101110011000011101011001111010101100011
01110011100000000011111110000111000001000100000
01110100000001111101000111011110110111000010001
01100011100011101000110011010000001100000001010
01111011110000001101000010111101010110110100111
01100011100011000111101111111111110100101010000
01110011100001111100100000001111110011011111001
01111011110000110001000010000010000110000110011
01101011010000110100101111101011001010000011010
01100011010011011000101001011010010100110000101
01101011100001010000001010110010111101011011001
01110011100001111101101010011110010010010110000
01110011100000110111010000001100001111011101100
01110100000111000100110000101001011001101110111
01101011100110011100111101001000101101010000101
01110011100000110001110011011010001010011101010
01101011101101100111100011010011001011011001001
01100011101110100111011000010011000100101001000
01101011101110001000100101101010001101001100011
01110011100000001011100000011110100100011110110
01110011100000110000000110000110100000100000001
01110100000110001010001100101000000101001001000
01100011111010111110100000110001100101111100111
01100011000000110010000001001101100101100001001
01101011010000001100000011010100100101000101001
01110100011000000001010111110101100100111101110
01101011010000000110010001110101101001010000110
01100011010110000111101011001100010010101111000
01110011100000000011100001100010101001000111011
01110011100000000100111010010001000011001111001
01100011010011011101000011011100111000000100111
01100011010110000000000001100000100000100110101
01110011110010101110011010101001000110010110101
01100011000000000110111000111100100001111100111
01101011100011010111110111111111111010101001110
01100011000000001010111010001011101100110111100
01100011010001001011100011001111001110100101101
01100011010101001010100010110001010000100001000
01110011100000001110011001101100000001111110010
01100011000000000100100001101001110011111000001
01100011000000001100001101110010011001110000010
01111011110000000000110010010010001001111100010
01111011110000000100001010001010111101010010000
01110011100000001001000011110110110011101011101
01100011000000110101100110111011011101110111110
01101011100100001000101001000100111110000100111
01110011100001011001110100101101111111010111011
01101011100111111110110011110001000100000011000
01110011100000000110011000110010100110100010110
01110011100001011010110010011100000111000100100
01100011000000010100101100110100111111010100110
01100011011111100111000000111010100010101011100
01110011110010111011000011111111100101001011110
10000100100000100011100101001010010111010010111
01110011100000001010111110001010001011000110000
01110011110111101010101000001101000011101000001
01100011011001000011011101001110001111011001101
01110011100000000100110110101001111000000000001
01100011000000001000000010010001111100010111101
01101011010000000111001001000110111100101111101
01111011110000110111001101101101011110010111010
01100011011000011100100100111110101010000001011
01111011110000011110101010001110010001110110101
01101011010000000111110100111111110111111111100
01100011010100101001111001110111001000100000100
01101011101001100011010011001000010110100111010
01100011100010110001000101111100000100001011110
01100011000000000001111101001101010001100110000
01100011110111110101000101011110111001010011011
01110100000110000010011001110011001010111101001
01101100000010011110000010001001001111010000000
01101011010000001111000001101000110010100010110
01111011110000000011001100100001111111101101011
01101011101101011110011111000101001101010010101
01110011111101000111101010001010000101110010111
01110011110011010000100000100110010110010011111
01100011000001111101000111000000000010010100011
01100011000000000111110000111010000001000010010
01101011101011110111000000000111010011010001011
01100011100011110001100110111111011011110000100
01100011011100010110011101101101000010001101100
01101011100000001010101111110011011100110011110
01110011100001011001100110100000101011110011001
01110011110000001001110111000111100101101101100
01111011110000001010100001100010101111001000011
01100011010100101000101101011111110111111001100
01100011011000011011100001111010011010111111010
01101011010000110011011101110110101010100011010
01110011100000110000000010010101101010110011101
01101011010000001111101100101001101101101011101
01111011110000011101000101101011100001100011010
01100011010111011101110010001001011101000001101
01100011011100111111010110111011111000010011001
01110011100000110101011111100001111100001010000
01101011010000000110001101000101001010010000101
01101011100011000010101011001111011011111111111
01101011010000001111011010010101000100000010000
01110011100000001101000010011110000000010110010
01100011000000000000110110111101000001010100000
01110011100000001101000011110101001111001100100
01110011100000000000101100100011000010100001111
01101011100110011110000010000101110100001001000
01100011101000101100110010111011000000000101000
01110011100001011000011110011011110011100000001
01110011100000001100010010010000011000010111010
01110011100000001101111101010100011010000000100
01100011010000000010000101111111111010011100011
01101011010001011010101001100101001110110100010
01101011100101001010001010111000111111011110100
01100011000000110100110001100100010000100101010
01100100000100111001100011010111101110011010100
01101011010001111100100111010001000010111010000
01101011101110010101111011101011101100001110000
01100011010000001011010100010111011001101101011
01110011100000110111010111111000101101000100110
01100011000000001001110011110010111010001100001
01100011101000011111000101101000100111111010001
01101011101100111101100100110001001001001110101
01100011000000000011110101010111000001110101010
01110011100000110000100110011110011111101011010
01100011011101111100100101011001010111100000011
01100011010001011101011101100110101111011111010
01101011010000001010101010001010110101010110101
01110011100000001101000000111011011010011010000
01100011000001111101001101111111000011111101011
01111011110000000001011000110100010010001001011
01111100000100001110001011010001111100011010111
01110011100000001010100110011011001010111010010
01110011100000000010101001100001101001010100111
01111011110000000101000000110000111101001101011
01101011010000001010101010011000111111000011001
01110011100000110101110010110001010100111001111
01111100001111000011000001000010100110101110100
01110011100000000001110110010111111100101010110
01110011111011110101101000011011111101011100100
01100011000000110010100000111011010001000110011
01110011100000000100110010111100000001100000000
01110011100000000011110101011010000000011011010
01100011000000001111000000111000011101001101000
01110011100000001001110101110000100001110010111
01110011100000110001000100011100110100101110111
01111100001110000010001001100001011101110101100
01110100001011111100111000110011000011001000111
01110011111111011101100001001110100110000100001
01110011100000110001110101100010100110000000001
01101011010000001100101010101101110111110101011
01110011100000110000110001000000101111110100101
01101011010000110000100001000011001011100011100
01110011100001011010100010000011000001001000111
01110100011101110011110010000110110001101100110
01110011100001111100101010010001001101010100111
01110011100000001010100110110001010001010010101
01101011110101111011010000011100100110100000011
01110011100000110001001111100111111110010001111
01110011111110011011110110011001101000001110011
01110011100001111100101101011001011100110010110
01100011011011101110001111110010010110000100000
01110011110100100001000000010111011101000100110
01111011110000001111111010001011010100001011110
01110011100000001110110001111000111110000000101
01111011110000010001011100011111111110000011001
01101011100011001111100101100010010110000001001
01100011011101101100000100011101111011100001101
01110011100000110101010100010111011010011100010
01100011100100001101011000110010111000110110010
01110011111001010000001001111101100011000110010
01110011111011001101011110101110111100001111111
01100011100110001010001010100110111010110000010
01110011110111011000111100000010110100010110010
01101011101110111110001011011010001011001001010
01111011110001011001100011011001011011100000011
01101011100101010011110110010011000111111100010
01110011100001111100001011100101101011001110011
01101011010000110100111100000100011101100110000
10000100010101000011100000001001011100100011100
01101011010001111101001011010000001011111111100
01100011010111111011110100111001010100101011111
01101011101101001110110101110000110000001001100
01110011100000110001110011000011001001111001110
01100011101111011110001010110000011000001110001
01100011000001011000101011000110101001000100011
01111100010110001110101100001110111001011111101
01101011101110110110100011111000011100100000001
01110011111101000000100000001011100111101001111
01111011110000000101010101110111000000110010010
01101011101101110010111010110111011010000101000
01100011010011100001000011010100011010101101011
01110011100011011111101010101111001010001000011
01100011010010100100000000100100011000100010111
01101011010000000001110110010010000010100111101
01101011101010111000100011011011010101001000100
01110011100000000010011000100100010001100101011
01110011111111100100100101000010001001111000000
01101011101111100001110111111011000101100111100
01101011110011011010000000011100111111001001011
01100011000000011111101110101111011110011111111
01101011101111000010001001000001100010011111100
01101011010001011000010011010101000011011011110
01101011010001111100111100100000010000011001101
01100011000000000000111001101110011011001010110
01100011011111011010111111110000001111101111101
01100011010011001110000110010000000101011110000
01110011100000001111000110100000101110101001011
01100011000000000001101000011001100010000000011
01101011101100101100011011111111010111000011011
01110011100000001111101001000011011001010110001
01110011100001011010000010000100011011100111100
01110011100000001010111110110100011100011001101
01110011100000110010101010011001000011100101010
01110011110100001010111010111011001100000011100
01101011100001001001000101111111001000101010000
01101011101000010001011101010100111110110110010
01110011100001011001010100110011110000100001010
01100011000000011010001000000110010111111010000
01101011010000110010100101000000100111001111010
01101011010000001011100101000000000110101111111
01101011100110110110010111000110100010100010100
01100011101111101010100100101111010001101001000
01110011100000000111000100110000111011011101001
01110011100001011011001011100000010010101000000
01100011000000000110001111001101001000011101110
01101011100001011000100110010101110001000110111
01110011100000110011100110101100011010110111111
01101011100011011001100111010110111010011100010
01100011000000001011100001111110001001010010110
01101011010000110001011010001100100100010011101
01100011000000000111010011011011100000100011110
01110011111001001001100111100011101001110000011
01100011000001011010111010111000011100110100110
10000100010000001100010110111111011101011010011
01100011000001111101111100001101110101100010100
01100011000001111100000111101010011001111101001
01110011111111100010110001100000011101000110001
01110011111011101001000100100001100100011001000
01111011110000110001011110011000011011001001011
01100011000000001100000000001110010101110000101
01111011110000000001100011100101000011011111000
01100011100110110000100001010000110100011010000
01100011000000011001010110100111101100111011101
01101011010000001010100000111101111011110111011
01101011100010110101000010010101111101000010010
01100011100011101001100110001001011110010001001
01110011111001000001001000101110100100000101110
01101011010000001011101010001001101110110111001
01110100000111100011001011001100110100011000110
01111100010110100101011101010110110101011100101
01110011110010111010110101110100011111011001110
01101011101101010000000010101100100000000010001
01100011101101110111000010100101111100100101001
01101011110010011110011100110000100101010000001
01110011110110010111101101111001001111010000010
01110011100000110000000001010101101000101100110
01100011000001111100100101110000100010110000000
01100011000000110110000011000100000010000011001
01100011101110110111010010100010000001111100001
01110011100000110010101101111000001010001111001
01101011100010010000000001000111000110100100111
01100011010100111001111010010010100010100000011
01101011010001011000101001011100101011100011001
01100011100010111011011010001001000000100101110
01100011100101011010110000001000001011111001100
01100011010110111011001011000101101111011111111
01111011110000011110011001111001111011100111000
01110011111101110010000010111100100010100011000
01111011110000010011111110001111001101000010011
01110100000101111010001010001000110100001000000
01101011100111011001100010110000000101010110110
01100011010110001000001111000101100110100111000
01110011100001011001010100110001000010101100011
01100011000000000001111110001000111101001010110
01100011101011110101010100000000101011010101011
01100100001110010001111011101111000101000000011
01110011100000001100010100010010111011100001100
01101011010000001000111111000101101000001100100
01101011010000110111000001110111111101001101000
01110011100001011010100110100000010100010010010
01111011110000010111011011010111101111101001000
01101011010000001001111110000011110111000100100
01101011100011001011100000100000110110011000111
01100011000000001011010000110100111110000101110
01100011010111101110100010010100110100100101111
01100011011100111111100011100010010001010001101
01101011100011000110001011010101100110000100101
01100011101001101010010001010111100010111110111
01100011100001101000111001111111001100011110001
01100011010100110000110101100101110110100111000
10000100000011011111100101100010001111100100011
01101011101000011011001010111011000011010111001
01101011101110100100101111000100111101111111000
01101011100010101111011101000001001111010001010
01101011100100100111001100111000101001110100110
01110011111000101000010100100000001011010111100
01101011010000001111000001101001011111001001100
01111011110000001001101010101101110010011101011
01110011100000000001000101011111111111100010011
01100011010101010101110010010101010110010000100
01100011011100001111001001110111100100100100100
01101011111010111110101101111011010101101000101
01110011100011011111101111010101110101111011101
01110011100001011010111100100001000100110111111
01110011100010011110111000111001010001101111101
01110011100000000111000101101010000111100101011
01101011101110001001011010000011111011111010000
01100011011100001001010001111101110001100010101
01101011101100110011110100100101001001110110010
01101011101110000011100111110111000000000100110
01110011100001111101101110001011111110111000100
01101011010000000011110000001001110110111011001
01100011100000100111011100000100000100010011010
01101011010000000001111110001110100100010110101
01110011100000000101100001100101011011011011100
01100011000000110110010011001011001101111001110
01100011101101000000110110011010101010010000010
01111011110000010111110010101000110110011100101
01110011100000001111001111111101010110110110011
01110011100001011000010010010011000011000111000
01110011100000000110101110101001011101001011011
01100011010001100101111001100101101010000100001
01110011100001111101100011010100001111101110100
01110011110010001010000100111100000000011010011
01110011111011100001001110010010011001000101111
01110011100001011010001110000110111101001010100
01101011010000000110000011110100001111111111100
01100011000000000110010101000010000110000011000
01100011000001111100010011101100000000001111010
01110011100000000000100111110101000101110001001
01100011011010111100100111010011111111110000110
01101011100000001001001111001110110111111111110
01110011110011111110000100100100010110101000101
01110011100000110001110011010100100100011011000
01100011101111111001100010110111111011111011110
01100011010010011100100011001010100011010110011
01101011101111101101011010101111101011110001110
10001100010000110011000000101001101001001011000
01100011000000001110011001111011011010100000010
01100011110111011111001110100000101000111100100
01110011110000100001000010011011001100001001110
01101011010001011001000000100011101011100010000
01101011010000001000011111000001100001000110111
01110011100000000001100111101100010111000001010
01110011100000001011000100100010111100001000001
01110011100000110111001101010100110000011100101
01101011010001011001101101110100110000101011101
01101011010010011110000001111011010001010010000
01101011100110011101100111000101001000100011000
01110011100010011110101101101100011000110011001
01101011100001111101111100100110101101111011110
01101011101011110100011110010011010001001001111
01111100010100001001110111000111011100110010000
01101011101101010011111010001011111110110011001
01100011100000110000101100010101110110110101001
01110011100000001001101001101110000111101011011
01110011100000001101000001100010110110100111110
01110011100000001010111111111101100110101111001
01110011100000000111010010010100010110000101011
01110011100010011110100100111010101000001001101
01100011000000001000001010001111010101011001001
01110011100011011111101101001011101100011100110
01110011110110110101100010000011111000111000010
01100011000000000011010110111010100010001101000
01110011100000000100100100101110001110001010011
01100011101010000100111010100010010001000100110
01100011011011100111010110101000011101000100010
01101011101110001000111111011001011110110100010
01101011010000000111001001011001111101001111111
01110011100000110010111011101110111001001001001
01110011111001101001110110001111100011111011000
01101011010000000001101111100010001111011110011
01110011100000000011111011110011111011000111001
01101011010000110000011001111011011111001100101
01101011101011101000100011111111101111101100011
01100011101110001000111010000101010000001000001
01110011100000000000000111001001000011110110010
01100011011000001101010111000100001000010111111
01110011100000001101101001101100000110100000000
01100011010110000110011010000000100000001010101
01111011110000001111000111100001001111101100011
01100011100101001100011010110100010111011111001
01100011111000001110001101101110100111001010101
01110011100000110010101011000000110110101110101
01100011000000001101111100010000010000011000100
01110011100011111111110010101001011000111000110
01111011110000011001000111110000011011101011000
01100011000000001111001110001000000001100111010
01110011100000110000000101111111010001001100001
01100011010101111110100100011111011100011001001
01100011000000001111111111011010000001011010111
01101011100001110001100010001101000101101100101
01110100000010001110111110110100001100010011110
01111100100110001101101010111000111101001111110
01111011110000000000001111011110101011111100011
01110011100000001001110000110010110000001010010
01110011110000000000011100100110101010001000011
01110011100000001100111010001010000111001111111
01101011101010000010010110110010101011101001110
01110011111000011101001111111000111101110111111
01100011101110010111101110000100110010110110110
01110011100001011000110011101000101101000000110
01100011000000000111100000100011011000001100100
01111011110000001000101111010100111000101000001
01100011010110001101011110001001100101010100101
01100011000000110110111101010010011010000101010
01100011000000000001101011011010011010100001100
01101011110001011010011010011110000111100010010
01110011100000001110011001111010001010111100101
10000100000001111101110001001000011100011101111
01110011111111001010101100101111010010000000101
01110011100000001100110110011001011010000010001
01101011111011110110010010001000101001000000010
01111011110000001011100000100010011011011101110
01100011010111110100011000010000111011110010001
01101011100001111001000001001010010111001111011
01111011110000000000001110101010000101111100011
01110011100000110010101001001010101011000000111
01100011110011011101100101101010011101011010001
01100011011101011110100000010011101010101000001
01110011100000000001100010001101011100001010010
01100011000001011001000111101110111000001001001
01111100001111100010001000111111000110111100000
01110011100000001101110011111000100000110100011
01110011100000000010011000110001001111001110010
01110011100000110000011110001000111010101110101
01101011101011111110010010011001101010110011110
01101011101011010001000001010100101110110100101
