011111100000100000101010011000011010100101011001100010101010011011100001100110010110011011011100101011100001011011010100011000010011100101100011100100011011011100010111101000010011100000110001
100010011011011001010011011100011111011101010001101011100011100000100001100001100000100110100000100000100101011111011111011101011111100000101010011011011111100111100000101000011101100011100011
011100011011011010010111100100010100100010010010011111010011010100100100011111011100100111011111100010100000011100110011100111011100100000010011100100011111010111100001100110011010011111010110
011110100100010101100000100000011011100000100000011111011111011101011010011011011110011110011101100000010111100000100101011011011111011011100000100010100100100101011111011110011111011101011011
100000011111100110011111011111100000011010011011100110100000011111011110011110011001100001100010100110101001011101101100100100100000010110011111100011011011100101100101100111011101100010100111
100101011111100000011010100001011111100101100110011011011111100000011100011101011111011111100011100000100000011111011100011011100110011111011111100100011101100010100101011111011101011101100100
100000100001100101100000011010100000011111100000100000011110011101011111011110101001011110011111100001011111101010011101100000100000100111100000011111011111011111100011011101101000011001011111
100000011110011010011101011111011111011111011101100000100111011010011111100011011101100000010011100000010101011100011111100000101000101001011100100111010111011011010010100000100000011101011111
011111100001011110100010011100100001100110010110011111101001010110100100011001100001100000010101011000100000011000100111011011101001100000100100100000100111100000011111011100010101011100011100
100011011100010110011111010111011000010101101101100011100100101011011110010110100000010111011010100001011111100011011101011010010110011100011110011110011111100101100001100000100101010100011000
010100101010100000100000101000010000101000010100100000100110101010100000010100010011100100010011011000011101010000010110010101011001101000101000101011011001110011100011011001011010100110010110
011010010111011111001111011101101101010011010111100100011010100011011100100001100110100111010111100111100000010111010010101010101001100000101000101000011110011010100000011000010110100000101000
100101100000101100011011100110011111100000010110100110100100100110011000011001101100100011010100100010011001011010101010011111100001010010101000011111011011011111011100100100100100011100011011
100100011111010101100010100110010110100110010111101010100011011111101010011111110010010111100000101001100110011011101001011010100111011111011100101001011001011011101010011111101100101100100100
101111100000100111011010100000100000100111100000100011011011100101100001010111101011100010100000100101010001101001100000011111010000100111101010011101011011011100011011011110010110100010101000
100000011011100111100010100110011010010110101000100101011011100001101011011000011011011011101010110000011111100000011110011010011111100010011001010111101000010100010101010101011111011110100111
100111011101011010100011011000101100011111011001100010011001011100100011011111100101011111011111011000011001011111100000011011100100100101010100100000100000100000011011100011011101100100011111
101000100100011000100100011111011100010100100000011000101101011010100000011111101001100110011100011011101001010110100101101010100010011110010101100111100001010101100101100001100110011000101101
011010101011100100100110100101011001011101101010100110100101101100101000010101011000010010011001101001101010010111101001101110011001100010011001010011011000010111011001010100010011011000011000
100001010110011111100000010111011100011011011111100010100001011101011100011100100000100000011111100011100000011010011110100000100010100000010111011001011100100000011001100000100100100000100111
101000011100011000011101011011010100011111100010011101011110011101010111101000100100100000011100100100100100011111100011101001011111100100010110011111100000011111011111011111100111100100100000
101001001011100001100110101111101010101100010100010101011010100010110101010011101100011100011101100101010100110100010110100100001100100000010011011011101100011011100110100010100100001001100000
010110011110100110011111011100011111100100011001011111100000011101100101100000011111011100100011100000011111100000011011100100011111011111011001011110101000011110100111100000100010100011011001
100110011111100010100000011101011111011001011100011111011011100000011111100000011111100000100101100001011011011010011010011110011101100101011111100000100100100000011100100000011110100000011111
100010101001100100011100011100100010011000100101101001100010101000100001100100010111010011100100100111100011011111011101100111101010100111100111011000010101101000011011100001101000100011101010
101011011011100110101010001111100110100100011100010110010110010101010100101101010010011011101001010001010011011111011101100101011010101100001111101001001010101011010100010010011100100100010011
101000100101010101100000011111010110011011011001011001011110101011100011100000100110011111101000011011101111011001011010011000011001100100010111001100100101101000100110100110010111011010010110
100110011010101111010010101000101110101001101000100110101100010100100101101011011000010101101000100111011000100110101011011000101100010001100111100000101011101110100011011001010100100000101001
100101100000011111100101011000100011100011011111011111010110011111011010101001100000100011100000011011100000100100100001101011100001011011100000100000100000100010011111100001101000011111011010
100001101000011101011111100001100000101010011111100000011111100010100000011111100110101001011110100110100000100000011011100110100000101001100000011111011111011111011010100000100101100000011111
100000011111011111010111101001100001011110100101011101011101011001101001011110011101011111100110010101100100011000100011100000011111011100011111011111100101100010011100011011100101100010100000
101111011000010010101011011000010111010111100011100100110010011110011000011010100111100110101001100101101101101001101011110000010101011100100100101111010111101110100100011001010100010101100011
010100100000011100011111011101011111010111011100100011011110101000100100100110101000100110100001011101011100010011100101100000100101011011101111100010011100100000010011011001011111100000100111
100010011111100100100011011011011110011111100010100100011111011101011111011100100100101000100000100011100000010111011011011111100011011100011111011101100000010101011111011100011111100001100000
011100101100100011011010011010100100011101100110100010010010100000100010011010011111100110100000101000101010100100011111100100011000010010100100100000011001100100011100011001100111100010011100
011111011111101000011100010100101001100111100100101000010011100000011110011111110000010111011110010110011111100000011100011100011111010101100110010101011010011111011101011100011100011001100011
100001100000100100101101011000100011011001011110101000100000100000011111011111011111011100011011100000011011100100100100011010011111011111100001100011011111011001100111100001100011100010100101
011111100000011010100000011111011111011011100000100101011111100101011100100000100000011110011011011111100000011111011110011111100000100000011110011011011111010111100000100011011011011001011101
010111011011100100100011010110011010010101011001011011011000011111010110011100100011011111100100101011101000010101011111011111011111010111100010011100010110110000100110100110100111011010100000
100110100000100000011011011111011001100110100100011011011011011100100000011101100000101001100100010101100010100011101010011111010110100000100000011011100000100110100001010110100110100100100000
011111011101011010011111011111011010011010100011100110011100011111011010100111011111011100100000011000100011010100100010011111011001100010100011011110011101100101011111110000011010011111010110
011111101000011011100000100110011100010101100010011101100100011001100110011111101001100010011100010101100010100101100000011111100011101010010101011111011011011111011111100000011101100000100000
011111100111100000011101100111100000100110011110011000010001010111010101011011011001101000011010100101100111100011101001100100011010011001100001011011100001011000011001010001110000100000100101
011111100011100100010111011100011000011111100110011111011001011111011111011000100011100001011111101011100010011101100011011001100011011001100000011111100000101001101010100011011110100011100100
011111101001100000101101011100101001100010100011010010011001100101101000011011011110101010011011011111100000010101011110011000100010011001010111011010010011101001010011011111100100011100100110
011111100100011101011010100010011111100001100100100000101000011100011101101100100111011000011011100000100001011011100000100100011111100110011000011101011010100101100000100110100001011111100010
011111100111100010011101101001100100101010010101100110011101011111010111100001011101011010100000100000011111100001010100100101100011100001011111100110100011100100011001011010011011100001100000
011111101001100011010110011000100100100110011010011001101001100101100111100001010110011111100011011111011110011101010101010111011100100000011101101000101000010011011101101101011110100011011110
011111011011011101100000010111011110100000100011100111011100100101011010011011010101101010100000100101011010011101100111100101100000011111100010100110101011100010011011011110100001100100100000
011111011111100000011000100010011011100000011000100000011100011001011111011011100010100000011010100001011010011111011101011100101000011101011101100101100011101000100000100110100000011100011111
011111011101100111100010011100010101100000010100011111011001101001100000010110010100010100100011100000100010100111101000011110100101011010101011100011010011011111100011100101100010001111011001
011111100010010110100010100000011111101111011010011101100000011010100001101010010101010101100000011010011111100000011111011100100000100011011111011000100110011110011111011100011100011111011101
011111100110100010101101101100101001011101101010010101101101100110100000100101100100011100011100010010011011101101011111100010100101010101100111011110100000100001010101010101010111010100101011
011111100100100111101011101001010101011110100110101111011100011111100000101000010111100100011000011101011101100010010110100101100001011111011001100110010101100111100101011111100100100111100110
011111011111011111101010100101011111011111011001010110011100011101011111011110011101100000011110011100010111100000011111011111100000100000011111011100101001100010100000100000100000100101011111
011111100001010100101000100010100011011111011010101000011010011001011110010111010111101010010010100000100100101100101011101000100101011110100100100101101000011111011011101000101010011011101011
011111010001101001101000100010100111100110011101100110011011100101011010011000011111011111101000011110011101011010010101011111100111011001011110100010011111101011100101100010100000011010011111
011111100010010111100100011100010100010101100000011111011111101000100011100010011111100000011000011000011100100000010111011111011110100111100110011001011011100010010110011110011111011011100010
010010001101011001011001100100011011100110010111011011101001001111011101011011100110100001101010011111101001011101010110101001011100100000101010011011011111011111011101101001100111011110011110
100110100111101110010000011111011011101010011111010110101010100110100011100011100110011111100110011111100000100000011001100101011001011011101000011000100000100000100000010000100011011111011100
001101100000101000010111011000101010100011011111100100011011011010100001100111011001011111011100101000100100011101010110100000011110011010101010011100010110100010011011011100011001011001011111
100100011110100000011100100110011111100101100000011111011111100110100100011111011011010101100000011011100001100000010110010100010101011111011100011111011110011111100110011101100111100000100100
011100100011100111011001010111100111101010010110010110011010011110010111101110101101101000011000011001101111100010011011101001011110100110101000101011011101011011011011100100010110010111011111
011110011110100000011111011111100000100101100001100010011110100010011111011101011111011011011111011111101001100001100000011110100011011011011110011011011100100010100001011111100001100000011111
100000011001100010100010101011100000100101011000100101011111100100010110011111100001010101011110100000100011101010100111011010100101100001011010100000100111011010010111011101101000011111011100
100000100000100110011101011111011001011101100011011111101001101010011101011011011101100110011101011111010111100010011000010110100010100000011000011011100100101000011110010111100110101011011011
011001011011100001011111011111011110011111100011101000011010100010100111100011101000100100011001011011100100011101011111011001100000011101100000100010010101100011100000100101011111011100100000
011011010110101010100100011001011000100011101000010111010110011110110000100001100111011111011001100111011100101000010001101011010110110000011010101100100001011010100011101010101010100011101000
011100011011100100011011100100011100100000100010100000100000011010011100011000100000010111100000101001100000011111100101100001011111100100011100100000100000100011100000100111100000011111100100
100111100001011101100000011000100000011001101000011111010111100011100100011111011101011100011100100011100000011111011010100101100100011111011001011110100000100000100000100011010011100010011101
100000011111101000011111011011101000100000011010100101011011100000011010100010100010100010011010100000011000011010011000101000100000100000011111100100100110011111100111011010100100011101100011
100001100101010001011000011001010110101001011111100000100000011001001111100010101000100111011000011101100000010111100001100010011010100000011111101000100110100011101111011111100001011001100000
100010101000100011100000010011101110010110101010010001110000101010011010010111011100100000010110011011010101100101001100011011101011100011010100001100001010101101010101010101101011101011101010
011100101111011101011011100101100010011000100011011100100000101000011101010010100011100010101001101010100101011010100111101110100011101100100010100001101100011010110001010000101010010010010010
100101011011100000011111011111100111011000100011011011011100011110100000100000011001011111011001100011011111010111100000011110011100100110100000100010011111011111100111100101011111100101011100
100010011010100100101000100001100010011011100001101001011001011110100000100011011100100101100001011110100100100100100000011111011010100101100100011010100000011101100011100000100100100011100111
100011011111100100100011011100011101100101011011010010100000100101100000011001011011011001100010011011011111100010011110011000011000011101100000100000011111101010011011100010101000011010010111
011110101001100100100000100011100011100101100000100100100001100110011000100000011000100001100111011011100000100001011101100000010111101000011000011110010100100101100110101000100011100000011101
011111010101100011011110011111011101011011100100011011100110100100100000100000011101101001100000100000011111011111011001100111011111011111100111100001100000011111100000100100011010100000011101
011010011111011111100100100000011111100001011100011000011111011001010111011100100011011001100100011010011000100000011111100011100100100000100010011110011111100000011111011010100000011111011101
100011010011101001011101011001100111101111100101011111100000011110011000011010011111010110101000101001011111011000100101011010011111100110100111100000011000010111011010010101010111011100011000
100011011010100111011100011011011111011111011100011111100000011111010111100010011001011011011101011001011010100000011111100100100000011111100010010111011111011001100000100000100010011111100000
100000101001011011100000011000011111100000100000100001100011011111101001010110101010100000100101011001101000100001100101010111011001100000011100010111100010100111100000011101100000100000011010
100010100001011100011101011011100011110011100101101011011011011011100100010101100100100011010100100010011100100111100001100000101000100000101000100101100010101010011011011111010110010100100000
100111100000011111100001100001011101101011100000101000011011011100011000100100011111010110010110011011011011011100011100011111011111011100100100100100100010100111100110100100011111010101010111
100011100000100000011110101000100110100000010101100010101000100110011110100010100111100101100011100011101010011011100110100000011111011101011111100000101000010011011010100010010100011001011011
100101100001100110011001011010101010011001100110101000010110011111100101011010011001011010010010101000011111100000011000100011010111101100100010101101101000011011100111100100011011011111011010
011101100000101001100100011111011011011111100000100010100000100000011101011111100000100100011111011111011111011101100000011111011010011111100010011111011111011000100000011011100000100000010110
100000100011011011100011101000011001011110101001011010011111011111100111011111011110011010011011011110011111011111011111100101100000011001101011011100011010100000100011011010101000011110011110
011011011011100010010111100111011000011101100101100011011010100001100000011111100001011111100001100000100111100000011010100011100111011100011110010111011101010110010110100100100111011011100000
011101100000100001010110011110100100100011101000100001100011101000100000010101101000101000011111010100001111010101100011011001011011010110100100100000101111101010011111101010101011100101100101
010110011110101010100101010011101100101011100010100011011110010100011001010110011100101001101100011011011100011101100100100110100011100110011111100110101011100010011010100000010001100000100001
011000100001100100011100100010011000100101100000101000011101100000011111100101100000100111011100011111010110100110100100010101100000011111100000011111100100011011100000011010011001100000101010
101011100001011101011111010101100101100110011011011001011010100100100010100110011100100110011111100011011111100110011110100110101000100100011110010011100010011000011100100000010101100001011011
100000101001100000100001001110010010011001011010101000011111100000010111100111010101100000100000100100011101010101100101100111100110101000101000011111011111100011100111010101011101101100011000
100111011111100110010111010110100111100000011010100011011000011101011001100101001111011101011000011011100010010101100011100111100110101111001101010100110001100111100010010111100100100110011011
010011101000100100101010010011011111010111011011100101101100010111100111101010001111011110011110101000010110011011010101100000101110011011101000101000100000010101101110011110100010100001011111
100101010101100001100000011110011001011101100001101000011100100000011001011011011110011111100000011111011111100000100000101001100000011010100010011111011111100000011100011001100110011000011101
001111011010011101011110100001011001100110100101100011011100010000011001100011011100011001011111010011100000011101011010011101010001011101011100011111011100011000011001100001010110011111100000
101000011111100100100110100000100110100000100000011101011101011100100000100000011011011111101010011100011110011010011000011111100101100110100101101011100110011111011000011111011010011101101000
100100011100100001011111011100101100100011011011100000011110011010011101011100101001011111101000100101100110011111011111100010010110011111011011011001101000100101011111100000010110010110100000
100000100001010111100000011111100011100011011111100001011100011111011111100110100000100101100110100000100000100110100100011011011110100000011100011101100000011000011101011111011111011111011110
100101011111011100101101101101100000110010100011101100100111011011101010011001011101010110010111100110011011100101010100101101011010011001011001101100100111011001100100011011011111011000101001
011111100001011111011110011100011110011111100101011001011011100111100000011110011111100001101101100000100111011111100101011111100100011111100000100010011111011100100000100100011011011111011111
101000011100100000100101101000011000011100101000100101100010100101100000100000011011100011100011100111011110101001101000100011011111100100101000011100011111011101011101010101100110010111100111
011101010100011010011010100000101001011100100000011000100000010101100000011010011111100001100100011111100010011100100100011100100101011111100000011101101011011111100000011111011100011111100010
100100100111011100100001100110011110100000011111100000010111100010100111100101100011011111101010011110100100011011100000100000100000011010011111100000100100010110010111100000100011011010100001
011001011001011110011011100011100101011011100010100011100011100010011111011000011111011001011101100110011010101001011011011100100101010101101001011111101101011100100000100111011010100000011000
100111011100100010100100100000100000100110010101100001011111011111100011011101011001011111011100100000011111100100011111100000100000100001100001100010011101100100100001011111100001101000100001
101110010101100100101001011101101010011111011101011100100010011001010101100001010001101001101001010111101000100111101001100000011000100011010100100111100110011011011111100100010111101010100100
011100100000100011101010101001011100100110011110100010011100011111100111100000011100011110100110101000011111011010011101011000010101100101100100101010100000011101100101100100011001011001011111
100101100000100000011111100000011111100001101000100010100000100011100000100010100000011101100110011111100000100111011111011100011010100000100011011111011100100100100101011111011010100110011101
100001011111101001011100101010011101101011011010011101011011100100011011100100011011100010011011011110010110100000011101010011010111100000100111100001011110010110100011100010100111011110010010
011010101010101101100010101010010100011010010110011011011110100111100000011000010100100011010110100111100010101101101000011011101110101100010110011100100101101010010010101101101001101000011000
101110100111100100010010011100100101100111100101100000100010011111100000100100100100011101100110011101101000011001010101100111011101010101010111011111101100110000011111010111011111010011011001
101001100000011101101000100010100110101000010110011110011101101000011111100000100000100000011111011111101010100011100100100111010111100001011101100010100100011111100001100011100000101001100000
011111100101100001100000011111010110100011010110011101011100100011100000101001011111100110011100100101011001011110100011100110100110010111100000011001010110100000100011011100100000100010100001
100000100000100100100101011101011111011010101001101001101000100001011101100101100000100100100100011110011001100010011001011001011011100011100011011011011110100111100000011111100010010110011001
011010100100101010100101011011100011100101011110100001100000100011100111100101011011101000100000011001100000010100100011100000011110101110011101100001100101011011011100011000011001011011011101
100100011111100111011111011111011110101001100101011111011111100111100000011010011011011110011000011111100001100011100110100000011110100010100110100111011011011111101010011111100000100000011010
010110101010100001100010011010100110010101011111011001010100011110010101101001100101010000010010100011010100011010110011011011100011011000101100101000100001010011011011100110100101011010010101
011100100111100111101101010001011010100111101101101110101001001011010110010011100100101001101000011100011011011000100111011110011101101000010100100111010111101001010101010101100100011110100100
011011011111100111100001011110100011100000011001011111100101011111011110100000100101011111100000011011100011011001011001011010100110011111011010100000100101100000011011011100100101011110011111
011111011111011110100000100111100101011000100000100000100011100000011100011111100100100000100000100000010101011010100000011010011110100000011001011111100000010111100101011111100010100010100011
100111100111100101011111100111100000100111011110100000100010011010100001100111011010101000100111011101100000011111011100011000100000011011100101100001100000011011011001011111100101100000100000
011011100111010111011010010010011001100110101011010101010101010010100001100000011110011110100100100011101100010011101111011011100010101001011001010111101011101110011001011000100100011100010010
100000100000100100101011100000011111101000100011010111011000011110100101100100100111010101011100011000011100011000011111101000011111100000010111011111010101100001011111011001011011100001011111
010111100000011000010011011100100001011000011011010101101000010111101010011001101001101001011010011100001110011111011100100000100110010101011100011011011111101100100110011010010111101001101000
100110011000100110011101011111011111100000011111100100101011100100010111010110011111100001100000100110100111011111011110100001011001011011101100100010100000011000100111011111011111011111101000
011110100110011011100111011101100000100001100001100011011000011110100000011010010111100000011111011010100000011111011111011111011100011111011110011101100111100000011100011111100111011111011110
100101010111100110010111100010011011101110100111100000101001011100100011011101011010100010011100100100100010100100011100100110011100011011011000011100100001100111011011011100100001100000100100
100000011111100000011111100011100010011100100000011011011101011111100000100010010101101100100000100000011000011100100010011111011000011111011110100011011111100100010100100000011111011110011110
100001011101100001011011101001010011011010100011011111100001101100010111101101100101101010010001101100100100011110011010100101010000011111101101100001100000010110100110100110100000101011100000
010110101100010010011001011011100111011100010011100000011101010101011111100110100000100111100011101001100010011111100000100101100110011111011110100000100010010111100011010101100000011111010101
011010011001011111100001101001100100100000100000101010100100100110100000011100011100011101011000011111100000101000101010100000011001100000100000100010101100011111011111101001100101100101010110
011110010001010100011001011011010101100011010111011111011111011010011111100110100101100100100011011100011111011111100000100101011111100100101001011100011011100011011010011000100110101011011000
011100011011101100100011010100100101011011100110101000011100011011100101100010011101100010100000011000100011100011100000101001011110101000011110100100010110011001011100100010010111010011011111
011100011010100100101001011100101000100001100011101001011111100001100101100000011111010000100101100000101001100001100101100111011000100111100100010110100000011111100100011111011111010111100100
011101011100101010011111011011100101011111010011011000001011100010011111010100101100100001011111010010100011011011110000101011100000100011101101110001101111101110010011010011011001001111011010
011111100000011000100011100011011111100000011011011011011011011110100011011111101000100001100000101000100000010111100111100101101001011111100101100001100000011111011111100000100000100110100000
100010011011100110100100101001100101100111010111011101100100100000011111011111100000100010100110011000011000100110011010011111101000100001011111011100011101100000011100100000011100100110100010
011100011110011111011001011001011010100001011001011111011111011001011101011010011111010100011110100011011110011000100101100000011111100000010001011111011110011001011101011110100110100001101001
011110011110011101010110010110100010011101101000010110100010101010100100100011011110100011100010011110100101011111011011100111100011100110011000011010100001100101100111100000100100011111101001
100000011111011001100010011110100000011111100100100011011011010110011010100110100011100011101000100011011111100110100001011001011111100101100011011111011101011011100000011110100000100000101000
100101100111101111011011011101011011011011011111011011100001100011011000011111100110011001101001100011011010011111011000011010011100010101011111101010101001100110100110100010100011100100100100
100000100000011100100000101001100010011111101011100010011100100010100100011111010001100001011100101100011100100101100000011111100001100001010101011100011101100000100001011000011100011011100100
100000100110100000011001101010011111101001100111010110100001100000100000011100100011011111100010100110011110011010100000101001011100100110100110011001100110011111011111011111101011011100011011
011111100000100001100000011111011111100000011111100001011010011111011111011010010100100111101000011000011100011111100000011011011111011000100100011100100000011111100110011001100100100100100001
100011011110010111011001011110100110100000011101011111011101100001100001011001100101100000011111011110100110101001011110011111011000100101100110100010100101011000101001011001101000011100100000
010100100100010111100111100110010101011000010111001100011110101010011101100100101101101110100101011000010111100010010100110100010111100111010111100101010000101001101010010100011011011001001111
011010100101010111011001100111101000101110010111100110100001100101101010011011100011010101100000101011100001011111011111010101010111100100100001011000011111101001011111011000100110100110100010
100101010101011111011001100110100100101000010010011110100010100111011101100111011101100110100000011000011111011111110011100000010100011111100000100001100110100101101000100001100110101011100110
100100100110100100110000100010100110011010101010011111011111011011100011011111100001100011100000101001011111100011100101011001011100011110010101100000100000100100100001011010100111100010010111
101111011101011001011010010011010111010100011101010111011100100101101101010111011111010110101000101000100111010011101100010001101001011110010101010110011010010011101101100111101000100011011010
100000100111011100010110100100100100011111101101100010011101011110011111100000100101011111100000011110011111100001011100100000100001011111101000100011011100100010011111010110011111011111101100
100111100100101001100111100010010000001111101010100100101011100111011000011111011110100110101000100000010111010110011101010111100111011000100100110000101010101000100100101011011101011011101101
101000011011100111011111010100100101100010100101100000100010011010011111011111100111100011100011100011011110011111011111011111100110100110100111011011010011011111100010011000100000011101011111
011010011101100110100111011111100111100110010111011101100010100000101010011111100111100101011001011010100001100001100111011111011111011111011110100010100010011110011100100101011001011111100000
100001011000100000101001011110011000011110100000100001101000011100011110100010011111010111100000100111100101100101011101011111100000100000100000011110100000100001100110011100100000011100011111
101000011011010010100000100010100101100100011100011000011011011010100011010101010100100110011000010111100000010111010110011001011100101000100111100110011100100111100011011000101000100111101001
101001010000101000011010100110010101101011011110101000011101100110011101010011100101101010011100011011010111011000010010010101100101011100100111010000101010100010011100011111010110011100011010
010110011111011000101000011000100110011010100010101010100101010101100100011000011011011100100010010110101001101000101010011011100011100010100100100000010010011111100110011100011100001111100000
100110101011100000100100010110011011100000100110011100100000010110100110011111011010101000100111100110100000100100101001100000011011011111011001100011011101101011100010100000100100011111011111
100010011111011111011110100100100000100100100000100000100010101001010111100110011111011100100011100111011111011111100000011011101001010111100100100001100010100010101000100011100101011111011100
101011011111011111011111011001011100100011101000011111100110100111100100100001100011011011100000100000010101011111011110011111011111100001100101011111011111011111101000011011100001100000100000
101000100000100001011101011100100011011010011110010111011100100000011001011111100101100000100100101011100000101100100000011011011010010110011010011001011011100000100010101101011111100000010110
100110011001010010100011100100011010100110100010100000100100100000011011011011011000011110100001101000011111100001100101100010101000100001010111100010100101100010100000011110011100100000011111
100101011110011111101000011111011111100001011000100100011011100000100011011110100101011101010010011000011101100010101001100000010100100000100110100001011111011111100000011111011101100000100001
100001011011100000100000011111100111100000011110100100100101011011011011011101100011011011100011011110100000100101011110100000100111100000011111100110100011011011101000100000100000011000101000
100000101110011001010111101011011011100101101011101010100010100110101011011110011101101011100111011100011001010101100011100000101001100110100010011100101010100010011010010100100100101001010100
101111011100011010011110010110010110100100100011011011011001011111100100100011100011100110100001100010100110011100010110100000100000100001010111011110011101011010100000010100100011100000011111
010100110011010101010010101010110011011001010111100011101000010110100000011001101000101100110100101100010001001110011011010110101101100110011011101101011011101000011011101010101000101010100100
100010100000100110100010100000100010100001011010011111100101100110100010010110100010100000100010011011011111011111011010100000100000011100011001011111010111100011011111011111100111100010011111
011100011101100000101001100110011010010101100010011101100101101000010100010100011111011010100100011100011001100010011101100001010110011111011001100001010100011010011111100011011101011101100000
011111100000100101011000010110010101100111100100100111011000011111011000100001011111011011011001011011101001100000011101100000011010011000011101011101100000100011100000011110011111011111011100
100001011011011010011001011000010111101011100010011111100100101000011101011001010111101001011111101010101010101000011010100000100000011101100110100010100001100000100010100000100010100011100110
011111100000011110011010100011100001011001101000011010100010011111100000011111011111100001100001011101100000011000101011011111100000011010011111100000011000011111011111100011100000011001010111
010111100001010110011111100101011111011111100100011000011101101000100000010111011111100100011101100001100100011111100001100100100011100111011110100000100000100011100011011011010111100010100000
100110011100100000011111011011100000100101011010010110010101100000011001011000100100100001100011100000010100011111011011100000100100100000100111100011011110101101011100011101100110011111011111
011101100000011111100000011111100000011111100000011111100000100001100000011111011001100000010111100100011111100110100011011011100011011001100000100111011111011010100000100000100001100100011010
101000100100101100100101011111101000100111100101011100100011010100011100011111101101100010010110100101011011100110101011011101100110100010101101100001100011011111011001101000100111011101011100
100111100111010101100000100111100100110011100101100010010110100100100000010101100000011000100111010100100011101000100101011000011000011000011000100011101010011101011001101000011011100010100000
100011011111100111010011011001010101011010100001100111101010101001100110011100011001010011100110101000010011010010011011011110100101010111010100011100100101101010011111100110100111100101100001
101001010011100111011111100000100100100100010110011011011001100000010100101000100000101000101011100101101111010011011111101001100011010111100101010111010110100101011011011110011101100011100111
100100100011011010011111100011010110011000100001101011011111011001010011010011011100100100011110011100011000011101011100011011011100101100101000100001011001011111100110100111100000010110011010
100111011100011000011000101011100010100000011101101010011110011101010101100000101100011110101001011001100000100000100100100000011111101001100100101000011111100000100000011111100011011100010110
101001011100100100010101100010011110011101010110011010011100100011100000100000100110011110010100100010100000011100011110011011011011011101011111011110100010010111011000011101100000100000011110
011011100110011111011010101000011000101010100001100110011111011000011111100100100101011111011111100010100100011101011111100000101010011111100110011101100000011001011000100000100000100010011100
011111010111011000011011011101010101110000101011100100011101100111010101101101101011010111100000101100101101011110101010101110101001001101101001100111100111100111011001011100100100100111010101
011101100000100001011101100010010110011111011011101010100101100011010101100000100000011010011100100000011100101011100010011101100000100000100000100011011010101010011001100000011010100111011000
100010101011100110100110011111100111100011100000100010010111011001101011101011100000100001011010011010100000101000100000011011100000011101010111011111011110100111100000011001100001011011100000
100110110000100010011110011110100011100000101001100100100101100000100010101001011111101101100101010101101010100101101001011010010000100100100000100110101000010011010100011000100000011010100011
100100100110100100100110100101100000011001010111011110011100011111011110011111100110011011100001100111011111100100100011010111011011100011100101100000100100011011011110100100100000100010011000
011111100110100110011111011001011111100000011111100000011111011011101001011110011111100010100000011011011011011000011110011111011010100000100100100110100000011000100001011111100010011010100110
100001010111010101100110100000011101011111100110100100010111100000011101011010011100100000101000011111100000011001100000010111101111100011011110011111011111100000100000011110011010100000100000
010001101010101111011101100111010110100010100001101100101110010100011001100110100010011011101011100111101000010111010100010101010110011001100011101000100000010110010001010101100001011000010111
100010011100011111101011100010011100101001011110011111011001101000100000011100100010010101100100100011100010011000010101100111100000011001101010100011011010101010011111100011010101100011100010
001101100001011101010111010111101101101011010110100110011000011000100011011010010001101010011011010101100011011110100111011010100110100110010011011010100111100010100100100001011000100011101010
100111100111011111100100101100011011010001011001011000010101110100011101011111010100011011100101100001100010100100011101100110011101101101100000100001011111011011011100010100010111010100100111
100000010100010010101000011111011111011111100000011101011111011010100001011111011011100101011011100000100111010110101000010111100000001110011111101100010111011000100110100000100100100011010010
011110011000011100100010100000100100011101011111100010100101100011100001100000100000011111011111011111100010011001011111011111011111010110011111010111011111100011100001011111101000010011100001
100011011011100100011101100000011111100000011010100100011100011101100100011100011101100101100001100110100000100101011111011111100000100111100000100010011111100111100011100010100110100101011111
011110011111100011100111100110010001100011011111100001011001100100011010011101100011101010100100011001100001011010010110101110011000100101011100100111010110010101011101100000011101010010010110
011001100010101000101011100001100000011001100010011111011010100111011110100111100000100000100110010101011111100111011111011100100001011101100100011101011101100000011001100000100101011101100000
100000011001100100100011100000100100011011011110100111011101100001011100011111011100100010010110011111011110011110101011011110010101100000011110100000100000011000101111100001100000011001100010
011011100100011010100100100011010010100001100000100110101010011101011111011011011010010001011100011101011010011000010101100000011000100101101000100010100000011111101000010010011111011110100010
010110100111100011100111001111011000011000100000100011100011100001011111011000100001101010100001100100011010010111010111101001011000011101101000100101100110100101011111100110100000100100101010
011011011000011011100011010011010110100000011011100111010011011000100100011011100000011111100101011111100010100011010110011101100011100010101000100111011101011000100010011001100101100111101010
100001100001011111011100100010100001011000011011100110011111011111011110101100011111011101011111100001011111101000011001100100100000100110011100100011011111011001011111100001100100100011100011
011111011101100000100000011111100101100000100110101000100000100100100000100001011111100011010110100000011011011101011100010110011110011100101010100000011111011100011010100000100100010111011010
100101011111011101100001100011100001100101100101011111011111100010011100100001101000100000100000100000011101100000011010011101011101100100011001100000011100011101100111011011011101101011100000
101000011111010111100011100111110000010111100001100010011110011100011000011011100110011111101110100110010111100010010110011111100111010111010100010111101100011111100101011001011001100010011011
101111101001101101011000100000101011110011010101010111100111011011101010011011100000010101011001011011100100100001101010010111101001011101010101100000010101010110011111011001010111011010010111
011011011100011010010110100011100111011011101100010101101001100010100001010110011110100100100001100000011101101010010101011011011000010101011001101111010100011100100001011100010100010010011011
011010100010011101100000011111011010110000010101011111100100011100101011101010100000011100011110011111011100100010100000011011011000011011010111011100010010100100010110011001011111011000011001
011111101101010110010110011110011111100110010101011001100110010101100011100101011010101011011111011111101001011101100001101101100101100101010110011101100011011011011010011100100000100001011011
101001011011100000100001010110100101011010011011100010011010100000100000101000100101100101100010100011100000101000100010011111100001010101010011010111100010011101100001100001100011101010100000
010101101000011000011000100101101010011111100000101101100100101100101000011110100000011100101011100111100100011111100000101001100001011101011001010100100100100100011111100011010101010101010100
011111011000100010011111100000011111011001011001101000100011100000011100010111100110011001011010100100100001011111100101100101100100011111011111100000011011010110100000100110100000101000010100
010011010111100010010111011011010101100110010001011011011011011010010111011000100111100101100111101000101111011010100100101001100111101101100111100111010111101010011001010110010001101000101001
011010101010101101100101100010010010101001010010011001011011010110110101100010001011101010100110011110101001010111100000100101101101101100001111011011011001110000010111110000100000010110101011
101001100001101011100001100111100000101101100000010010011001100111100101011011011111011111101000101100100011100101100000010011101010011011010111101000011000011111100101100000100011101011100000
100001010001101010011101011000100101100100011011010110101101100111011111100011011010011100101001101001010111011010100001011101100010011101100111101101010111100000101111010001100100100100110001
100000100110101000010111011111100101101010100110100010100101100110100001100111100000011010011010011010100100010111101001010110100111101010100000100111011011100111011010100011100011011000100011
100000100000101000011100100100100110011110100000101010100001100001010100011111100000011000011111100100011100100100101011011010100000100011100000011110011111011011010101011111011011011111010110
100001011111100100101011100000100000011000011101011010011110011101100011101110100001011100101001011010100000100010100011101010011010100000011111101001011111011111100000100110011111101001011011
100000010010011001100001011101100111101011010110100100011010011010100101011101011100011101011000001111100000100001100010011100100000100011100100011101100100010011101100011010010101110000100111
100011100101010000101001011100101001100000101101011011100000100010011010011111100011100110101001100011011000011111011011100010011011011110101111100000011011101001101011101101100010011010100100
011011011101010111010100011010011111100101010100100010011011100100100000011011100000101010100011011000100000100000100000011000100010011100011111100000011101100000011111011110100010011111011111
100000100011011100011111011111100000011001010111100101100010011001011011100011011111100011011111100011010101011000101010011101101010100011100100100000011111010111100000100110011001100101011111
011110100010011001011110011011101100100111010110011011010110011110010101100001100101010100011111101011100101100000011001100111011011100000100110011000010111011011011011100101100000100000011100
100001100100011111011111011010011010011111010111100101011110101000011000011000100011011111100100011111011111100001100001011011100000011111100001100001100111101110011111011100011011100010011000
100001101000100010011111101011100001100000100000011111101100011101101001011111011010100100100100011000100100100111100111100100011000011100011110011111011111100001100110010101011011100000010110
101001100100011101010010101010011100011011101000101000010110100000101001100010011001100010011111100101011111011100101101011011100111100010100010100000011001101100101010011111011111011000101000
011111011010011111011111011111011011100010011001101000011111100000011000100010011010100000011111100000100000011011010011100000011001100000100000100000011110011000100001100000011011100010011011
101000011000100100101011100010011101100100100000011011011101100000011011010111100100101001010110011101011111100000100000100000100010110000100011100010011011100000100000101000011011011011100100
010101100000011011100011100000100110100100101010011000110010100101101010010010100101011011100110101000011000011101100101011011100001010101010101100011011001100111101000100010011000100101101000
011010011111100000100010011001011010011110011111100000011110011111100001100000100101011111011101011111011111011111011111011010011101100011100001011001011011100100011011011110100011100000100111
011111100010011111100000011011011111011100100010100000011111011100011101100011011000100111100000011001011010100000100000010101100011100001100000100000101000010110011111101001101001011111011111
011100100111011000101010101011010100011011010100101010010010011111011001011001101111010110010111011001101101010101011101101010100100100101010111011001100000010111010111010000100110010011101101
100001011101100000100111011000011011011110011001010000010011011001100111100000101011011101011010100010010100011101010100011111100001011010011000100101100001011111011111011100100100101001011000
011111100011011011100101100111100000100000011100100100100000010111011111100000100010011111100011011011011111100110100011011010010100100000011111011111011000100011100001011101100010100000100111
100001100001011111100111011000011111100000100101100010011111011111011010011100011111100000100111100011100100100110011101011111101000011101011101011100011100011001010111100100010110011110100000
011100100100101000011011100110100000101111011100011111011000100101101011011010010111011110011110101000101000010101011000011010011111010110100010011101100000011111100100011111011010100100100000
010100100111100011010011011000011111011000011001100101011011011100101101100010101011101100101101011111101011010101010011011011010111011100011101011110101100101110101011011101100000100001011001
100111011111100000011110011001100001100110101000100110011100011111101001010110101000011010100100011110100110011011011111101010100000100001101011100011101000011111011111010111010111011111011111
011001011011011110101100011111011000100111011111100101100100100101011000010101101001011000011010100000010100100000010111101110011101010100011111010010100100100000010110100101100000010110101010
011100011010100100011001011101010000011010011111100000010001100101011111100100011001011010100101010100011001011101100111100000011111101010100111011111010101011001011011101010101010101010010011
010101010100011101010101010101101101100000100101010111011001011001100000100010011000010100100000011011011001011010100110101001011000010110011001010101001010100101110010100111100000010111010110
100000011110011100011111011111011111011111100011100000011001101001101011011010011110011101011101011111011111011111100000100100011111100101011111100111100101011011011101100011100001100000101001
100000011111100000011101100101010110100000011100100000101000011010101000011111100100100010011111100011100111100110011010100100101010100111100100011110101011100110100000011010100000011100011010
011111100011011101011011100000100000011111011001011111011101100110011101011111100101100000011111100100011110100101100000011110010111011111011110100110100000100000100000011111011111100000011111
101010101000100001011111011111011010011101011101011111101001011111011111011111100000011110011100011011100101011111100101100111011101011101100110011111011111011111100000010101011001100100100000
100111011011011110100011100110101100100111100101100010011100011101100001010101100000100000100000101000010101101001010101100101010111011000101010101001100101100110011101010000101101011000100011
100000000111011001100111010110011100011001100100011100011100011001100100010110100011011001011111011111100000011100100111011000011111011000101000011101010111101001011011100101101010011000100111
100101010110100100011101100000011001011011100100100000011001100101100010100101101001101000011101010011101000011011100000011000100110100001101010011011011100101010010100100000100101101101100000
100000010100100011011100100100011100010101011100100101100000101000100000100110011111100000100010011100011111101001101010101011100001011111011100011000100000011111100110100010011100101000011100
100100100110010111100011101000010100100110101010010110101101001111100111100111100110011101100011100101011001100100010101100110101101101000101000010101011001101000100111101000011001101011100011
011111100011010110011111011111101010011010100111100001011100100110100010100101100000100000011111100000011010100111010111100000011111011011011110011001011010100001100000100100011000011111100101
101010100000100101011100100111011111010101101011011101011100011010011110101010010101011011010011100110010011011010011111110000010111011000011010100111011111101101010110011010101011100000011101
100111011010011100101001100000011111100110100100011000011010100110011110011011100101100110010101100000011101100111011100100000100011100000011000011101011111011111010110010101011111011001100000
011111011111011111011011011111100010011111100111011011011011011110011001100011011111100111011010100111011110100000100111011111011111100011100000100010010110100100100010100000011111011111100000
011111100010100001100111100101100110100010101011101000011111100010101000100000100100011110010011011111011111101101011110100100100001100100011010011011100000100010101011011101010101100000010110
100111011001010111100100011011010110100001101000100111101001100100100101011100011110100001010111011110011100011001011000011100011111010101011100011100011101011100010111011111100110100100100000
100111100111101010110010101100101110101010101011100101101010101010100010100110011001011111010100100110010100100011100111011010101011100101011001011100011011100110101010100100011001011001100101
100000011111100000011111011111100011100110011110100101011011100010011111011001011101011110100000100000100010011110011001011111100001100101011111011111100001100011011111100010100001011101100100
100000011101011110010110100010100000100000011111011111011111011110011010011110101000100000100000010111011000100010100110011111101000101000011111100001100000011100100100100100011111011111100110
011000011100100110011101100100100001100000100111100000011010011010011101100000010011100000101010101000011110010100010110011111011111100010010100011010100101100110011110011011100001100000100010
100110011010011111011111011111010111100000011001100100011110100011011100011010011010010111011111011111011110100011011111011111011100011001100010011101011110100010100010011010101000011010100000
010111011111100000011011101100011111101111011010011001011111100000100001100101011001100100011100011110011011011010100101011111011100010101100000100110011011101000010111100100100000100000011110
011111101110101101010101010111011110011101011110011010101001011001011011011000011011100111011001100111011010011000100010100100011001011000100100101000100000101000011101101010100100011010100000
011101011100011110101011100100100100011110100000011011011010101010011111011101100110100011011111011101011101011001011000011001100000011111100000100110011111100010100110100000011111100000011111
101100011111100101100000010100101001011111011100100001010110101000100011100001100000010111011100011111100101011010011111011000100001011111011000100101100011100000100101011010100000011111011001
011001100101011010011111011111100011011111100001011111100000011110011110100000011111100010011101100101100001011111100101100100010111011101100111100011011010100000100001100000100011011010011101
010001011110100001011110011000011111100110011001011000010111011110101001100010011100011011100011011110011000010011101001100101010110010101100010011000100000101000011001010101011000100010101011
011011010011011011101110011100011010010101100101011000011011100101101000100100100000011111100101011001011011011000011110010111100000100110100111011110100111011010011010010111100000100110100110
011010100011100100011100100100011001100110100101011011100000100110011111011000100000100110100100011111100000011111100001100101011010011001100010100110100100100000100011011110100010100011011111
011100010111101001011000100000011010101010100010010011110000100100010011100100101011010010101001100011101000011111100101011100011010100010011100011100100111011011101110011001100000100011101011
100000100000101010100100011111011100100011011111100000100000011001100010100000011011100000101000011100011101011111011110011110010110100000101000100101100110011111100100100001011110100111011111
011011011000011111100000100001100000100101100001011111011100011110100111011111100000100000101000011011011101100100011111011100100000011111100100100010011011011111011100011111100011100000100010
011110011111011100011011011010011000101010100011011100011001011111101001100000011000011100100000100000011110011100100010100010011010011010011111011001011010100000011011100000011111011100011110
011110011011100010100001011111101001100101100000011110100000011111101101011011011111011100011110011101011000011110011111100101100000100101100010011011100000100010100000011111011101011111011100
011111100110010010011100011100011111100101100101011111100001011011011000011011011100100000100110100011101000011111101101011111010111011001100010011000100000011111011111011011011100100101011111
100111110000101000011001010111100100011101101000100010100110011100101100100101011010010011101001011000101011101000101111101000010011001111101011011100110010100011100110100100100101100100100100
100000011011100000100000101000100100011111100000100000011111100110100111100100100111011011100001011100100011011111100110011111011111011000011110011111100110011100100100010101100011100011011111
100110011111100101011111011101011110100011011011100000100000011111100000100101100000011111100000100110100000100011010111011111011100011101100100101011011001100000011000011111100000011111011111
100000011111100101101010100110011011100000010111010101100000100000011101100100010110010101100000011010101100100001011001101001011111010101011111011011100100011001100110100000100000011011011100
011110011001011111100101100110010101011001100000100000100011011111100011011010100000100011011110100100101010011011100000100101100000100001100000100000100000011001100110100111011111100000011011
100100011111100010011001100000011111100000100000011101011011100001100010011110100000101001011011100000100011010111100000100000100110101011011110011011100100011111010110011111100000011101100000
100101100110101101100010100110101001101001011101011001011011101000011010100111011111011111011011101100011001100110100011010100100000100000101000100010011011011011011111100100101100100000101000
010101010101100001011110011000010101010110100101011011101000010100010111101001100100100110100100101001011001011000101001101001101000100001001101101100100100100110101101100100101010100011100100
100110010111100000011100011111011111011000100000100100010110100000100101011111100000100110100100011111100000011111011110011110101001100000101000100000100010100000100001011111100100011111011101
011101100000011111011100100101100011011000101000011111100000100100100101010111100000101000100000011100100010100110011011011010010110011000100010011110100011011000010101100010011100011101100011
100111100100011010100110010111100111011011100101010111011111100000011101011010100011100110011100011000100000011111011100010110011001011111011100100100100100011000100110101101100000100010100000
100100001111101011100110011011010100100101011101100101011010011101011011010101011001010111011010100000011100100101100000011001101001100010100101101000011111011001011100010111100111011101101010
011011100110010011100011101111011011100101100010100010100011010111100001100101100101011100011111010010100011011010010111101011100001100101011011001100100111011001010101100011011100011001010010
011101100100011101100001011100011011011011100000100011100100100000011011100000100010011110011011101000011101011111100000100001100111100000011100100001100000100000011111011100011000011101011100
011000100010100111011111011101101010100001011010101000010110010000101100011100011011011111011011011000011000101001100000100101010000011100011001100010011110010100100110011111011100011100100111
011011100000010111100110011100011111101111100101011001100001011100100011100101011011101001100000100011011100100010100001101000011111011100100000011010101011011110010101011000100011010100010111
010000101100011111100010001111100111011111011111101000100010011010011111011101011010011100100011011110100110011111010111100010100100100110101000100000101000100001011011011111101000100110011101
011111100011011011100011011111100000100000011111100011011111011111011011011111100000100010100000100011011111011111100000011011100010011011100000011110011111100000011011100110100011100000011101
101011100011011001100110101000100000110011100110100101100011011011011000101100011111101000011010100011011010100011100100101110011001100111011111100001101001010001101011010101100010011100011101
011111011100100001010110011000011001101011010101101000100111100111010000101000011000100001100011101100011000010011101101011110100010011010101001011110011101011111100110011100010001101100011000
011111011111011001011111100001011110100000101000100011100001100101100010100000011010101010100000100110100000100001100000011111011111011111100001100000010111100100011010011111100000100010100000
100000101101100011010110101001011000011001010011011101011010010101100010011111011010011000011100011000101000010110011000011000001100011010010100010111100000011100011001011111100101011110011010
011001101111101001100000011000011100011111100000100000011010100010011101011110101001011010011000011110100111011111011010100000011111101001100100010111100111100110100000011000011111100100100000
011110010101011111100010011101100000011110100110100001100010100010011110100011100011011111011110011000100000100001010111100111011101101001100011100101010011100001011100011001101000011000010111
011011010110100011100111011011101000011101100111101100101011011111010101100110101101101010010010101011011100100101011010100011101010011001100111100100011001100011100000011010100101011000011011
101110100000100100101100011010010110100011010110011001011111011001011010010001010100100000101000011000011100010111011110011010011010011111010110100000011111011101100111011111011100100000011010
011100011001011001011111010100101110101011011111100101011111011111100100100011101110010100011000101001100000011000100010100100011001011010010111101101011011011001101101100111011101100100010110
110011101111010110011011011000100010100101010100011000100110100011100000010100011101010101101010101000100110101000011100010111101100100101011101011111011110101111011101100001101000001001011110
100000100100100010101010011111100111100110011101100000011011100100011000100101100000011100100110011110011111100100100000100000100001100000100000011100100000101000011111011111100110100011100000
011101011000011011011111010110100010011001011011100011100000100111011011101101100001100100011100100000011110011111011111011111100000011000100011010111011000011111010111100000100011100000100101
100000100001100000101000011100011111100000011111100001100000011111100000100011100101100000100000100011011110011111011110100000011111011101011101100000101001100010011111100000011111100011100001
011011011111011001011010100011011111010111101100011100011111101000010100011101101010101010011000011010010101101100011101100011010101011010100110100110001100011111011100100101011100100100101010
100000011110100000100011011111100110011101100100100010100011100011011101100001100100011111011111100111100010100001011011011111100101011110101100011111100000011010100001100110011010011010011011
100001011100011001100001100000100111100110011001100010100000100001011111011111100111100000011110010111101000100010100010100101100011100101010100010011100000100111100111010111011111100000011000
011100100111100111100111011001011100100000011000011101100100100011100000100101100100100001011101011011011111100101011111100011011000100000011010011111011111100101011111011111011011011111011011
100000011101011001010111011011011100100011100100011011100110100111011101011110100101100100011111010110100000010101100011011001011111100000011001010100011111011111100100011001010100100000011111
100100011010011001100100011000100010100011011011100000101010011110011010100111100100011111011111100110100011011100011001100110011111011011100101101000101111100001100001100000011110011000100010
100111011000110000100001011011101001110010101001011110100011001011010110100111101010010111010101100111011010001110100111010101100000101001010110011111100010010110100011011100101101011111010101
011111100000011010100000100001011000011111100011011101100101011111101011011111100010011100101000100000011101011111011111100110011111100000011111011111011101011010011100100110101001011101100000
010011010001010110010110101000010111011100101010101001100010100000101010010100101010100010011011101011010111100010100101100111010110010101100111101011100000100001100100100100100010010110100001
100011010111100111011000011010100010011100011110100001011000011010100011100101010101100111010101101000100001100000011110100111011001011011101001011001010101011111100110100000100110011111100010
011100100000011111011100011111011100100000010111011111100110010010100110011011100010100000100110011000100011101000100011100000100011011111100000011101100011100000100111100011100010011000011001
011100011111100111100010101000100000011011010111011001100010011110011111011010100011100010011001011110101010011000100000101001011010011011011100101100011011011001100001011100100001011111100010
100110011101101001011011100111101100100110100010101110011101010111100101011111010100011111011001011100101010011111010100011101100011011111101000100010011100010111101111101011010111010111011001
010111100101100000100011011110101001011111100110011111010101100100100001100011100001100101100000100010011011011111010110011111100010011111100000011100011011100101011111100100011111011111011010
100000011100011010010010010011100101100110100100100000011111011110011100100101101001011001011100101100010000100110011100100010011111011111010010011101011110101111100100101000011001011010100100
101011101001101000100000100010100010100001011110100000011111011100011010011000011110100001011010011011100011100110010100011011100011100000011111100000011111011010011111011011100000100000011111
110000011000100100100011010101100010101011100000010101101001011111101100100101100100101001011000011100011000101000010101101101011100100100100111011111011011010101100011100110100001101000100000
100110011001011110011100001110011100011010011001010111010110101100011101100011011011011001010110011011100010010010100010011111100000101000100010100010011111100000100010100110010011101010100000
100110011100011111100111010110100100100111100100010101011001010101011101011101011010010110101001101010010111010011101001100011101000100111100101100111010011101100011100100111011101011001100011
010111011111011101011000010011011111101000100011100100100110100110100010100011010111011011011001011101010110011101010110011100100101100011011110101010011010101011100011101000011010100110011100
101010011111100011011111011110011000100011100010100011011111011010011101101000100000100000100001100001011111100000011110100000100000011111100010011111100011011111100111011111011111011110011111
011100100100101000100011100001100110011010011110100000100000011011100000100010100001100011100010100000011100011100100000011100100101100001100000100001101000100000011111011101011101101000100001
100001010100100000101000100000010111100101100110011011011101100001101000011111011110010110100111100100011111011101101001100000100001100000100100011100101011011011010101100000011101010011100011
100111100101010111011101011100011111101001100011011111100100100010010101011111100110100101100000100101100010011110100000100000100000100110100000011111100011011111011011011001101000101001100100
010100100110011110101100011111101011010101100100100000100011011110101011010111100110011010100100010100100110101011011101011000100101100101011111100010010011100110010010100000100000100010011100
011000011001010010100000101101011111100111010101101010100100100000010100011111010010100100101000101000101110101000100110011100100111010101100101011001100110101010100010101000010101010110001111
011011011001100010100000011100011111100000011010011111100010011001011111011111010101011010011101100101011010100101100111010011011110100001100111011011100000100001010110010110100101011011011111
011111011011101001100000101000011001011000100011101000101000101010100010100100100010011111100101011100100011100100010011011011011100100110101100100001010101100000011000011100011010100000010100
100010100011011000100011100000100100100111011000101001101000010110101001011001010111101000010100011001100101011000101010100111011001011000100100100111101001101000100110100100010110011010100111
011001011100011001101010100110011000100110010100011000100101100011011000101101101000101001010110100010100011011001100110100111011110100101010001101000101000011011011001100101100100011110100101
100100011011011010010011100011011011101000011010011011011011100010100100100000100010100111100011100010100111010111100010100110010101100111011011100111011111011111100000100001101100011110011011
100111010101011111010111100000011001011000101010011101011011100000011111011001010011100110010010101100011011011000100111011001011110100100101001100000011011010111100111011111010110100010011010
011000100010011111100000011101010011100000100110011111100110011111100010100000011111100000011111100000100000011110011110100000100011011111011100011111011111011111100000011100011111100000011011
100001101101100000011111101001100101100001011001010110011101100001011110011100100000011101011011011010101000100100011110100000100101011110011100100001100000100001100101011101011101011100011110
011101100011100101011010100000011111101110011010100011011000101010011111101100010110011110100001010101011111010110100111011011100010011110011011010111010110010111100001100000100110100001011111
011111100010100000100000101010100001011100011101011011011111100101011100100110100000011111011111100111010011011001100000011110100000011111011100011111011110100100011000100100010011101001011001
011111100111010011011101101010011101011010100000100010010010100111010110100101011100011001101100011011101000100101011001011010010110011000010010011011011101101011101000100011100100011111100000
101001011001011111100010011100100011011100010111010110100000011011100000101011011110011111011100011111011001011010100100011010011111100110010101100010011100011111101000101000100111011111010111
011100101011011111011111100010011101100000011111100001100110100101011010100000011001011111011111100111100100100111100101011000100100011111011111011101100111010110100000100111100100100000100000
100010100000011000100000011111011111100011011111011111011001011110100110100000011111100101100000100011100101011110011101011011100000100000100000011100100100011011100001011101100010011110011111
101101011110010101001111011101100111011011100000001100100111100111010101011111101001010110011000010101101011011000011000101000011010101000010111100011010101110010100001011111011110101011101011
011011100111011010011011011011011111100001010110100110100000011010011111100110011101100001011110100001100000010111011111100000101011011100100000100001100001011101100000100010101000011111011100
101000100011011011100010011111011111011111100001011110011111100000101000011111100001100011100000100000100010100011100000100001100011100010100010100000100000100000100100100000011100100101100011
011000100111011101011010011010100011100000011000011111011101011100011101011100100000100001011111011111100000101000011010011111011100011111101010100010100000100000011000010111010111101011011111
010111011101100110100010010001011101100111100011010111010101011010010111100010010011011111101010100110100110011100101010100110011010010111011001011100100110100000011000100110010100010011100010
101010011110011110100011011110100110100001100011100010101111100110100111100010100110011001101000011001100000011010011111011111011000100001011001100100100110011101010111100001101000010111011101
100001100010100110100100100111101010011101101000100100010110010101011010010001101100011111100110010101100001010110011010010000010111010110011001010110001010011011101001100111100101001111011001
010001010101011111100110100111011011011111100010100000101000010110011111010100110010101001010111011111100000101010100000100110011111100001100110110001101100010100010111011011100101100110101011
100110010111100110100000010010011001011011101000011101100110101001100000011011101011011110101101011101011000010101011011011001100100100000100001100001011111100110010100100111010100100110010010
100000100000011101011101100000011000011111011010100001011111100111100001100000011011011101100011100100100001100000011111011111011111100000100000011100100000100111100000011101011111100001100101
011111010100101011100110011100100100101001011111011000011011100000100000011101100101100010100100011111011000100001011100011110100000100110011111011111011111100000100001100000011111011111100011
010010010101010111011111011111101100100000101010101000010110100000100000100011101001100011101010100001100111100010100000011000011001100001011101011010010100010110010110100011100111100000011010
100101010110100100100000011101011000100000100011101010100100100000011111100000011000011101011101100000100010100000011101100000101000100110011010011111100000010110100110100000011100100100100000
011101100111101000011100100010100101011000100011011100011111011011011110011100100000100000011100100000101001100101011111101001011111011100100011101010011111100010100110100000100011011011100000
100011010110100010101010100011010010101110100001100000010110100110011010011010100100100110101001100110100101100100101010101000011111011111010101011100011000101011011101100100011011011100011111
100010011010011101100000101001100111101000011011011111100010011111100011100001101100100100100110011011110000100000011100011111010111011000011111011001011111010111100111011010100111100100011100
100100011010100111010010011011011111011010100000010111100101010110011101100000011111101000100110100000011000100000011000100011011010011101100000011100100010101010100111100001100110011100011111
101000011111101011100101101001011001010100100100100000011111100110100011011111011111011110011011011111011011100001100011011111100000011010011110100010100010011111100000100000011010011001100000
100100100000100011011111011011011001011111011100100100101000101000100001011111010111010000010110011111101001101001010000011100100111100111011001100101100010100100011001100000011101100110010100
011010011011100100010111010100100110001111100101100100010111011111100100101000010010101001100110100011100011101011010111100001011011100000100111011000101000011110010000100010110000101011010101
011000011011100111101011011100101100100010011100101010100000101000010111100110100110011111011111100111100100100011011010011100100011011001100000100001101000100010010001011010011110100010011001
100000100100100011011111011011100011100110100000011011011111011111011111100000011000100000011100100100100101100010011011011111100000100010011011100000011111010111101010100001100100100011011111
011111011111011100100011100011100000011110100101100011100101101000010110011110100000101000100100101000100000011011101001011000101000011000011010010110011010011101010101010101100001011111100000
100010011111100000011010101001011110100100100000011111100000100000011101100000100110011110100000011110100001100000100000010111100110010111011111100011011101100110011111011000011011011011011110
100111100001100001011100011001011000101011010101011101010001100001100111011010011101010101011000101100100111101010011111010111100110010111100110110000101111100101011101010111011110011101011011
011101011110100011101101010110101001011010100110100111011100010100110000100101100111101001010010101001010001011001010110010100101110101100011011011011101011100001100000100100100001011111100101
100011100001011000100000011110011110100000100000011111011011100100011100100000101000100001101000011010011011100001010111011100100000101001100001100010100100011001101101101000100000011100100000
100001011100100100010110011101100101100100101001011010101001101001100100100110100100100000100000100100100111100111011010101001010001011101100000011110100010011010011111100110100010100111100000
100100101010100000100000101001100000100011100101011000010010100000011010100111011111100010100000011010011011101101011111100001100101011111011101100110011111100011011110011101011100011100100001
100111010111011010010110101010101010011010101000010110100100011001001111001011110000101100100111001111100110010011110100100111010110001101110000010000110001101110010011100101010111001111101100
011111100000011011100001011111011100100110100010011111011011011101011010011111011111101010100100100011010101100000100000100110011110100000100100100000100000100100011011100000100100011111100110
011011011111100000011000011110011111100001100000011100011000100011011101011010100000100111011100011000100101100101011010011111011010011101011111100011011111011100100011011111100000011111100001
011010100000100100011111100110011101100000011011100010011111011000100000100000100011011101011010100011011101011111011111100000100100100100100000100001011100011011100000100000101010100000011101
010100011011100000010111100111010100100101011010100111011111100111100000100000100000100100100000101011100011100000011111011100011111100011100000011111100110100000100011100101100000100000100000
011110011101011101100101100110100101100100011010011011100001100011100000100001011111100010011111011111101000011101011001100101100101100000100011011001101000011111011011100100011111100000101000
011111100100100010100001100010100110011001011011101011101011011001011000011100101001010000011100011000010110010100100110100011100000100011101100100010100000100110011001100100100111100000100000
100011101011100011011101010011010110100001100001101010101000100000100000100011011001100001100000100101100000100011100100011011100101011001100110100001100111100100011111011101100011011000011110
101000010110011101010111100100011111010101100101011010100010011111010111100000100011100001010001100000011111011101100000101001100000011001100101100110011111011000100011011001011001101001101001
011011011100100000011100100010100011100111100000100110101000011011011000011111011110100010100011011101101011011000011000011111011000100110011101011100011111100110011000010111100111100000011111
000111001011100111101011010100011110101011011011100100100010100000010111100101100111010100011000101000010101010011101001011010010101101101101000011110101011100110010110010100010110101010100111
010110011110010110100001011111100110011001011111101010011010010100101001100011011101100011100011011111011000011111010011101000011010001110011111101101100100010110100000011111100001100010100010
010100011111100010101001011110011010011111100011100010100011101000100100011010010110100011100000011010010101010111010111010100010111010110100000011111101101011111010111100000101000011101100001
100110101001100111010100100010100011100101100101100100100001011000011000011001010101011001100101101101100101100111100100100111101110100111100110100001011101101101011111100011100110011111011000
100011011011011111011111100110100101011111101000011110011110110100011110011010100010100001011111010100101011100110100000101001011101100101011111011101100110100001011100010101011111100011100001
100000100101010100011110011000100000100111100000100000011101011010100101100100010100011111100000011111011111100000100100100000010111011101100000100010100000010101011010100000101010011001100100
011010011010101001011111010110011001110011011111100100011010100011011101100101010101100111100110100100100000011010011111101101100110100000100000100000011100100110100011010001100000100010011111
011111100000010111011111100100011111011010100010101100011111011101100111100101100100100000011110101000100000100000010101100000011011100101011100100000011110011100100100100000010011011111011101
100010101000011001010010011001100001100100010101011111011000100100100000011000010111101110100010101011011111100101100011010110011110011101011101100011100101010101011111100011100100100100010010
011001011111101110011111011100011111011000011101100110101100100111100000101111011101010101101000100110100101010101010100011010011110100010101100100111101100011111100011100100100001011101011000
100111011000101000101011100100100000100000011110011000011100100001011001101011010111100110101001010100100001100111100101100000100011100110011111100001100100100110011110100011101011100010011001
011111100000100000100011011111011011011101101000011101011100011101011111100010011111100011011100011001100000100000100011100000011101011100011001100011010110010101011111011011101010100101100000
011101011111100111100010011111100010101010011010100010011101100001100010011111011111010110100010011001011010101010011101100011100110100100011100011100011110011011011100011111011111100011100001
011100101100100000100000101011010011110000010110100100011110011000010111010111100110011111101000011111010010010101010101100100011110010111010110010111100101011011100111010101100100010110011001
011010011111100010101010010110100111011111100101100001011100011111011001101011100110100110011111100111011101010111011011100011100000011101100110100001011011101011010111100010101000011100011101
011111100000100110100111101010100100100011010110011111100111100100100111101000011001100011100101011110011100011111100001100110100010010101011111101000100001100110100101100010100011100000011010
101110100000100001100101100000010101100000010110100111011011100010011001101001011011100101100000100101100000011100011101011000011111011011100100011110010111011010100101011001011010100010010101
011100011011101010100111100110100101011001101001100110100010011100011001011001101101010111100000010101011110100111011101100101100110100101101000011101100101011001100010100000100000100111100100
011111100000100100011011010110101000100000011110100011100000011011100000011000011111100110100000100000011000011110011111100011011001010101101111100111100000100000011111011011010111100111011111
011111100101011101010011011000100101011111100101100111010111100010011101011110100001101010101000101000011111011000100111011100011100011101011011100011100000011100011011011011100010011011100011
011111011110101000011110100011011111100010011111100110100011011100011111100100011101011100100000011111011111100111100000011111011100011111011010011111101011100000100000011111100000011010100000
011111010011010001101100100101100101101001101101101000011111010101101010100101101000101000101000011001101000011001101101011011011000101101011101100110010101100111100101011011010110100010010010
011111100011100011011001011011011010101011011001011111100010100000100000100000100111011100100011011010011011100110100010100101101010101100100110100000011111101101110011011011011111011010011111
011111010111011101010101011111100010010001100000100010011100101100100000100000100000011011011001010011011001010110100000100101101001011011011111100110100000011101011010011000010100100000101000
011111100000100000011111011111100000011111011110010111100000100000100000100011011101100000100000011101011111011111101100100000100000011101100000011111100111011111011111100011011011011000101000
011111011000100100011101100111011011011101101011010101011011011010100111101001100010011110011000011110100000100101011010100101100000101010011001101000100001010111011011101001100000100011011110
011111011111100100011011011001100010100000100011011111011110010110011111011111101000011101011100011111011111100010100000101001010000100011011111100011011111011111011100100110101000100011100100
011111011011100100011111100000011111100011011011011001100010100111100011100110011100011011100010011100011011011000011101100111011011100000100100011010100000011100010100100100100111010100011110
011111100110100011100011100011011111011001011111100010011101100111010101100000100011101011100111010100100111011111100000101011011010100011011111100001100010100001100000100010101011100011100000
011111110000011111100111101011100110011011100001101101011100100110100111010101011001100110100011100010101001100101010110100101101111011110011010101100101100100111010101010110010001010011010101
011111011011101001011101100010010101100001100111101000101000100001100000100101011100101100100000011000100011101001010110011111010110011100010101010111011011011111010111011010011001100101010110
011111011111100111011100101000101000011000100000011011100000011101011011011111011011100000100100011110100000011110011011100000100000100011100001100010010110100100100000100000010101010010011000
011111011111011011100011011101100100100000100011011001011111011010100000100100011000011010100001011110011101100001100000100111100110100000100011100111100000100001011111010111011101011101011111
011111011001011100011111100010100110011000010011010010010100100010100000011110011101011011010010011011011011100101100111011001011101011111100101011101101111100011011011100000100100011001100100
011111011111011111011100011111010111100000100000010110101001100100011111011001100011101001100011011010101010011110011000011010100000011100100000100000100000011100011110101010100010011110011010
011111100110100000101001011110100100100101010111100010100101011011100000011101011111100001100111011101100011011111011111011111011111100010100000100010011101100100100000100000100110100100100000
011111010101100110011011100101010000010111100110101010100011010101011101101000011001100100100001100101011110100010010001101001100000100000101100100101011110100110101000100001010110100111100010
010010010111101001100111011001100101110011100011011010100010011000100111010011101010100001110100100001011011011111100101011011011000110000010101100111100001100111101011100000011010100011101001
100110100000011011100100100000100111011011010011100100010101101001100000011010100100100000100010011000011011101101011010011111100001010101100001100011011101100001101000011111010110010111101001
001101100100100010110010100111011000110000011011011011011000101001010101011001011111100010100100011011100000101111011000110100010101100011010111100000101001101111101110011001011111101011101000
100100001111100001011111100010100101100110010111100010101000011000010110011011100111011000011001100000011010100110100001010101011000100001100011100000011101011111100010101101011111100010100100
011100100110101010010110010111010101011010011001100101101011011011011110100110011001010011011111101000101001010111001100100000011000100101101110010111100110100100011111101010011011011010100100
011110100100100100011101101100100110011111101000011011011000101010011100100000100000101000100001011101011010011001100111011001100011011010100010100000100000011111100010100101100110010010011011
100000100010011101011111011111011011011001100100100101101001100001100001011111011110100100011101011101101000100000100000010001100000100000011000101111100101100011101110011100011100011000100001
100000100000100000011011100000100000100110011111011111011101011101100001011100100001011110100011011110011100100000100000100000011110011101101000011100010000100010100000011001100011100001100000
011001101100100110010101100000011100101001101011101000100001011001100101100000101000011110010111011000011011100011011110010111011101010110011111011101011111011100010101011000011010101010001111
011011100011100100101011100110100011101101100111101000011101100111101010100000011100011111010110101000101010101001011101011111100111011100100000010111100110100011100100101011100001010101100010
011100100011100001100000100001011010100100011111011011100100011111010111101011100000010111100111101011011111011110011001011111101001100001011011010100100000100111011111011111010111101000100110
100111011100011101011111100000011111101010011101011000011111011010100000011011011100011010100110100011011111011011011111011111011000010100011001100000011010011111011001011111011001101000010111
100000011111100100011110100011100111011110010111100000011100101011100011100000010101100001101011100000011111011100100101011001011000101010010111100111011100010101010111010101011010010110011010
100001101101100001101110001111011011011000010111100000011111101101100000011000001111101101011110101100100111100000011111010101100101010110011100011011101010011011110000100110100111101011101100
100010101111010111011100010011010110101011010010101010001011101001010111011111001111011011101001101010001111010111100101011011100001100101101100101000010011010010100110011001101001100100101101
011100010101011100011000100010110011100000101010010000011011011000011111011100011110100010010100100011011100100000100001100000100001100111011110101101100010100010100101100001011111011000011111
100101010110011111100100011111100010100101011101100100100100011111100000011010011100100000011111011001010110100000011100011011100100011111011000100111100000010110011111011111100000011111100000
100010100000100000100000100011011010011001101101100010011111100000011111100111011011011011100000011001011111100001100110011111100111011101011110011110011100011000011001100001100000101001011111
100011011001011010011011100111010101100111101010011111100010101011100101100000101001010101011100100000011101010111011000011011101101011000101101101001101010100110101010101000100010110000101001
011110101111011100100001100000010111011111100101100101011011101000100101010110100000101010011010100010100010100000100000100010101010011000011110011101010010011001010011100000011001011010011010
011111100100011110011100100011100001100000010111100110100001011101011111100000011101011011100101100000010110100100011111100000100010100001100000100000011101100000100000100100100000011111100000
011010011000100010011001011111011111011011100000100101011100011111100011100000011111100101100001011100011111101101011010100000100111011111101001100000100010100111011001011111100101100101011111
100011100001100100100000011110100000100010011100100000100001100001011111011111011011011111100000100011100000100000100011100000100000101000011110100000011111100000011101100000100100100000011100
100011011111100011011111010110100000100100011110010111011010100100011101100100011111100101101000011101011110011000100100100000011010011011100100011000011011100101011011100011100101100010100000
100000011110100000101010100101101000100100100010100000011101100010100100100000100011101010101011011000100110011010100100010110100000011000101101100001100101100001100000011000100010100000010110
100010011100101001100101100000100100011110100110100000011110100000011010100000011111100000100100011100100000010111011110100000011011100000100101011111011111011000100011100000100101011000011111
100111100111101101011001011011010101011100100000011111100001100111011000100011011001100010011011100110011011011010100101100001100010100011011111100000100011101000011111100010100100100010100001
100011011101100100100010100010100100011011101000011111100010100010100100011001010001010001100101011111100111011110100011100000101010100100010001100000101010101000010101100000011011011011101000
100101011010011101011110100111010110011110011110100010011111011110100000100101011100101010011011011010011110100010010101100000011011010101011000100010011101100000100101011110010111100101010100
011101011000100001011100011000100010100000100010011100011100011110011111100010100000011111011111011000100010011100100000011111100000100101100011100011011011100001100000100011011111100000011111
100000100000100100011100011111011110100000011000100000011101011001100001011011011011011101100001100000100100100000011010100100011000100101011111011001010111100001011011011111011111011111100100
011011010001101010100110100100011000101111011110100101101011101000011101011011010100100011100100101000011010011111011000100000100111101000010101100000010100100000100101011100011101010011011111
011101010111100111100110100000010101011000101011010110100010100101101010011010100100100000100110100111011111011110011111011011011001100010100110011001100000100100010110100000011100101001100000
010110100000100001100011011101010110100110100011100001100010100010011101100000100000011111010110100000101000011101100100011101100010011001100100100101100001011000011101100110100101100000011100
011000011111100111100001011100100111100111010111011101101000011111100011101001011111010101011100011100011111011011010100011000100001010101100110011111011000011000100000010101100011011110100110
101011011101100111011111011010100011011010011010011000011011011010101101100101011000100100100001011100100000100010100101011110011101011000010111011100100000010111011011101001100000100100010111
100000100101011110100110011111100000100000100010011011011101011101011111100101011010011100100101100000010110011111101000101001100011011111100001011101011110101001100110011000100000100001100000
100111011100100101100010011011011111011111100100101000100101011100011000011010011010101011011111100110100010100011100100011011100100011111100000011110011111010111011011100010011111011111011111
010011101001010111100011011010011101100000100010100111100000100001011111101001101001100101010110011111101000011001100000100000100001011101010101100011100011010100100001011111100000010110011010
100101011000100100100110101011010110011001101000100101100010011011101010010011100011011100100000011110101010100111011011011011010100010101010101010010101010100000010111010011101100101010011100
001111011001011000010110101010011100011101100100100101100110011111011110100000101101011001101110011110011001011111011111100000101000100110101000011111100101100001011110100000101010010111100000
101000011100100110011111011111101101100101011010011111011100100011100011011111010100100101011001010101011001100101101001101110011111011001100100010101010110010110100000100000100100100000100001
100100011111011011010110100010011011100100100000100000100100011110011101100111101110101010100001100010100000011110011101011101010111100010100111100111011001100110100011011110011100011100100111
100000011111100110100000100000011111100100100101100100011011101001100100100000011101011111011110101000100001100011011111011011100000100000011110011110011111100110100000100000100000100000011010
100101100100100000100010011001100100011100100101011001100101101000100110100100100000011100011111011111010100100000011101011010011101011111100000100110100010011101100000011110100111100100010110
011111010100100001100111011011011111101010100001011010100010011111010111011001100001011010100010100000011011010100101000010111011111011010100111011111100000100111100111100010011100011000011110
101000100101010010101100101011010001100111010110011011011001010011100100010110100101011000101011100011100011010110010101011111011000100101100111101001100111100111101111011000011000011000011100
011101100110011111011111011000100000101011100001100001101000100010011001011010101010011100011010011010010101011100100100010111011111011001100100011101011010100000010101011111011100101101010101
100100011001010100011011100111100100100100011101011111100101100111011011011101100100011101100111011101100000010100100011010101101010001111011001011011011110011001110001011001100011101000011000
011001011001101100101010011000010010100111010110011000100101101001100011100010100111100110100110010111101100010101011001100111010111011000100100011000101000010000100111011001101000101011100000
100111011011100100011111100110011000101011100001011000011000101101011011101101100100101010101000100001011100100010100011011010011101011101100101010101100100010001100011010100100011011111100011
101110100011101010101000011000010110101000101011011011100100011000101011100110100101100011101001100011001110101001100110100110010111010101011010011001100000101010011011011000100010100000011000
011100011100011000011010011001100001101011011011010011100010101100100100011100100100010100011010101010100111010110110011010111011111100001010111100111011111010101100110100001010001011001100110
100101011011100110100011011111100101011110100000100000011101100111100000100110101010011111011111101010100000011110100111011111100110101011100110011101100000011111100000011010100000011111100000
100001010101011111100001011101100001011111101001011111010101100000100010100010100010100100101001011011100010100000011001011111100001100000011111100010011010011101011111100111100101100000010111
011010100010011101100111010101110000100111010111011100100000011101010100100000101010100010011000010000011000101001100000101110101101100001100010011011100111100000011010010110011111100100100010
101110101101011001010111011111101011011001011111011110100011100011011000010100010101100000101001100011100100100000011100011100011111100000010111011100011111101101100000101011101000011001101010
101001100011101111100100100101100111011010100110011111010110100010011101011111100010101001100011011000100010011101101111011110010111011000011011011100010111011111100000011000100101011101100111
011111100010011100100001100000011010011110100001100010101010011010100000011111100011011011011111100010100000100110011111100000100011011111011001011111011111011110011011100101011100011111010010
100000100111100000100000011111011111100000011110100000011001010111100000011010010100011111011111010111011111100111011100101001011111100010011001100001011111010011100110011100011101100000100001
011010011001100001010110100110100101011100010110100000011111100101011001100011100001100111100100010110100011010011011110011101100001100101011101100101010110011011011010011000101000011010011111
100100101011010111011000010110101010100001011001010101011110100101100000100110101001010110100100011111101001101010011111100100011111100000100110011110011101100011100111011111100110100000010110
010110100000010111011100100000011111011001100000100000011100011101011100011111011110011101011111011100100011100110011100010110101011011100011111011011100000100000100000011100100011011010100000
011100011110010111100010100100010101100101011111011101011111011011100000011111100100011111011111011111100000100010100010011101100001011100011110100000100000100011100011100000011111100000100010
011011100111011111011011101000010010100101011010011001011101100001100110011100011011100000010110100010011000100111011010011111101000100110100111011111100110011011010110100011011100011111100010
011111100011100100100011011111100000100010011111011011100101011011010100011010011010011110100110100110011110011110100000010111011111011011100000100011011101011001011111011011011010011010101010
100111100111011001010010100111100101011111100010100100010111101100010011011001010111101100011101101110100101011110101010011011011100100111101101011010011111011111011010101101011111100010101010
011011011101011100100000100000100101100001011110011111100101100011010101100100100000011010100000011010011111100111100000011011011100011010011000100000011111100011100000011110011011100110100011
100000011110101001100011011111100110100011100000010111011100011111100000011011100001011000010111100011011010100000100000101101011001011111010100100111011100011000011100011111010100100011011010
010111100010100111011100100101100000100000100000100101011111011011011111100111011110011010011010100101011100011001100101011111100000011010100101100100101100010110100111100000011110100011100000
100110010101100110100111011011100111100101011011100010010111011000010101011111100110010100100011100011011110100100110000101001100001101001101000100111010101100000100010010100101101100111011011
011110010111100000011000101100101001101000011011100100101110010000010101010111100110011101100111100111011100100101100111100101010111101001100100100110010100010111101110010100101001100000010111
100101100000010010011111011111011111100000100110010110011001100010101011100000010010100010011110011011100110011101011010101001010110011001011111011011010010011111011100101010100010011100011011
100000010100101000100011100010100000011011100101100001011000100010100010011111010101100000101101100000010111011000100101100101100000011111100110011010100011011100011001011111100110011111011001
100001010101011000101000100100101100010111100001100010010101011101011110011111100010011110100100101000100001011111011011010011011010011010101001100000100010011010011000100011100010100101011011
010110010110100000011101011111011010100000010101011111011111011110101001011111010111100000011010011111011111100000100001011101011010100101100000100000100100100011011111011110100001100100100000
011010100111011111101100101100100001100000101100100011100101010101011101100010101000011001100101010011011111011010011000010110010110100000010111110010011011100100011101100000010111100011010100
011110010110011111100000010111011100011101010101100111011100011010011001010101100010101000100000101000100111101010100000011010100000011000100000100110010111011111100100100011011111011111010100
011100011010100001100000100100011011100101010101100001011001100100100000010011010011100000011101011001011111011111100000101010011010011101100101011001011001100011100000011011011001011011101001
011100011010010010100000010100011101100000011011011010011010100000100011011000011111011101011111100100010111011010100000011100100000011010100100100100011000011110011101011101100000100000101011
011101011111011111100011011111100110101000100000011010011101011000011101011111100000100000011111100101011110100000011110100010010111011110011110100000010111011111100000100000100001011101100000
