010011110010101000111010001100001101110011001100101111110110001110101110110011000111001101001100110100110001001110001010001001001010110101110000110001010000010000001011110010000101110001111010
101110001110001101001001010000010001001111001001110111110000101001110011101100101110110110101010101011110010010010010000001101001100101101110101010000010101110101101100110101001110101101101101
010010010000010001001011110100001100110100001000010100000111000011101110010100010000110100010000101100100110001110111010110010001100101101000111110001010100001101101110110011001101011000001001
010001110000001101101101101101001011101001101101010100010110001110001111001111001111010101010100110000001011101011110101001011010001001110101001110011101111110011010100001110010011010000001010
101000010000110011011010010011101001001101010001110101101011010011010011001110010000101100110000101111110100010011110010101110101101001110010100110000001011110100110000110010001100110000110001
110001010111101011001011101111010011110010110100001111010011101100010001010000010010010111101111101011101011010101001111010000110000010001001101110010010001110001110010010101010100010000101111
101110101100110011101101001101101111010001101011101000001110001111010101001101110000010010001111110000010011110101001110100100101100110100101100010100010110010011110101010001110011001111010110
101110001111001100010000010011001111010011001001101111110101001101010010110001001100101101000111110001001010001011010001101111111001110110001111110100001100001001001001101110101011001101010010
001100110000010101110000001001101011110010001011001111110100001010110010001110101110100111001000001001101110001110110001010000110111110000110001101001110011100111010000001111001001001111001010
101110010000001100010101001101001101010000110110110011110001110100010010001101101010001101001010101110010101101101010001001011001010001101010010010010010101110001101110101011110000000110001110
001110110110100100110010110100000101110011001010101011110100110010101100001011001011110000001001001010010000000101001101001101001100110011110000110100010001111100101111001101010101110010001000
001100001110010010000101001111110111000111001011110000001100101110001111110011110000110111001000110011101111001001000110110110110101101011101101110110001111001001101010010011001111101110110010
110011110001111010001101110001010011101011001000110101110011111000000101001100110101101111001011110001001000000101110111010100110000000101111001010110001110001110010001110010110001010100001101
110101010001000101110100110100001011101111001010110100110011010011111000011010111010000111110001110110110011001100110110001100110101001111001110110010001100001010111000001101111001111011110101
110101101000110010001111100110101001101110101011101101010001101101101110010001110011101110100101101101001000110111101011010000000110101101111000011000010011001111010011001111001010101110101111
101001010001110011101100110000001100001111101101110000010101101100110101010010001110010001110000111001010100101011010010001011011000101100001101001100110010000111001011001010010111010000110001
110010001111001100101100001010110110010011001111101011010001001110101111010100110100010010010100001111001100010011101000001110110000101111001100101011101001101011001010110011010010101111010101
101001101100001111101100010011010101001101101100010001110100001101101000010110101110110010001111010110110100001111110100110000101101010001001111111000101100001111110100100110110101001101110100
010001110101101111110011101110010010010101110001110010110001110100110110001010001100001010010001110011110000001001110011110111001111101101001011001010001101010001001100001110001001000100001000
110001001001001111101011001010001101001001001110110001110010001101001110001010101110101100010100110001101001001001010000101000110000101011001001001011001011110001001100101110110001101111110110
101101001111001111010011001110001011010111110001010100010001010011001110110011110000101010001110101110110001011001101101110000010100110000001010010101101111010011010110010100101111110000101100
110000000001101111110001111010110101110100001110001110010010101101111000000111111000010000001111110000010000110110001010110001000101101011001100001111110100010011101110101101110001000101101111
001011001110110000011110010010001111110000001110010001110001010000110010101001010010001101110010101100010110101110001111110000010001010010001110010110110100010000110001101010101111101111001100
110011010010110000101100001100010001001100001101010100001110101110010011101100010011101011110100110100001110001100001010001111010000101110010001101111110001110011001111101100010100101110010000
110001110101101101010011010001110011001101110101110100101110110001101100101110001101001011110110110001101111010100010010110111110101110010101111001010000110110110010011101100110100110001110001
110101001111110110110101000101110011110001010010001011001011001011001101110011000111001111110101001001001011010101001101101100010011110011000001110100000010101111001001000111010001101110000111
110101110001001010101110010010001011010001001110001101010010110000110000101101110100010101110010001001111010010000001110001111010000101101001110000110110001110010110010101101001101001101001110
110000001101111000001000110011111101110010101101110010110111001110101111110100001011001011110001110001001110110010110110010000110010001000110000101001110100110100110001001001001101101010110100
110001100111010010110001010000110001110001010010010100001111010111010000110101101101110011101101010010100110110001101011110100101111001110101111101100101100101111010110110001110011011010001110
101110110010010000010110110010101000110110010100100101010100101101101000010100110011110100010011110000101100101001010010110001101100110101101011010101010001010011001100101011101110110001010110
101110010001010100000111110111101101010000110010010001001111001000111000001011010000010000110100001011110110001000110000101111010001001111001110010001110100101110010010001100111000101111110010
110111010000000011110110001100001011000111101111110001111000001111001100001010110001110100110011110100110110110100111000111000001010010100110010110110001000111010110001010000000101001111110000
001001101111010000011010010101010110001111010001101101010011110001101111101100110000110011101101010010010011001000110001101010101110010000111000101011011000101010001011010011010101101100110001
110001010000101111110010010001010101010101101101101110011000001111010101001111110000110001100111101110101100001100010000010010101111010001010101010001101101001011010011001010010011101010100111
001111110101101100001100010000110000001111101101101011001111101001110001010010010000110010101100110101110011110000010101101101001011001100110001101010001111101101001010001110111000110000010010
010001010011110010010001001010110111110001110010110010001001101011010010010101111001000101001111001010010101110001001111010001010000001010110100001010001100010000010010010000001111001011101110
101101101100110001110100001111110010001111001111110010101011101101010001010011010111010000010010101000001010110010101110010000010100010011101010110000010001001111110000101001101110101111110011
010001101011001111100101010111010100001011101011110001001111101111001101101101101001010011001110010011101010010000010010010011101010101011010010001111001111001101110000110011010000001110001110
001100001110110000101110001010010010001010001101010011001011010010000110001100110000010100101111110111110011001100010101010010011001001100101110010011001011111011110001110000110110001011101101
110000101100101101001100001110001100110011101110001101001011001101101110010001110001110101110011001011101110110000110011010010001001110010101000001110101100110110110001001001111000110011101011
011111001110010001010101010000001110001111110100110010010000010101001110110100010101001101101011001011101110001100110000011001001100110000101101001110010001110001010100110110001101010111001100
011111110010001111101110110101010001001000101111010011110000001101110110010100110101110010010000001000110001110010101001010001110010111000001101010011001110010000001110101001001101101011101010
011111110101110011010001110110101011110101010000001010000110001011001010001110001010110010001011110100110101110001110100110100001011001101101111001100110000001110001001001000111001101100110011
011111101100110010001001001111001010001110110011010010001110010001010001001110110001101011010010110111110010010010110100001001110001001110101100010011101100110001110110101111010001101111110010
011111111000100111111000001101110100101100101111001100001101101101110011001110010010110101010010010111100101001101001010001101101111010001001110001110001001110100001000010010110000001110110011
011111110000001110001010101010010010101101110000101010110001010001001111110101110100001011010001101110101010010000100111110000010100110101001110010001001111110000101011110100101111010100101101
011111110001101111010011110110101111110101001001110110010000010100001100110000001101001101101101101100010011110001001010110000110001101111010001110011101011110001001110001110001110101100101010
011111110010110101000111001100110000110010001111001000110100110010110100110000001011010101110100010010010010001110000110001000001111101101001001110100110100000101001111111001010000110000001110
011111001101010000101101001001001110101011110000110011010000110001010000001101001100110010101100110011001101001110110001110001101101011001110000110000110010110000010000010000101111101100101110
011111010011101100001110110000001100101111001100100111010001010010001101010001101111101000001111110011010000010110010001010010110010010011010010110011101100110100101101110001110000010000010001
011111010001110010101101001110001010101101001001010101010011110110101011001011001001000110101011101100110000110100101111010111110001001100110011101110001001010110110001110011101110000100001101
011111101100000110101111101011010011110111010001010001110101001100110001111010001000001000101111010000010001100110001101001111101110110010001111001011110011010001010010001101001100010110001111
011111101111101101110100110101110101010000110001001000110010101111101000101100101100010001010100000100001100110111010011101111110011001100110000010001101010101101001001001000001111001110111000
011111110010101111110101110010001010010101101101111000010000010011101011111000001011110011001010010011001101101101001111110001101011010011001111110000001011110000110111010110110010110011110100
011111010010010010110110110100010001010000010000001010010000010001010000001110001110101110010101001110001011101101011001010101101101101110001110001110110000110010101110101111101101110000010011
011111101111001011111100101101101100010110001111110010001110001111010100001000010001110101000111101111101110110111110100110000110011010011110000110010110101010010010000110100110101010000110111
011111001000110100110111101100111010110100001111110011001000110011010001001110010010010001110000001101001111001011001011001110101111001011010000101111010100110001110011101110101110001011010101
011111110010001100110101001100001011001011101001001111010110110110110100101111010101101100000111001011001101101110001110010001010011110011110110001010001110110010001001001111010000001101101101
001010000100001010001001110011001111111000001010001111110111000101001110010000110001110000110110001111110101001100000111110110010010101100111001001101010010010110001110110110110010010001010000
110101110001111010000110010011010010110101001111001100110101110010101110110010110000010011110001010100101110101000001001110011001100001101110101001000101010101011101010000100110101010010001111
000101101100111000001010001100111010110000001101101110001100001101101110110100001100010101010000110010110000001010001101110000010100001110110011001111001000110001001110001111000110001100001101
110100001100101101001101110011010001110101101101010001010011110111110010010110001100001011101101001101110011110000001001001010001011010000001011010010010000001111110011001100110100101010110001
010000101111111000001101001110110000110101010000001011010000010000001110111000111010110110001100001101111110110011001110110001001110110011110100110101010101001111001110110011001111001000010011
010011010100101001010100010110101010110100110010110010001111101100001111001111010010001111011010010100110011110000101000010000110100001110001111001011010000110001101100010110101110101011010010
101101001001101110110011111000101101110111001101110101010001110010001000001111110010001001010001101111101101111000110011001101110001110010001011101111110100010001001010010010110100001110001011
101110101001110111010001010010001110001100101110001111110101110110001110001110001100110010010001010010001010101101001011001000110001101001001001001011110111110100001110001101110101110101001101
010001001110101010010010010110010100010110101101110111001111101110110000110000110011110000001111001101101110010011010100001111101110010001101100110001001100110011101001110001010111001111101011
010010001100110100110011001101001110110010110000001100001010001111110110101011110100010011001110110001010000110010000011111001001110110110010001111000101110010000101111110110111000101110110100
010000001110110010010001101111001110101011110000100110101011001111001110001101101101001100101011110101101101010101110001101100011000110101010000101100101100110011101000110001101101010010101111
110110110001001110101101001011101101001110110100001111001000110010110010010011010001010001001110110010100101010011001011110100101111010100001101010010101011101000101101110010001011101110001111
101100001100110101010011010000110001101000001110110011010000101100001111101110101111110000001100101001001100001111001110110101101111100101010110101111101111010100110010010010101111010001101011
101111110000000100001111001111001011110111010001101110101111001001000101101110110010110010001100010000101100001110101110110100010000101011010010110101110001110011110111010011101111001011101011
101011110011110000101011001011110110001000110100000110111001110010001100001010001111101001001101010010001000110000000100010001110010101110001111000101111111110100001100001000110010110111110011
010010111010010000001110110011110000001011110000010011101011110101001111000110101101101110110100110110110100001000110100111011101110111010110001101100111010001101111101000111110011001000001010
110100001010101011010001001111110000010001101111010000001111010101101100101011010011010101001110110000010011001101110000010101001111110101110001101110010101010100101111110001010110110001010000
110010001000110011110110101111101111001100110001110100001010001101110000110100001011110100110000010001110001110010101011010010001110110110110011001000110001001100110010100111110011110100110101
101111010001110000110011001100001111111000001011001010101110110011110000001101001110001011110001010000010100110010010010001001001100001111101110101011010100110110001110101111110101001110001011
010101110101110001101100101111101101101111101010101100110010110011001101101000001110101111110100010001101001101010010100101100001110110001001000010101001000110010110011110010101111101111010010
010000001010101110010001010100010000001111101101001110110000101101101011100101010000110011101011100110010100010001001011110100001111010111110010101011101110010101101010101111001011100111010000
001101010011010100110000101100010110101111010000001010010010001111001100010001101101001001110001001100001101101010001111110000110001101101110010010011010010100111010100010001110000010100010001
110011001010110010010100001011110000110101101111010011101111010011001100001101010011001010110001110010010101000110110010001101010001101111110010101101010000001101001100001001001011001101010001
110011001101110110001100001101001101010010001001001111101111001111001001110000001101001010001110001011001011110010010000101111101111010001110100001010001111001100101101110100110010001101110000
101110110101001101101101001001010111101001101000110000110001010111110111010001110011101010110000001111110011101101110010001101001110101111010011001100101101110000101010001111101000101011001001
101110101110001111001111001111110001110111110100110100001011001100110001001010110100110110000100101111010000110011101010101101110101101110110000110000101111110110001111001111001010000111101010
101111101011010001110001110010010001110010101011110111001101001101001010110001010011001100001011001111001110010001001111010011010110010100101111110010110000110011110011110010010000001000001100
110100110000101110001101110101110111110000001000110000110011111000001111101111110010110111110010110100110110001100110101110001010011001111010000101100111000000111001001110010001010001010001100
110000101110101111010010000101110101001100110000110010001011010111101111001100010001010001001010110001010011101011001111101110001101110100101011110110110110010001110100101111010001010110010010
001101101110110010101101010000001100010010101100101111101011101101001011010100101111110000010110010111011010010011101011010011001110001111110001010110010101001101101101010011101011101111001100
101110101110001010110000110110001010010000110001001101010110010111110111010100001110001101001100010011010001011001010000110011101001001001110110001111001111101110110000001001110100001100010010
001111001010110010001010110011001011001101111000110010001011101111101101001100110011001110110010110010110100101110001101110100111001001110001000001010001100001001001000110001110110001110101101
010001101001101101001110010000101111101100110001101100101100110010101001001110110100110110010100001000001001001101101110001111010010001010110011101001111001110110011010110100110101110001110001
000111001101110111110010000101110010111000110101101101010000000100001101000101001110110001110001001100010001010000110000110000110000110010010011110101110111101110010000100111001000110001101111
001110101111101011010010101110001111110000101011110100010001101011010100101010101010101111010001010111001001110001110000001110101100011000101110010011110000010000101001001010001101101010110011
110111101110010000010001001100101100101110001101010010001111110010101111110000010000110010010100101110010011110111001101110010110101101110010011001010101101001110001111101010000111101010001010
101110110010101101101110000110001010001101001011110100010100110000001010110001000110110001101110110000010001001001110011110010110011111000110011010100010011110011110010001011001101110100001010
101110010010110001001100000111110001100111001011110000001101010010001111110001000011010010001111001010101100001010101110110110110011111000000100001000110100110010101011010001101101110001010000
001001111010110001110111000110010011001000010010101100111000001011110101110110000110001101001101111001001101010001001011101100111001001110110110110011101100001100111000001101101111101111010010
110000001010110110101100001110001101001100101110110010001100101111001110001110010010011000110001010001010010101110101011110110101100001111101111010001010100101111001110001011110100001101010001
001000001010010000010001110001001011110000110101101111001111000110001011110001001100001110010110001001101101001111001110001111001001001100001100001101001101001010001101101100001010010011100111
110100010001101111110001101011110011100010101001001101001111001101110000101100001010010100110101001110010001001110001011010000110100110101110000110111110010010000001000010010001110001110110110
110000010011110000010010010001110110110010010000101010010001001011001111001111110010010101111001110001110101010010010111101111001100001111001111001101110111101110010011110001001001001100101101
101100101110001110110000011001110011101110010011110000010010010001010100110001101010110000110001101111101111110000101111001110001110101111010000001101101110001100001100010111010101010100010001
101111010010001111111001110101101101111101110011110101110001010000110101001111001110001101000110110011010001110101001011110110001101001110001110110111110011001110101101001101010100001001110100
010001110000010001010011010000001100010110110001001100001111110100101111010010010111101110110011101101110101010001110100010000101111001111101101101111010100001101101111110000001100011000010000
110100001111101111110011101111001011010000110010110001110000110100101100101001001110101111101111111000010000110100110000110010010000110100110100010001010100010001010000001010110001001111110001
010010001010010000001111101100110010001101101110001001101101001011101011001100010111110000101111011100101110001010101100010000110011010101101010001101110101010011101111010110001110010100110000
110010110010010011110100110010010000101100001111101110001011101101110100110001101111010001101111010001101111010001101100101110100111010000010011101010101111001101001011101101110001001100101101
010000001001010001001110110000110001001101110000110001110101101100010000001100001101001101010010101111001100110101010000001111110100001011110010010100110110001111101100110100001100101101001001
110101001100110100110100110001101001110001001010110001001101010001110011001100001010010001001111101100010011110001010100101101101100110101110010110011001110110010101110010101101101110111110001
110010001100110001110110010010110010010100010011010001101011001110001011101111001011111100101111001110110100110010110000101000001100110001001000110000101110010001010100101111001001110111110100
010010101100101110110011110111010000110000010100110000010000010100101111100111010001010100110001110010010101001110010010001110001101101111110000110110101011010011110000101111001111001110011101
110100101100101010010110101110010100101111110000110010101001110000101101101111101111001111110101001111101010110101010000010011001110101010101111010011010010101110110010010101001100110100001100
101110010101110010001101110110010010110110001111010010001101110101001100110001001110101110001100001111001011101110010000001001000101101111110010101100010001001000110101110000110011010010000111
010001110110110100101101110100001100010001001101001111010000110011101011001101001100101100001011110011101110110111110011010011111100110110001111010101101101101111001001110101110100110010010001
110101110001110000000111010000110110110010101010100010101110010100100110110000101110010000101110010001110000001110001111101111001111010001001011010111110110110110010000000110010110000110010010
110000101111010010110010101101110001110010010001010011010000110001010011101101101000101011001110010001110111101110101111110010001110101011010001101101110110010011101110110010101100110011101100
010111110000101101101101001110001011110011001000001111010000110000101011110111011000110010001110110011010010001110110001110001110011010001101011001110001010101011101111001111101110101100110001
101011101101110000110101010010010111001110110110101111101101101110010001110001110011110101110001010010001111101111001101001011010000101101101111001110010010110000101010010111101110001111001101
010001101010110100101111001110101100110001010110101001101100101010101101110010010011101111101011001111101110001110101011101011010111110101010011101001101111010000010001000111010010010001010110
110110010011101110010000010010010000110010110001001111010101110110101111010000001001010101001111010000101101110010110000101010010011101110110110110000010010010000111000010001101000101100010000
000111110110101011110000010000110001001100010001001100001101010100001000110100110001000100000111101110001001001100111011001111101110001101110110110001101010001001010011110001110000010001001010
010000110010101111111011001001010000101111111000111000110011000011001101000011110101110010110110010000010001001010110011010001010011110101001000101110001100110110001011001100110010010011101111
010000010000110011101101010010110010101111001011010010110100010010010010101001110110010110100111001110101111001100001000001110110011010000001100101001110100101110001010010011110010010100010000
010001010010010000101110110111110101001010101100101110110100110000010001010100110111100111101100110100001001000111110000001000001110101101001001010001101010001010110100001110101110110011110110
110110110011101110010000110101101100110011010011100100101011010001110000110100010000110001101110010000101101010010010000001110101001001011101111101011101011001111001100010100110010101011101010
001110110101001010001101001011001011101111110101000100000111000110101110101111010001001110110010110001110110000101111001001010101101110100001110001010110101110110001100001100101111001110000011
110010101011110000110111101111011001110011110010001010001000010001110000110100110111001001001000001101001101001010001111110101010111100110001000010100001001110010010110001101001001110011010010
001101101100010001001001010011101110001010010000001011111001001010110011001101110101110011010000001111000101010001010010101000110100001010010011010010010001110011101110001101001011110011110011
110101001101101111001110010100011010101011010100110010110110110001001010001001010100110001101011110110110011010110010001101111001111001111110101110001101010001100110001010101010010010101110111
010011110011001110110110001110101101101101101011110000001101001110101011001001001101101101010000001100101011010101010010010010001101010001010000010000110101101100001111010001110010011001001111
110001001010101110001011101101001101111000101110100110110010001110101110010000001101101011010101101010110000101101001111110010010000010001001100001110101011110010010011010001101010101001110011
101100001111101111011010110000101110001111110000001101010000010010101101101101001010110011101011101000001100001110110010010001001110010100010001101100010101110101001001101001010011001011010110
101110010000101100001111110111000111010000101111010111101100110110001101110100110001111000000111110111101111001111001010110010000100011001111011110001101011001100110010110110101110110110101001
001011110111001001010000010000110011010001001010101010010011001010010101110000100111110101110010110100101101010001101100110011111000010011010100101110101111001101110001001010101000010010001111
001110001110010110101000110001101101101000101100110001110000110011101111001101001001010000001110010110101010110101110110101010001110101011101000101111110001010111010110110011110011101110001111
010000000110001000010000001101001010110100001010010110011000001110001110110110110010110000110001001110010010001111101111110011010110110001110101010000010001110011001100001110110011110101001010
010000010000110101101100001000110001010000110000110000010101010010110000110001001111101111101010001101101110101110100110110011010011110110010001101100000111001101010010101100010010001100010111
001111001011101111110101001110110011101111101110110111001101101100110010110000010100001001110000101000110101101101110100110101010000110011110010001110101101010111110001010010010100001110101101
001101001111110101010101010100110011010001000101001011000011101010010100001011110100101111001111000110110010010000111010110101101101101111110101111110111001110111001011001011001110001001010010
010011101010001011101110110000010100100110010000001111010001010011101110010101101100101111101101110010101100001100110010101110110100010111110001101110101001010101010011101011101000110101101011
101110001100111000110010110101110100110001001000010000110011101100001111001111101101110010110011001000001001110100001100010000110111110001010100001100001101101100001010101011010000110011110010
010010010000010110001101001011001110110000001110001111011001001010001110010000010110001000010000101111001101001100110000101100001111101010001000010101010100001110010010001111110100110010110010
010001001111001110001011001010110000010011110001001100101110110110110011101100010011110001101100001110110100010000001111110101110011110010001011010000101110101101110000100111110001010011110011
101000010000001110110010001101101101001111110010110010010000001001001100110011101101110000110101101100010110110101101100001101010010110010110000001111010000001010110000001101101111101110110101
110001110100110111001101001111001011001110001101001110110000110000010000001110110011001111111000101111001011010000001110001101010000001100001111110100110100110000110001110011110101110011110001
101110101101001110101010110011110001001110110110110000001110101101110101001111001000110000001110110101001110110110101001010000110001101100001000001110010000101100110001001100001100010000110000
101110110000101101001110110100010100110110110010001001110000101110101011001101101111010100110000110010010001010000100100110110001111110001101111001000110000010001010100010101110111001111010001
001100110000101111101111010001010101110000001111101110001111010010001111001100001000110100110111001101010001010001101010001110010100001011110011001100101011010000110110001100110000110101101101
101110010001001001001110010010101010101010010010010000010100101011101111010001101111101010011000010001110010110001010010010100001100101011101110101100110000001110110101001101110010010000101011
001110101110000111110110101111001101010000001100001001010001110101010000110011110111110111101100001111001100101100001010111101001011101110001010110001001010110001101111000110010000010000000111
001100101111001101001110110001110110111011001011110011101111110010110111001011110000001100101101110010101010010101010000000110001011110001110000001110010100110100010000001100110001101111101101
110011001101010010001101111000110010110101000100010000101111101101010001110001010000110100101101001011001111010011111010110001000100010100101001110001110000110000110001110010110100110110110010
110101110110111000110111101111110001001100110101010000010001001011110000010001110000110010101011110100011000110000110101001110001011010100001010101111110000110001110010001110110110110011001010
110101010100010000001111001000010001001001010010010001010001110001110111001111010100001101110011110001101100001011110010000001110011010001010000001100001101000101111101110000110001101110001011
101001110010001111001010110010110011010100110111101110010010001100010011101100110001010011101100010011010011110000001111101101101100010011110101110010001111110000010001001100010011010000111001
110010101110111000110100110100000101000110110111101111110111110011001100001110010001110001110100101101001111001000001110001001101111001101110010111011110111110100110101110001010000001011110111
101001001110101111001111001101101011110000101101110000101011001111011000010100101110101101101101110000010001010100010001010111110011110001110011001100001001010110101110010010101000010100010101
010001010101110100110000010100110001101110001101001111101111101110110110001111110001101110001100001110110001101011110001010101010111010001001111110000101110010001010000110000010001011000101101
110001001100101010110100010011001100010000101011110001110100010001010101101111010001001010110011110101110010110001010001010010101101101101101111010010101100101101110001001111101000001110010010
101101010101001000100111101100101101110010010001010000010001010001101010001111001011110011001100001110100110001100001101001101010010101111101101110001001111110000101101001101110000101110110010
110000000110110110001111110110001010110101010010101111010011101101010101001011101110111100010010001110001011001100000110001010101110010001110000001001110000110010010011010001001101010010010010
001011001110001011110110001001110011010000110000110101110010001010110011001001001101001100110001001000110100110011110111001111110000101111110000110001000110010010110111001010001110000110110000
110011110100101110101110001011001110101110110010010011101010000111101111010110010011110010101111110000101011101101110110101010010011010010010000101110010011110001110000100001101100010010010110
110001010100010001001011110011101111101111101110101100101110110111001001110011010011001101101110110010010011001111101011001100111000001011110000101110110100110010110111110001110011001111001110
110101010011010101011000001010001110110001110111010010101111110011110000101100110000001101101010101010001010010010010010010010010011101101110000011000010010010110110010001010101110101111100110
110101101010101100010011010000101100001100010100001110010000101100001100010100110010101011101111110111101110110011101000010010001110001111010000010000001111101011110000110100010010101010001001
110000001011001010110010110010001011110101101101101101110001101000001110001111001001010001101101110011010101101101110100110001110101110001001100101111110001110001101111010010010001101100010010
110001010001010001110101010100001111110011001001110100001101101101101110001110110010001111001000001010010000110000110011100111001001101011110100110001010000001111101011010000010001101011110001
101110001111101000101101010100110110101101010010101100110001010001001111010000110001010000101111010101101111101101010000101011110010101001010100110001101110001111110011101001110000001100110101
101110111000001101010000110101001101110010110111110101110001110011110101001101010000110110110001010001001000001100101101101011110101110010110101001110111001110001001111000101110010110111001001
110111010100010001010101010000001111101111101101001110010000010101101101110001101101101110101001101011110011010100001010101001100110100111001111010101001101010001101001001010101001101100010111
001001111101001101001000110010111011001111001010101101110001001100101100001110110100111000000000110111001000000101001111001010111100110011010010110111001110110100001111110110110010110010110011
110001101010110011101100101111110010110010001011001101110011110011110000001101110011110000110010001010010100001111001010101110110000001111001101010011001001110011010010010011110101110011010000
001111001110101011110010110010001001001100101101010100101101110110001001001011010110001110101110001111001100101111010010101011001111010011001110101111001001010000010000101100001100010011101011
010001101011110011001011001001001000110110101110110100001010001111000111110011010011001011000111001101110100110011001101110000010000001010001100001111110010110011101110001100010011001111001001
101101001110001100010000001010001001110110101110001110101101110010010011001100001110110011011000110011110000110010001110100110101010001111110011101111101101101000101110101010101101110011110100
010001101011010101001110101100101111010000110010010000101101011001101010011010010110101110101101001101101001010000110110010100101010001110010011101101001011010100011010101110101011001011001011
001100101101001100010011110001011001010001101110001100010000110100101101010001010101110001001111101110110001010100101011101110101110110110010100101101101111110011101110010000001110101110101001
110000010011100100010101001110101000101100001111001101001010101010010001010010101111101010101111100110010000011001010010100101110000101001110000110000010011110100001111010101110000010010011010
001110101100010010100111010101101000010101101101010001101011101100101010010100001101101101001110110000010110110010110000010000101010001100101001110110011011001101101011101111101011101110001101
110010110001111010110000010011110000111000110001010000101101001011001101010110110110101110001010110000001110110101111000001111101111101111110110110000101110010100010000110010110011001111001110
110101110011000101101101110111110000111000110100110001001010110010101110001010101010001001111010001100101111110001110001010001001100000110001101110000110100001100001001110101001100110000101100
101100010000110010001101001100001000001101101110101111110101110010110001001010001110000011110010110000001011001010010000010010110010001110001010010011101100110110011011110011110001101110101011
111000001010110011010101101111110011101111001011001100001001101100001001110011101101110100110110110010111010001000010101110010110000001011101111001000001011110010010011001110001100110011110010
110000110001001100010101110010001000001110101011110110010010010001001010000111010100101100010011010000001110010000001111010001001111110011110011101010001111010101110001110010101011001100001111
110001001100001111001100110001101111101101001111110111010000010001001100101001110101001111110100010000100110100100101110101000010011110101101110101110010001100111101100010101101101010001001110
110010010000101111001110101100010000010000001001001011001100101110110000101100110100010000001010101111101100010010010010001101010000010100010011010110110010001101010000010001100110101001001101
001101110100001111001110110100001110110101101100110101010111001100011001101110101101011010010001101011110110010011010101101010110110010110110010001110101101001100001011101110100100101111010011
010011010001001111001111010001001000111101110000101011010001110000001100110011110101001100101010110110110110010111110011111001110100001010110010101111101100110000001111001111101111110000001111
010001101100101111010010101110001010010010001110110111110011110110001101101101101111001111010000101110010011110101110000010001101110101101110010101100000111110110001010101011001011110110001100
101100110011110000101111010111110000101110110000101111001111001111110111110100101100101101010010010001101100101110101001010010101111001100010001011011010010110011101010001101101010010000100101
101111110101110000010110010001101110101110110111101111110011101111110001110101010011110100110000000110110011101111110100001111001001110011100111110011110000000111001000010011101100001111101010
110010110000101101101110101001101001001011001100010001001100010111010000010100110001010000101100110100010101101111110100001010001110101100110010101101101100010001010000110010101100101101001101
010010110010110110001001001001010100101011010011110000010011001000110101001011001110110010101111001110001010001100001010010000010000101100110110111000101011001101110100001101110011001010110010
101111001001001010110101101100001110001111110100110100001010100111001100001010001111110000110100010000101010001100100111001101110100110010001100010101010011101110101011001111001100101110101011
001000110101111000001111110000001111101110101101110110111000000100010101101100101101001100110110110001110011001011001010001011001011001110110000110100101111001001001001001010101101010000001111
110010010000010010110110110000010010110111010011010001001001110101101010001111101011001110110101110001101110001100000110110000101011001101110101110010001110110110011011110011001000101101101110
000100101100010000001110001111110100110100001101101111001101010000110000010010001011110001010000010000101110010000110001010010110000110100000111001100110101101110101100100110001011101101110010
110001101110010100101111111000010001000111001101001011001001111000001110010101000100001100110010101100110001101111010001101110010100110111101001101010010110010000010000001110001111001001101111
101100001110000011110111010101010111010011101110001101001011001011101110010011001110110001001111101110110101001000101111000111101110000110010100110110010000001110110010101110101110110000001011
001100001001010000110000101111110101001010010110101111110101110111110011101101110000001111001110010000110010001000001101010100001101001000001101001001010011110011101111010100110110001001110000
101111010010101111001111101010001111101111001101110011010010010000101110001100010000101100101110110000100101110010010011010011101101110010101100101111011001110010101111101101110001101101010010
010100011100101100110000101110001010101100010010101011010010110000001111010001101000110001101111010010101010010010001111111000010100110000001111101100001011001100010100101010010101001011001000
001001101011110010110011101110100100010001101100010110010001110001010011110100101100101010101111010010010011110100011001010011101111010001110001010010010001101111001010101100101011010001110010
101001010010110001110011101011101111010000010011110001010000101111010001010100010001101100001000001101010010010011110100010100001101101100010010101101101001001010110111101100101111001111101111
001110110000001111110010101110000111101100101100110001110110010010010101001110010000001001010001010001001101001100001011101001001101101101110000101110101100010000110011000111010111010011110000
001100110011101110101111001000010001001110101011101110110000101011010010001110101101110011101101110001010000001100001110110001001100010101101101101110101110101110010001101101100111101111110101
001110001101001100110010001100001100101001001111110001000111001101110010001110101110010111110010010010110000110001000111010010101110101111111001110001010010001100110000001001110010110001110011
110001101100010101001111101110101111001101010011110100010110010100010010110101011010001110010110101110010001110111001001110011101100110100001110110010011010001110010100110001110011101110110010
001100001011101110101100001101111000101101110111110101101011110100101100110000011000110110001001110000001100001010000111001010001011001100111000110001001110001101001011101011110100000111001000
110000010000010001101111110010101101110001110010010100010011101111001111110000110011110000101000101010001101110000010000010000001110110001001101101101010001010001110011001100001100110011101011
110011010100001001110001110100111000001101110000110001001110001101000101001101110001010000110111110000001011110011001011010000110000001100001100001001110101010011110101010000001001101110001111
111010110100111000001000101011110000111101001100001111110101001101111000010001101011001101001110001111101110110000111001001100110011010100001111101011001010001101010101010011001000001100001011
001010001110001010001000110011110010001011111001001001110100110010101110001011001101110011110001101110001111111000001100010000001000001010001011111100000100001111101011001010001010001000001110
001000110011010011101100010011001100111100001011010000110001001101110101111010101110001101001111010100001101101101101100001110001011001111001001001110001000110010001000001110010011001010001111
010001110100000111001110010001010011110001010000001100110100001011101111101100001101110010010110010000110101010011110000111000110000110010001010010001110001010001001011010000101110101011010001
110101001101101101110001001001101111001101010000101110001100101011101000111000110000110001110000101110101110110010101111010101101101001011001100001011110010010011101110101001110001110100101111
001010110011001110001011110001111001010100110000110101110011110111110110001110110001010011110101110100110000010101101100110110101101001110001110000111110010101110010011110011000111000110001000
010011001010101101010011101010001111001010001100110010110011100110001110001000110001001101010001110010110011010011110010110000110010010110010001101111010000001000101100110000101110110111001000
001010010001101111001100001111001011101111001001001100010001010001001110001110110100101101110001110110111110001111101100110010110010110101101111101101010001101111010000001001001100110011110011
001101110100110100110010101010001000110110001000001100010101001000111000101111111110110000101101010001110011001110101110101110110101110101000001010011010010110110010010110110101000001101110101
110101101100110101101101110000101110111000101101001011010001110110110010010000010000010110110001110110101101110000101101001010111000010010001110101100001100010011110011101001101111110111101110
101110000111110110010011001110101110110010010001001101110100110001010011110010001111001111101111110001001010001000101010001110101111001101110000110101000111101011111010001000101011101100111010
101011110010111100001011010111110000110101110100110000110001110010101100110100101101001100001111001111101110001101111000001100110100110111101111110011010000110000001100101111110000001010101101
110000101011110111001100110001110101010001101011110110110010101100001101010110101000010000010100110000010000110010110111001111101110110010101011010001010101010000001001010010010010010011001001
101110011000110101110011101011101001001010001001001110010001001111110000111000110010010010111000001100101101110010110000110111001110101110001110110101010100010000101110110100010101110111001010
101110000110001001101101010011110010110110001011101111010010010010101111001111001111010011001111001100100101101010101101010000101100110000110010010010101111001001110111001110001000111000110001
101110101100000110110011010010110010101100110110001111110001101111010000001111101100110001110100101110001100010001010000110100001111010011111000101101001011110110111000111001101111001110101111
001010010000001010001010001100010011110001001010101111001110110010101000001110100100110100101010001011101100101010100100001001101101010001010101110010010001101110010101010000101111010100010110
101001110100001101010011010011101010001000001011110000101110001000001101110000010101101101010001110100001000000110110000001101111001110101110001110010010110001010101110110001001011110101010010
001101110011001101010001010000110110110100001000001101001011001111001100101011110100000110010000110110110100110010001011110010010010100111110100001101001100001111001110110011110011101101001010
101111110000010100010110010001001011010010001010101111010010110001001110001101110000001110110010011010010011101101101100001011101101010101101010101101110011110110010111001101010000101110001110
101110110111110011010011111000110000101111101011010101110111001111110101010011001100110010110011001110110001110011110001101110001010001110010010010010010101110010110010001000001101110000001000
110010110000010001001100110000010000001101101101110100001111101001110011101110000111101011010001110010010100010001110101010000110001110000101110101001010001110011110010010110010100001100110010
010010010001010010010011010100010011101111001111110110010100101011001011101110001011101100011001101100101001001100001101100100001011101000101000101001001111001100101100101111001101101101001101
111010001100110011110101110000001100110001101100001010001111101101001011001010110011110100001011001111010100101011101101101111110010110111101101110000001110101100101111110100001010001100110101
001010101010010001101010101010110001101111110001001111111000101111110001000110110000001110110010110000001101010011110010010000101001001100001101101110001100110010110001101110001110110000101111
001010010011101101101111001011001101001100001110101101010011010010101110101011110101010010001111001111010101011001010100001011010000110011101111001011010011110101010010001111101111101000110001
010001110001010011101011001111010001001101110001101110011000001101010000110100001001110100101100001011001111101110101011001101101111110000101100101010110010001100010110110110110101010011010101
010011110000001111101111111111001100001101001110110110001111010101010010001101110101001011001011001111110100001101010011110110101110110000001110001101101001001101001101000100101110001011110100
101110010001101011110000001100001011010101001110000111001001001101110010101000110011001111010000101111001010010000001011010100101111010000001110110000101100010111010011001111101111110011001000
010010110001001110110100110100101001101000001101110000101011001011010100100101101101010010110001001111010010110001110001001100001010101001010001010110001101110011101011001100101101101101110110
110000110011010001111000001000010011101110110101101111001111010001001010010001010100110010110011110100110110110111001100010000110110001011001001001101001011001101001100110011001011010000101100
001111110110110110001100101110101111110110010010010001001011101101110011001101010000001110010010110001110101001001001100001011010100001100110000010001101111010111110001010110001101110100101111
001010110000110011000110001100001111010001001110110001001011010001111000110000110100111010110111010111111010001010001010001110001011010011010010010011110100110111110010010010110001110000001100
110010010100101100010100001000101011110000101101101111010000010100110011010001101110001100110001010011101110010001010011110000101011101100110011101110110100010101011010001101001101011010010000
001001001011010001111001001111001101110001010010110011110000110010001011001010110011001011001001110010000101101110001010110111001010001000001111000111110001101100001010110001101001001000110001
001100001101110000001011001101000101001100010100101110000110110001010011110001001011001111110011001000001011001111110101101000010001110111110000010111000110001110001010110110110010110101000111
001100001011010100000110000111110111101110110010001100001110010010101111101111001011000110100100001100001110001110110010110000001111001100001111001110000010101101000000110001101100001101001110
101100001111001100010100010011010011010110101111101001001101110110110110001100001101001111001111010111010010010010101001110001010101101110001110110110110001001010001110110010101101100110110100
101100010101101101010011110000001011101010010001101001110001001100110001010100101101110000010011101110110111110000001111110000110110110000110000010001110100110000101010010010101000010000001110
010101110001001111001111101110101001010101001101010100010000101111001101010100110101101111010000110000010100110101101010001111010000010000010000110010101100101100101010010011010001101010010110
110110110111110001001011001110001100001111001011001111110100010011010011001100110001010000001100001010110100010001110110110111001111001101110110001111010001010001101110001000001110110010110010
110001001100001101101111110000110110110001101110110000010000010001101111001110101101101111101010111001001000110100001100101100010001001100111001110011110100110110010001000111111000001100110000
101111000101010010101101001000010101001111110000001101010001001111101100000101110001001101010000010001101101001010110101001111010010001010110101010001001000110101001101110001110101010000110001
110000001110101101010111101100010010001011101110100101010011110011101101101010110000101111010100001001110010010001101000010000101111101011110011010000011000101111000110100111101101110010100111
101101001001110000001011110001001101001010010001110110110101110110101001110000011000110001110000001110010100110101110101110100101110010111001011001110101101010000110001101111001110110101010010
101010110000001010101110110011001011110011110101001010110010000101110001110001110010010001101111110001001100110001001101110001110011110010110100001011001111110001110001110010001101101110101110
010011110001001110010011010001110101001111110011110001010000110010101111110001101101101110001111101111001111110010001100101111011010010001001111010001001100110010101100101111001111011000110011
110110101110110010010001110110001111001000110110010101010000001101001111110110001100001101000111110011000110001110011000111000001111010000001011110110010001111101001011010001110100100101001110
110010001010010010110101101101010001110101110011000111001110110111001111001110110000110110001000101101001110110101001100101010110001101011001001001010001111010001001010001001010010001101101101
010000010001010001001110001111110011001110110001001110001000010000001011110001001111110100001010111000001110101110111000010010010011110001101100110011001011110101110001110100010001001100101011
010010101111101110110010101110110011101100110100101110010110101100110011101100101110010101001001011100010011110111010100101101101011101110010001001110101100101110110110001111001010110000001100
110011001110001100110000010010001011101101110010110000110111110010101110001111010000101100001000010001001010001110001111010001010001001011010000001100010001010000000110001111110001101110101010
110101101110110111111110110100111101110101110100110000110101110110101110110001001111010111001011101111001010101110110100010000111000101101001101010101001110110001110101110010010010010001110011
101011010011101100010000010010110001110010010000110000001100101110010111001111010000010010110001101100101101001110001100010011101110110000010110010100110000101101010111110010101010010001110010
101100010001010001001101101101101000101011010010011010010011001111001100010010110010101101100101001110001101101111110010010010110011110110010010101101101100010011110001101111010000010110110011
001101010001110001010110101110101101101111101111101101010000001111010001101001001100100111110000110010010001001110001011010010011000101010001111001110101110110111010100010011101110101101101101
110011001101010010001111010010001011101101001110110001001111110010010011001100001100001101010100001111010011110010010100011001010011001010110001010001001100110000110000001001110010001011101010
001010010100110000001100111010010110110111001110001010010001101100110000110001001011110000001111001111010000001100110110010001001110001010110001110011001001110111001100110001101100101110001110
001111111011111001000110001101010101010000001110001111110101001001001010001100001101110111010001110011010001001010101101110100001010001101110011110100101111110010001111110100110000001000101110
010000001101010011110101110000110000010101101110001110001111110010010011001100110010101111010100010001010000001100001101001001101000010001101110110000010000110000110110100111010101100101010001
110111001111110011110000001010110111010000001101101111001010110101110000101111101100000111001110010001110011000111010010001101110000010011001000110011110010101111110101001010110001001110001101
001110110001001111010100010001110010010110110000010100101011010101010010100111010110101110001111110011101110010010101110110000001110010101110010101110001100101011110000101010101100001110001111
000110001111110100010001001100010100110100001010001100001000001101110100101111001100010001110010010010001010000101110101110000000111001011110010001011101100110011001100001011001010101101111000
010000001001001110111010010000010010001011110100001101010000110011110010110001110000010010110100001111001101001010001111001000101011110011110010010001110101001111001111010001101001101110110100
001011110000110100010001110100001100111000110111001110101111110011010000001101101001110010110110010000101101010001110011110001001011001011110100110000110000101001101101001101110000110110010011
001111000111110110001101101101001110110101101110000111111001101101001010110000111010001010110101101110110010010110110001010010001000110000010011001110110010001111111000001011101011110000110111
101010101010110011110101010011010001110000010101101011101011001111101010101000010010101100110010010000010010010101010010010111001100101010110000110010110000010010110000101100010100110001010101
001100001100010110110000101111101011110101101010010010001111010011110001011000101110101010110001001110010011101101010100001111100110010011101111101111001111010000001111010010110001101000101101
010000010100001101001100001101001010110101110100001110001010001111111001110011001001010000101101110100001101001110101101101111000111001011010000001010001010101110001110110001001111001000010000
001111001011101101101110010011110100110100101011010010101110010111110011010011010100001101010011010000001100001111010110110001101100110001101011001101101011101110101001010111010010010001001111
010000110100000111001100001001010010110111110110010101110010001100001101001001001110101011110100110001110110010001110111010101001000001010110001001000101111011010001101001101001100110010001101
110100111110110010001010001101101111001100110010101110110000001101110111110001001000001011110011001101110111110101111000110000001010000100110110001111111011101110110101110000110000101111110001
101101001111101101101100110100110000010110110010101110010010111000110110110101110100001111101101001111110101001111110101001110001100001101001000010010110011001111110011001010110011101111010011
110000010011110101010101001111001110110010001111101100101111010111101101110110101100010101100111110110101001101110001010010001001100010011110011110101001110101011001011010110101011010000010010
110000010100101111110011110001001100101011001001001000101111101101001101110111001011001011101100001100110111101101001101110110010001001000010011001011110001010000110101101101101110010000001011
010001001101010000110011110100001010001110101111101010110001010111101111010000101110110011001111101010110011010000101001110011101101101100101110101111101100001001101110110100010100100111001101
101110010100110000001110100110010011101000101010010001001011101111101100010001100100110100010010101000101110001100100111110000110000110100010011001011110001011011001011010101101010001101101011
101111110011111011101111110000110101110111010011001011001101110010001100110111011100010000001110110111001101110100110000001010101100101001110011110001010000010011010011101111110101110001110100
001101000110101101010001001010001010001000101111001110110011000100001100110101110001110100101111110100001011001100110001110001111001101111000100111000110001110001110111101111110011101101101111
110110001011101110001110010011010001001011101111110001001011101011110010010100101100110011110011010110101011010000001110010000110111101110110110101100110011101100101111010101110110011000001111
010100101100010000010010101110101100010001110110010010101011110010110010001101101010110001101011001110101111110101001011001101001010001110101111010010110000010000001000110000001111010000101011
110010101111001101110100001010111010001100110011001000010110110000001010001101110000110010010000001101110000010000001100001000001100010100001100101111110010001011110101110101101110110000101011
101110000110110111110100001110001011111000001111110011001011010010001111001010001001000101001011101000010000110110101100001111110101110000110000110101010100001111010001000110110011010000110011
001110110001001001110000111010001111101111110100101111101100001011101101110001110100010000010010000110110010010000001100111001110000110001001111000101110100001010001001110010001110001111001010
010101101111001110101011010010010010001111101001101101101010101111010000100111101111010011010010110010010010010001101010101100110101101100010000101100101001101010011000001111010100001101010000
001100110001110110010000001100111010101111001101110100000101000110110011001001010001010100010001001000001011110001101111110100000110001111001110101110010010001000110101010111010000001111110101
010101101001001011110010010001010001110101110010010010101001001101101111110010010000110101101101101111001110101100110001110101011000001111101101001000110100010000001011000111101110000110001011
000110111000011010101100000101110000010010010001110100101111001011010100001111010000001101110100001110110100010101001010110100110000110100110100101011110110110100010000010001110010110010010010
001110101111001111110001010010101010101001010011110000010111010001010010010100101101110010101100101100001110010011101010010001101101001111101010010101010110101011001111110001101100101110010000
110100110001010000110000110011101101110111110010101100101100010000001100110100011010110010001111101111001111110000110000111011001111101101010011101011110010001001110000001100101101010100010001
010100010001101000001111010000001110110010010000110010101110110100001110101100010010101011101011110101010000001011110101010101110000010001110010010011011000011011101011010011001100111011010001
010011011000010000010101110010010100110000110011101111110001110100101101101101010000110101101111110010101001110000101011010010010100010011110010101101001100101100001110001110101110101110110000
101010111001101100000110110111001110001100000111001101001110001011110010010110001110001011010100001101110011001000001011001001000101001111001000001010101011010000001000010100110010010000001001
001011110110110101101001001100001110010010101011101010001010101101010010010011110001001101001010010001110011010100001100101100010001110010110000001100111000110010101000001100010101101111101010
010001001001010101101110010101101101010000101111110000101111101100010001101101101100010101010101001111101010101011001110110100010000110100101111110000001010101111010010001101110010001101001100
001111001010101110110010010001110001001101101110110101110111010001001110110011110011110010000111110010001111110001001100110000110101001110110010110010001011101111101010001101101111000100001100
111000100110110010110011010000001011101100001111001100010100001110010001001000001011101000110000001011001101001100001110001101010011010100001111101100010101010100110001010101001110101111010010
010100010000001101010011001010110110111000010011110001010100010100110001101111111001000110000111110100101001001100101111101111010000001011001011110110001111001010111011110010010010110000001100
111101110110001011010011001111110000110000001101001001110101110000101100001000010010001000110110110001110001110011010010001101110010110101010001010110010110110111001110101010110001000101010010
101010110000110010110110010111110000101110010101101110001111110101001100101111101001010001110001010011011001101101101101101101101111101011101011001111101111110011011000010011110001101111101101
001110001010001101011011001010101111001101001001110001101000110011001110110111101101110011010000101101010010001111010101010011101100001100101111001010001010010001001011101110101110101110110001
101011110001101010110011001100001110100111010111110001101111010100101001110000110011101110101101110000010101010010010000110001010001010000010011101001110100110000010100101000011000110001101111
001110010010001110010000101111010000001000110100010001001111110001000011010000110101110101001100001110001101110011010001101110001010001110110110110101000110010100001100110011001111101110110011
101011001100101111110111010100110101001100110000110000110011110000001110110000110000010001011010110101110011101101010000010011101110001111110110010011101001001011101111110011001101001101001010
101101001011001110110000101100110110110000001100110010101011101110010011010100110000101100010001001110110100110000110011110011101111110101001000001010101100110011110001010010010011101010001010
010011110010110110110001001011001111100010001101010010110000101010101100110001110010110000010001001110010011101101010111110100001011101101001100010100010101110101010101010100010010011010010000
101100001111001110001101001101001101110010110001001111110101110110001111010001110010110000010011001000101111001100101100001111010000101101001001001000010001010101110111001110001001110001010010
110001001101001101101001001001101010101110010001100010110100010100001101101110101110010011010101110000110001010100001011110000010100001110101111110011110110101011101010101000010100001101101111
110011001110110111101110001111110110111101110010010011101101000011001010110001110100001100001011110010010010000101110011001110101010110100001110010001101011001000101010010000110110010011001111
010000101001001111101110110010001100010110110001001111110000010010110100010001110001010001110110101010010010001111011100110010011001100110010001001101010001001011001111110100110100001110101100
001010000100001010001011110101001001010000110110101111101011110000110010001011111000110000001111110111001011101111101101110010001001001010110100110111101010101110110010110001101101001100101010
110001001000110100000111000101110000001101010000101001010001010001101110101110001001110010001001110011101101110011010011110110001100001111110110001101001010010011110001101111110001010100110000
001100101111001111001000010000001110101100000111001111110010000110111000001101101110101001110010001010101111110010110001101100110010010001110000001101110000101100110011110101110001001001001011
010000010101110000101110110110101011001101001111001100110001010001010011010011110011101110001111010101110011010000101001110110001011010001001101110111001111010000101100001100110011011000101111
110100010010110100010010110011110101110001101101111000010100001010101101010011001011010101001110010001111001010100001011001111110001010100110011101111010011010010110111110111001110001111001110
010001110000100111110001010000110010010100101101010010001110110001101100110000101011110100101011101011001101011001001010010000101111011001101011010001001110110011010000110000011001010100001011
101100010001001111000101000101110100110000110010101110010001001110001110110010110111001011001110110111000101110010010000101111010100010011000101001101001110111010110001110010001110001100110011
110011110011110110101000101110101101101111001111100100010100001110001101001001001111101111001100001010101111110101001011001110110001101011001111101010010011001100001111010000110001101101010111
110101001110101110101100001100101100110110101011000100110100010010110100110010101101110011001100001111010000110001001100110110001111110001101101010100001100001001101110110001110001110111101011
110000001110001011010001000110001100010001001101001010001011110110001101110001010000001001001101001101101100001010101110010000101101110110101100110011010011101110110010110100000101110111101100
110010001111011000110010000111110011110010101110001011001101001010010011010000001000001010110100110011001011001000110011110010110010110011101111110000001001110111010000110110001110001110101111
001001010110010011001110000110010011110010110100110010110010110011101101101101000111001010001110001101001000010000001011010000110001101111010001110110001111111000101111110001001101110100001110
110101010001110010010101001110001100110011101111110000010100001110010000110100101100101010110000101110010010100100001111101110101110010111101101010011101011010101110011010011010011010010010100
010000110001110101110000110001110011001110010000100110100101010010101110110011110000110110110001100110001110010010101011001111110011110001101011101100110100101110010100010000001100110010101100
101100001010101101110010101011001110110001110011001101010001101100110001010110010101001100110100110000010100010011110011101101101011101010110000010101110010001110001110101000010100000110110000
101110101100010000010001010001010110110010101111010111110001101010001011010011110011110111101011110000110000010111101100101000101101110010101011010111101100010111010011010001110011110011101100
001110101111010101111001011001111000001100110000101010101101010011110000001110110001010001110001001100110010110101010001001110110011110010010010101101001001110010001011101000101011101100010000
001001001110001000100001110101010010101111001001110001101110101100001110010110001001110000110001110000110100101110110001010011101111001100101110001110110011110010101101110000001001001111000100
010010010000101100101001010000010110101111001111010110101011001010010111010101001011001101001110110010010000101111110100001001010011101100110010001110101010101100001100001101110000010001010110
011100010010110010101100101111001101001010110000110000110010110110101101101111101101001110110000010000101111101111001001010011010010110001110011101001001011101111001101001110010101101100001110
101011101111001011110011101100101111110011001100110111110010001001111000001101001001110110000100010000101111001100111000101111001100001011101101110000110000110001101111101100001111010001110011
010010001111010000111010110010001011101111001001001011110001110000001100110110110101110001001011101111101111001100110100110010010100101011001000110001110101010010010010110011110001010011110000
110000001100001110001001110000010000110011010001001111010011101101101111101010101000101111110010101011110000001011101110110001001011101110001110101110010100010110101010101110111001010100010000
110011001001010011001011110001001111001010110001010000001101101110010101001110001001110010001010110110001101001100110011001011001110110001110101101001001110001101110110010010001010110011001011
001101101111010101101101010010001011101011101101001111110010010010110001101101010100110001010110101110101010010000010000101011110100010100001111010001010010010011100111010001010111101011001101
101100110010100111011010110111110011101101010000001100010011101011010010010100101010010010001100010001110001101111010011101010110001010100010100101011101010101011101111010001010010001110010001
001011110000110000001011101110001111111000001111110010001010110101010001110101000111001101110010000110001000001000110101001111110001010001010000001010001000001100110010110000110101110011010010
010000101110101101101101110110101111001111001111001110010010110010001101110100101110011000010100110100000111001000101100010001101110010011010001010100010000110001001011110010001001110011001100
010100110000001101010000110100001111010000101001110000001100101101000110101101010000001110110001001110101101110010010001001110001110001101001100010010010101110010110000101001110001010101101010
110100001101010101110000010000101101010001001010001001101010001011101110110101001111010100010001010000010001010010110010001000011000110001001010110001010000011010110101110010101111011001001000
001110110001010101010101101101010000101000001111101110110110110001001110101111010000010101010100110001110001110100110000001110101111010001010011010000110100001010101011110101110001101001101011
110011110011001100110010001110010110110100001101010000001000001100110110101100010010110000101110110001110100010011001110001010101111101101101011001110110111001010110100001100101111001011001110
110100010100001110000101010010110000010000101101001001110011110011001010010011110000001101001111010000110100001100001011110101010000101111001100101100001100000000101101010011010100110110110101
001101110011001110001101001110001101101111010000110011100111001111010001110001001100101110001101101100101011001100010101101000110010010001110010110001101110001110101100101101110100010010001111
110011110001001111110100010010010111010001110010010000010101101110110011001110101110101111110001101110101100110001101101101111101110101111110000101110101100101010101111101011010001101110101110
001010110011010010001111010000110001100110001101010000010001010001001111001111101010110000010110010000110000110111001110010010001111010010111000101111101011101010001101001110001101110101010010
010001001101101111101100001001010001110001101110010001001000010001001100101101001011010001110101110000101111000111110011110010001110001011001101010000101111101110001110110000001101001100101110
110100010010010110101100010010110111110000101101101110111000101101110100101011110000001101111001010010101011010000010111010001001100101101001110101100110001010001010000101011110011001110010001
101100101100101110101100110111110101010011110000101111001010001010010000001011110101010001110001010010110000001011001111000100001110001111010001001110111111001101110101110011101110001001001011
000111000110001001110011110101001100001111110000110000110010000111001101000100111010111100000110001101110001111001110100111000001111110001110101111110111010000110001011001100111000110101110111
110010001011110101101011001011001010001110110100001111110011110111101011001110110011010100110011010001001001001100001110001110110001101011101111101110010101110001001011110001000101110011001000
101011101111001111010011101111001011001110001110110001001111110011110001110000001110001111101111110001101110101100010010010110010001101001101101001100110001110001101110001100010101110010110001
011000001011110110110001010011101111110110010001010000001111101100101000010000110100101110101111010010001010110000001110010011101111110010011001010101010100101100101011101011010011010011110100
000110001101001110011110010100110010110000110100101111001100101000101011101000101110101100101111101110110011101111101011010000001110100111010011010000001000001011010000101101111000101110001110
101100001001101111101100001110001111101010110000110101101110101101010000101100001100010000010010110000110001101100010011101101110101110011001100001111101110001010110010100110001111110011101111
010000101111110111010011101101101100010000101111010011010001010001010100010001101110101011001111101010110110110010010101110100010110001111110010110100010010110001110010100100101110010000100111
110100001111110000110101110000001010111011110001101100001011110011010001010000110000110010101111110000101101101100110101110111010011010011001100001110010000110110010000101111010000001111010100
110011001110001111101110110111110001110101001011010010110010010101110100101101111000110101110001001111111001101110001011001111001101001010010011001000001111000110110100001011110110110101001101
110000010000110000001000010000010011001100101010001110110101001100001110101110010010101111110101101110001111101101001110110011001110001111101110001100101101110101101111101010111000010000001101
110111010010110011110001110001001101001001101101101101001111110011101110011010010011010101001100010100010110101010101101010010101001001110010011101100101111010111101001101100001101010000101011
110000110010110011010110001101001011010100010000110100110111110110101110011000001101000100001011010000110011111000000101010000111001110110001011110001110000110001001101101100001101101111000111
010001001110110010000111001000110011000110101111101100001100001111110010110011000111110010101110101110110001110111001001110001010010101001110011001110111000010100000010110011111001110110001000
001100010000101111110110001110110110110000001001110101100110110010001110110001110100010110001110110100101110110000000101001111110000001100101100110001110110110000001001001100010001110011001010
101010110000110010011010010100110011101110101000001110001111011001001111101011001011100111001110110010110000101101001100010100101100101111001101101111010101001100110101101101110000101110010110
010011010000001111110010110000101101010000110100101101110011110100001000001101101101110001110001110110101100010000110111001100110101000110001110001100001111001111000111001000101111010000101111
110001010111101100001100110101001100110010101011001101101110101010001110101110110011001110101011010001110100100100101011001011110011001110010000110010001100110110001110001011001110001011001100
110000101100101111010001001011001011110101001000010100000110101100110000001101010000001001001111110110110001110000010011001011110011001011110011111011111001110101001111001111010000010100001110
010001001111110001110100001010110010010000110000110100010011001011110110110000110001110011000111110001001001001011001111000100111001110011001110001100110111110000101011101110101111011000110001
110001110000001000100101001101010000101110101100001110010000110010001110110001110000110001110110001111001001101100001001001011101100110101110010110000110000001100111000110110110000001110110001
110011010000110000001000001111110001101111110001010000110100110010110010110001110000101101100111110000110001110001001001110011001001010100101001010010101101001111011001110001101110101110101010
110110110110101101101100110011101001110001111000001100001010101100001111110100010000101011101100001100010010110101011001101100110100010110010001110001010011101101010000010101001100010010101010
110000001110010001001110110100110010001100110001001101101100010001000101111110111001110011101110001100110000001101110110101111001100001010110110001001110100111000001010101011001111000110110100
010100110001001111110001010001010000110101110101010001001110010001001100010000010111111000110010101110001011101101101110110011001110101101110101110001101100110000001100101111110010010010110001
001011010001110011001011010010010100110011101011010000001010101110001111001111101001110101001000001011110100110010001100010111001101001100010100101110010100001111110001010111101101001111101111
001101101000110010010011101111010010101101001101110001010011001100101100101101110000010000010000110100010010010100010100101101101111110011100101101110001101001110110010100111110101101111010001
001011010001100111001100110001001100110010001011101111001111110000110000101000110001110000101011110110101110101011010101010010010000101100101011011000110010101001101111110010101110101010100111
001111001111001110110010111000110110101111001011001100110000110110110000110010010101101111010000011010110101010011010000101110110011101100101110010000110111001101001110110011010000101100110110
010101101100101111101101101111110001001111010010110110110100001111001101001111110101001001010101001110001010001011110010110000100111110010111010101111101110110101010000110100110010101011101101
110001110101110101010011001000001011110010101110110111110111101111101011101100001010101111101011110010101000110001110001010011110100001110110101110001110011110011010010001100110101001100010001
110111001001010000001011110010010111001100110101001011110000010111001100100100110001101111000111101100010011001100101001111000101100001101110110110001010100001011110000001001000110110111110100
001100001111101100001100110100101100110110101001110101110010001000001100010101010010110010110010001111110111001100001000010011001100110100001111001110010100110101001011001000110100101100010000
000101000001110010110011001101010000110110010000101011101111100111001001110100110100001000001110110000001011001010110100001110001101110111110001010101110101101110010000001010001111110010110001
001110001110000110101101010100110001010000010011110111001101000100110111110000001101110001110001001111001011010011001000110101001110000110010111110111101111001011101100010011101110110011110000
001001010010101101110011010011010000010001110011101111110010110101110001001100001011110000101010001111001000001010001100001001000101001000101101010011110110010011001101101110110100010011101101
110000110101101111001010101100110010101100110001101111101100010000001010000111001100001111110000110100110100110101110000110010111100110010101111101111001110110111010100110001110101001111001001
110001001111010010010011110110110101010101110010010001010000111000001111001011101111110000001111001010110111110010110001110101001111110000010001001111101110101111010010000111010111110011110001
101110110001001011010001001001101100111000101110110000010001001011101111110011001001010100101101010010010111101001110010100110001110010001101111101111101011001000001101101110111000001011110100
001010001101110100010110001011001011111000001111110100001111110111001011110000001000110100110011110110101110001111010000111100110011101100101110101101010010110101110110001100101101101110011101
010001100111001100010011110011011001001101110000110110010100010000110111110101101100101010010000110101101100101010001100110000010000101101010100101101010001010001101111101000001011010010001100
101111110010001010001100001010101110101111001010010001001101110000101101001001001011110111101100111010010010110110110000001111010111010101001111110000101101001001010111101111101111101110000111
001110010001111010010011010000011010001110010011101111111000110001101001110101001110001100110101101110110011001100001100010000010011101111110100110110110110011000110000101011101111001111010001
101110010000111000110101110010101101101101010100001011001100101111001101110011010001110100111000000101110011110101110010101010101110110100001111110000110110110101010000110000110010110000010010
010011101111101101101010010100001101010000110000001101001111010010010100101101010010110010001110001011101100101000110001101010010011001100001001110000001010001011010001010010110011101110101100
010001010000111000101111010100101110110101001111101111001111101011101111010100010101001101110000001110010000110101010010101110110011110001001110010011010010010000010000010101010110110011110001
010001110101101001101011110101000111111101001101110011010001001101001010010000110001010011110111010010000100001101001101110000001110001100001010001000101111001111110101001000110011001100001101
001101010011101110101111010000110011010010101010101011010010010100001111110100110000110001011000110111010011001100010000101010101001010100110010101010010010110000001101101111110101010001010110
010100101100110111110000110010101101101110010001010110110001110100110101101110001100101101101100010100001110011000110001101111101101001010011000101110101010101011110011101111101111101001010000
111011101011101010110100101111001010101110001000110001001111101111001110110011001100101110101101110100101111001100001110001100010111001111101110010110001100001110110100001011001011101111001010
001101001110110100111000110010110001001011110110110001110000001101001011001011111010001010101101001000001101111000001110110010110100110010111000001110110100001000110001110011110000110000101111
001111101100110010001100001001110011101011010110101110101101001101110000001011010010110011101011101101001011010100010110110000001111001011111000101111101010101000010011010000001011110110010000
011111110001001110000110001010110011001111110001110001001011110010001111001101110010111100110011110010001111001111110100001111001101001110001110101100101011010010001001001101110010010000110110
011111001111110101010100101100010100101110010001110100110101001101010100101101001100001100101100010100010100110100100110010011010000010110001111011011110101101010100111010100101000001111101010
011111001001000100111001110001110100110111111000110101001101001011110101110101110011110010110100001100110010001100110111010000001110110101001100110011001001110001110001001101001010101101000011
011111110000110000001011001110001110110100001011010100101011101011101111110001110100001101101101001111001101110010101101110010110110110101110101101101010001111011111100001010010000001010010010
011111000111010000000110010101110000000111101100110001010000110111101100101101101101001101001100000110001101001011101101110011110100010010001111111000101010001110001001001110001010101110110011
011111101010101011010100010011101101010011010011001111101001100110101011110001010001101011110011001110010100010100110111101010101110001101101111010101110101011000001110101111010001010000110111
011111001100110011010011110111001011001010110101001001001101010001110100110000101111010001001100001110101111110110001011110011101111110111001110110100101011001011001010110101101011101101001111
011111010100110000001111001100110001101111110010010000010000001000010000011000110010001111010010010011010010101101101110110011001001110010001111110010010101010100001111101110110100101101110011
011111001011110001001011101111010100101100010000001100101110110110110011110010001111010000110001001010001101001101001100110101001110101110110100001100101011001100000111101111110110001001010110
011111110100101110101111110010010101010001010100101110010000110001001011101101101101110110101111001010110001010010101000110101010000110000010101101010101111101111101011101101110101110000101001
011111111110010100101101110001101010010000101011110101010000110010101111001100010011101110101110101101110101101110001101101110110100010011010000110110110001110001001111001011001000001001001111
011111001111110010010111101100001101101100101110110010101101101100101101110000001011111000101010001101110010110101001001010000001011010001001011001001010001010101010001001101001101101101001111
011111010011110110001011110100110110001110110000001100101100001111001100001111001110110000101111010001101001001111001110101100101011110101110101101111000111110111110001110001000111001011001010
011111010100001101101110010001110010101001101111001100010101010010101011101110001110001110101101010011010000110011101000110101110000100111110001101100101101101010010011001101001101010001010111
011111001101001111010011101110110001001101001010001011001101101111100110010000010000001011001000010000010010110001110011001101010100010101101111010010111001101010010011101001101101001111101101
011111010100010001010001010111010001101101101100001101110011110010010011001111101101110011101111010001110110010010001011001101101110001110101010101101101001001111010000110010101111010011010010
011111110011101110110101010001110011110001001010110000110100001101101011010000010011101110110001010000110000010100010100010000001101110000101111101110001101110010110011101100110100101111101011
011111000110101111001110101001000101001101110000110110110100001100010001110010001101110001101001110011010001101101000011110110101101101000110110101110010100110001110110101101001010110001110010
001010001011110010110010001001101011111101101110001110101011001110101101001100110011101010000000101110010000010110110001001110010100110111010001110001101110110011101111101000001110101110110010
110101101100001010110000101100110001001011000101101111000111110101101111001100110100101101110010001010010001110111001011010100101111001100101011110010010000101100110010010001001001000111110011
000101101111110010111110110000001100111100010000001111001000110011001000001011010011101110101110001101100110111000001110111101001101110011010001110001110100110111110100001110010101110011110101
110100000110101101010000110000101101110001001000101111111001001011001101001101110010001001000111101101001100110101101110000110001101110000101101101101010000010000101111111000010100101110110001
010000110001110111001101001111001010001101001110110000110110001011010010110010010001000011011000110010110010001010000100110001001100110000110101001001110000110001010011110101001100001100110000
010011101111101011010110111000110011010100110001001101001101110001010001101100101111110100101101010010001011001101110100001110101110010000101110101011101011001111101110101101110001001000010001
101101110001010000001111010101001110001010110010101111110010101110110000010110001110101100001111010011110011101001110000000001101100101001001101111100110000101110111010001110001110001010101101
101110101001101101001100101111101111101111001101010101010000010000101110001100110011001111101111001101010000100111101011101101001011001011110101001110001010110010101010001101110001101011101011
010001111000110001000110101010001110110110110110110100101100010010110000110000110100010000001110001100001110110000010010001001001110001100010000010001010100010000001011001111001100110100000111
010010101111110001110101101110101100111000110010110110010011110010110011101001001110011010001010110110110110110001010100010111110000010011101101001011110000101111101101110100101101000110101101
010000110001110110110000101110001011110010001111001010110000010100001010111010101010001100111010110111010011001110001011010101110011101100001011000111110000110011010000010010001001110111110010
110110010001010000010100101011001111110101010010001111011000001010101011010010010000001111110010110101011010001011001111010010001000001000001110101111001101010100001111010001001111110011001010
101100011000101111010001101110110110010001001100101101010101110011101110101110000110101101110110101001010001001100110010001101001011110111001000101101001111001110001101001010001100001101001011
101111111001110000111010001000001101001010001011101110001101111000101101001001000011110100010011110111110100101100010000001010110000001100010011010011110111010011111011110001110011110111111001
101011110110001110010001001100001111110110000100110110000011110011001101010100000110010000110100110011001001001100110010001111101101101110110101101100001001001011110110010010110100101100110111
010010001001001111001101101110111011101100110101000111010001001011010101001110010010110010001010101110010001101010101010101010101101110000010000110101101110101101110001101010010110001010010101
110100001010010001110101001101110010110001010010110000110011010011101111001000001100110000010001001101001001101111001111001100110010010000001100110011101100001100001110010000101100010011101101
110010100110101111110000110010001001001000110111101111011001101111001110110100001010001100101010001011010011110001110101010010110010001101010001010001001111001101001001101110101110110111010010
101111010000010000001100110100001000110100110111010001101110110110110000101100110010001110010000101011010001001010001111010010110101001100111011110101110000101111110110110010101110111000110010
010101110110010011101110101011001001010010101101110001010000110001110010001011101010110001010010101111101100101010101011110001111000001010010100010010000110010010001000101100010010001110010010
010000110000010001001100110011101111101111001101101111110000001101010100101110001110001100110000110000001101110000010000100111101111101011101000101101010011101010101011110000101000010100110000
001101001010110100001010010011011001001101101011110011001110010011101110100100010111110001101100010000010010110101001101101011110100010111110101110010110100110110001110010101110000110101010110
110011110001110001101100010001101000101111010001101110110000101111001111011100001110001111101111110010101101101011101110101011101110110010010001110010010010100111001111110001110010101101001110
110011010010101110010101001001101000110001010010001100001111101100001110110001010111101100110100010010010001001011110000101001001110010001110010001101001111101111010000101100110010101110100110
101110001100101010110011110001110000101111110000101001010100101101110011101100101111110001110110001011110101001100110000001010101100010000110101101101110001110010101101001010101110110000001001
101110001011110010110011101010110000001100110010101001010001101001001100101010001101101010110101001110101111001110001101101110001111101011110001010010010000001011110001101001110010001100010010
101111110010110100001110001111001000001101101110010100101111110001010000110000001010101100010000110100010001001100110011101011101101110001010100101001101110110000010010110000101111101101110001
110100001111110000101111101010110011001101110111001111101111101111110101001001001011001001110010001110110101001110101110110000111001101110001000101001111001110101001001101011001001001100110101
110000001101010010010001110000001000010101010100110000010001001111101011110100010001110011001111001111010000101111001011100110010010001011001011110000001101101011110111010100001011110000001001
001101001110101101001110001110101111101000101101001101010001001111001111101111101111010111001110010000101110010010101011010100101101101101110000101110001110110100101110110001010010101000010111
101110101001110000010010010111010000101110001001100101010010001011101111010001001110001110101110101001101111101101001110101110001010110000001111001011001001101101010000010001001111010011110011
001111000100110100110100110001001110110110010010110110110111110011010000010000001100110110101111110011001100010101001011100101110001110110001000101010001001101100110011010001010010001011010000
010001001000101110110100101011001000010001110111001010101011101110110111010000101110110000101111110011010011010000010111010000001011101010101111001101110010101111001001101001001100110011101011
000111101111101011110000010011001010110000101101110001101111101110010001101101101101010000001000101010110100010001101111001111110010001010110011110000101101001101001110110110110000101101001001
001110010101101111101011010010110000110001001010010101110100010111110000110111011010001101010001001111010101010000001011010001101001001010101110010110001011001110101010001010110011010000110100
110111010010110011010000001100101110001100001011000111010001001100110111110001010010110011101101001101101010110011110100010010010000001101001010001101101111010000001110110011101011110100001011
101110110000010000110010010011101001101110101101001110010011010001010011110010010000001101110010101001001011010111110000110010101111010001110000010001010011110101110011001110101110110000101001
101110010001101110101100010000010100010110101110101110110010010011001100010000001110110010010110110001101110101100101100010001101110010011101001010011011011001011001110101100010100011010011010
001001110011001010110001010001001110101010101110110000101010110000011000110100110001110001001001011001110000001011101100101000101111010101001010101110101110001011101100010010101010001000001101
110000001110110000110000111000001111001101110010110000101110001010110110000011101100010011101000010010110111110011010000001101001010001011010000000111110100101110001010001011110101110101001110
001000001110010001001111110000010010001011101110110000101111010011010101101001110011001101110111010101010010011100010100101010110110110011110101010111101100101011001110101011110011001101101100
110100001111101111010101010100110100101110001111011010010000110000101010010100001011101101001110001101001111101101110000111001010100001011110010001110001011010000101001101011110110100110101011
110000010110001110000110110000010001110000101101101101110001010010010101110100111001110000110001110011101110010011010010010001001011110000110011110110001111110010101111001111001111010000110010
101100010001101110101001101010010111101110110001110001001101110100110011101111010010010110001111110100101101110001010000010010101011101010001111010001010001110010101000100111101110101010001111
101111110001101111101110001011110101010001110100001010110001110010101111110100101001001111010110010011001001101001010000001111001010010011101111110010110010010000101101001101110011110010001110
010001001010101100110010001111001111110101101110001111110001010000001001001101101101001100110000101111010001001011110011001010010001001011101101001111101101110100110010110011001110001100001101
110100101100001001110011111111001010110011001011001110010000001010110000001001110011010000110101110001101111001010001111010000001111110001110000110011101100101111110111001100010100010000010011
010010101111010110010011001100100100110110101011101111110001101010001100001001110101010010010001010010001001010000101111001101010101001010110000010001000111101001001100010101010000110010001111
110010001110001000010011110100101111110011001111010100110011110001001110010000110000010011110001010010101101001011110001001011110110000100010000010000010010001101111101001100101110110101001100
010000010000110101110110001000000111110001001001001100101101111001101110101101110000110001101101001011110110001100001101110000010000001101110000001110110000000010101111001101110010101110100101
110101010010101111011011101110010001110100101100001101001010110011001111110100110010110100110001101101001101101110101011010010001111010011110000001011101100001001110010000110101100011000101010
110010101111110101110011001100001100110010110000001110101101001101110101110000110010101101101111101111000101110011110000101110010001001000010000010001101011110101001110001100101101100101001101
010010001111001011010000001000101111110100001110000111101101110111101101001101101110000110001111110011110011001011111011000111010010101100001100110110010011000111110011110010001100001101110010
110100001100111000110111001111111000010000110000101011010000110110101100110110110100001110010100111001101011001111110011010100101111110100110100001010101111001110101010001110101110001100101011
101110001001010110110000001101101101010010110111010010001010101101110000110001110001110010111000001101110000101011001000010011101110101001010100110011001110001111010100110000110010110000001111
010001101111001110110001000111111000101111001100001110101011001101001001110000111000101011001111000101001100110011110000111000110011101111110101001110110101101011001100001100010101101110101110
110101110010001110001101010011110000001110010011010010101101101111000111001011001001101100110100101111101111101100010000010011011010101110001111001100010110111000101101110001110010010001110010
110000110000110111101001110000110010001110110100010101001010101100010011010101101110110100101010010000101101010001111001010100001111001110010010010101010000011001101010010010101111010001101111
010111101110001110101110101110001100001110101101101110110101001100101010001111110011001110010001101100101010110001001111101001110001010100001101010100010011010000001111110000001110010110001011
101011110000101101101110001110010011101110010011101110001001001100101101010000001011010010010000001011010010110100010010110001010011110000001110101101011001001010110011001111010010101101110000
010001001101101111001011110000101111001101001101101100010010110010010001101100101011110100110010001000101110001001010001010010101011110001001100101110001011001100001001001101110001001011010010
110110110001001001000111001000111001110000001101001000010000110010101010110011110111001011110011010010110101111000010010110011010001101100110011001100010001110001110100010001110001101110001000
000111110011000111001000101100001111001010101110101010001100001010001101001110001111001111010001001110110010110100001111001010111000001111010011001001101001110010101101001010101110001000110010
010000010100001101101110110001001011110100010110010001010111001111101110001111101101010010011001010100101100101110110010010000101110001111010100101111101100101111110000100001011000100101101111
010000110011010010010010110011001000110111001101001011010001101101110001001101010000110010001011110000001001110011001010010000110011110100110000010000101110001110001000110001001111001110110000
010001110001111000110001010001101110101110010010001110110011010000001001001100001000001110110010110010001101010000101100001100011000001111101001110010010010010000011010001010001101001110110101
110110110011010000000101110110101110010101101100110001001111110011001010010001000111111010001111110100110100010011110110010000010011101101110110001100011010010010010000110100010011101101110011
001110001101001111101000101101110000101010010011010010110011101111001100110011101100001100101100010000010110110101101111001110001110010001001101101100001110110000101001010010010010101110110010
110010010010111000101100001111110101110100101100001000001100010100110000001011110000001011001011101111001011101100100110111000001010010011001010110101010001001011001111010000001001110110001000
001101101100101111010001101110101001101011101011110011010011010010011001110001010101001111010000101111001110010001110100010101101000001111101111110000110101010000110010101001010100110000101011
110101000110110100110010010010110010110110001111101111001010001100001100010001110011000110110001101111010001110010111010110110110000110010110011110010001010101100101011000101110110110001001111
010011001011101010001110110100110010110010010011101010111000001110001101001111110001001111110011110000010001110000110010110000001110110100101110110000000100001101111000001010110100101000001011
110001101111001000010101010010010011110010110111000101001001101101110111101100001001110000010010001101110010001110001100110010000111001110010011001111001000010100001110110110101101001000001110
101100001011110110110000101101101010001111110010101001001101110010110001001110001011101111110111101010001100001011110000101110101011010100110010001010110001010010001101010011110001010001001111
101110001101001011110010101110110110001001110000101111001001010010010000010100101101010000110001110001101010010101001111001010001011001011110010101011110010001101001000101100110001110010010001
001011001001101110010001010010001011101111001100010111001011010001110101001111001001101111001001001000001111101101101100001110001000110101110010101111110010110110010011001100110011101111101111
001110101111010001111001111010110000101010111001101100110101001110001100101111110101001101110011000111011000001110001110001100001100101011010001111011010000101111001100101010001110101111001000
010000001111010101100001001101010000010011001011101110010010010001010101001111101000101111100100101101101100110011101001001111100110001100100111110011010001010111101101101110011001010000001000
010000001110101100101001110000010011101111010000110001010010110001101010001011001001110001001111010001010011010111100100110111000111010000110010001110010010110000101111010000001110010000110011
001111010000001010101100001010001100101111010000001110010001101100110000001001010100010001010011110001001111001111101010010000101100001110110110110001001100010000010000010101110001100111110101
001101010010010001110011010001110001110110110000001010010000001100001110010110101010101110010000110100010001110100010010110100001000001111001100101100000111010001101111101111110001001101101110
