100000011111011111011111100000100000011111100000011111011111100000011111011011100000100000100000011111011110100000100100100000100001011100011111011111100000100000100000011011100000011111011111
011111100000100000100000100000100000100000100001011111011110011111011111011110011111011101011111011111011111100000100001100000100000011111011111100000100000011110011111011111100000011111011101
100000100010100011100000011111100000011111100001100000100000100000011111100000100000011111100000011111011111100000011111011111100000011111100000011111100000100000011111011111100001100000100000
100000011111100000011111011111100000011111011111100000100000100000100000100100100011100000100000011111100001011111011111100000100000100000011111011111011111011110100000100000100000100000100000
011111100000011111100000100010011111100000100010011111011111100000100000100000100000011111011111011111011101100000011111011111011110100000100000011111100000011111011111011111100000011110011111
011111100000011111100000011111100000011111011111100000100000011111100000100000100000100000011111011111011111100011100001100000011111100000100000011110100000011111011111100000100000100000011110
011111011111011111011110100000011111100000011111011111100000100100100000100000011111100000100000011111100000011111100000011111011111011111011111100000100101100000011111100000011111100000100000
011111100000100000100000100010100000100001100000011101011111100000100000011111100000011111100000011111100000100000100000011111011111011111100000011111100000100000100000011111011111100011100000
100000011111100100011111100000011111011111100000100000011111100000011111100000011111011111100000100000011111100000011111100000011111011111011111011111011111011111100000100000100010100001100000
011111100000100101100011100011100000100000011111011111011101011111100000100000011111100010100000011111100000011111100000100000100000100000100000100000100000011111011111011111011111100000100000
100000011111011111011111011101100000011111100000011100011111011111011101100000100000011111100011100000100000100000100000100000100000011111011111011101100000011111011111100000100001011111100000
100000100000100000100000100001011111100000100000011111100000011111100000011111011111011110100000011101011111100000100000011111011110011111011111011111100000100001011111100001100000011111011110
011101011101011111100001011111100000011111100000011111011111011110100000100000011111011101100000011100100000100000011110100000011111100001011111100000100000100000100000011111011111100000100000
011111100000100000011111011101100001011111100000011111011111100000011111100000011111100000011111011111011111100001011111100000011110100000100000011111100000100000011111100001011110011111011111
011111011111011111100000011111011111011111011111011111100001011011011110100011011011011111011111011111100001011111011111100001100000011111011111100000100000100000100001100000100000011111011111
011101100000011111011111011111100000100000011111011111100000011111011111100000100000100000011111011111100000011111100100100000100000011111100011100000011111100000100000100000100000100000011111
011111100100100000011111100000011111100000100000011111100001100000011111100000011111100001100000100000100000100000011111100000011111011111100000011110011111011111100000011111100011011110100000
011111011101100000011111100000100000100000011111100000011111100000011111100000011101011111100000100000011111100000011111011111011111100000100000011111011111100000011111011111011111100000011111
100000011010011111011111011111100000100000011111011111011111011111011110100000100000100000100000011111011111100011011111011101100000011111100000100000100010100000100010100000100000100001100000
011111100000100101011111100000100000100000100010011111011111100000100000100000011111011111100000011111011111100000100000011111011111011111100000100000100000011111100000011111011111011111011111
011111100000100000100000100000100000100000011111100000100001100010100000011111011111011111100000011111011111100001011111011111100000011111100000100000011111100000100001100000011111011110011100
011111100000011111011111011111011111011111100000100000100000011111011111100000011111100100100000011111100000011111100000011100100000011111100001100000011111100000011111011111011111100000011111
100000100000011111100000100000100000011111100000100000011111100000011111011111100000100000011111011111100000011111100000011111100000100001100100100000011100100000011111011111011111011110100000
011101100000011111011111100000100000100000100000100000100100011111100000011111100000011101011111011111100000100000100100100000100000011111100000011101011111011111100000011111100000011111100000
011110011111011111100001100000011111100000011111011111011111011111011101011111100000100000011100011111011111100000100000011101011111011111011111100000100000011111100000011110011111011111011111
011111100000011111011111100000011111011111100000100000100000100000100000011111100000100000011111100000100000100000100000011111100000011101100000011111100000011111100000100010100000011100100000
011111011111100000011110100000100000100010100000100000100000011111011111011101011111100000011111100000011111100000100001100000100000011111100010100000011111011111011111011111100000100000100010
011111100001011101100000011111011100011101011110011111011111100010011111011111100000100011011111011010100000011101011111100000011111100001011111011111011111011111011111100000100000011111011111
011011011111100000011100100000011111011111100000100000100010100000100000011111011111011111011110100000011110011111011111011111011111100000011111011111011111011111100000011111011011100000100000
011111011111100000100000011111011111011111100000011111100000011111011111100000011101011111100000011111011111011111100000011111011111011110011111100000100000100000100001011101011011011111100000
011111100001100000100000011111011111100000011111100000100000100000011111100000100000100000011111100000011110100000011111011101100010100000100000100000011111011111100000100000011111011111011111
011111100001100000011111100000100000100010011111011111011101100000100000100000011111011111011011011111011111011110011111011101100010100000011111011111100000011101011111100000100001100001011111
100000011111100000100000100000100001100000100000011111100000011111011111011111011111011111011111100000100000100000011101011111011110100000011111011111100000011111100001100000100000011111011011
011101100010011111011111100000100000100010011111011111100000100000100010100000011111011111011111011111011111100001100000100000011111100000100000100000011111100000100010100000100000011111011111
100000011111011111100000100000011111100000011111011101100001011111011111100000100000011111011011011011011111011111100000011111100000100000011111011111100000011111100000100000011111011111100000
100000100000011111100000100000011100011100011111011111100000011111100000100001011111100000100000100000100000011111100000100000100000100001011111100000100000100000100010100000100000100000011111
011111011111011111011111100000011111100000100000011111011110011111100000100000100000100000100011011111100000011111011111100000100000100000011111011111100000100000011110011111011111011111011111
100000011111100000011111100000100011100000011111011111100000011111100001011111011111100000100100100000011101100000100000100000011111011111100000100000100001100000011111011111100000100000100000
100100100000011111011111100000100010100000100000100000100000100011100000100000011111100011011111011010011111100000100000100000100000100000011111100011100000011110011111011111011111100000011111
011011011111011111100000100000100001011111011110100000100000100000011111100000011111011111011111100000011111011111011111100000100011011111011111100000011111011111011111100001011101011111011111
100010100000100000100000100000100000100000011111011111100000100000100000011111100000100000011111100000011011100000011111100000100000011111011111100000100000011101100000011111100000100000100010
100000011111100010011111011111100000100000011111100000011111100000011110100000011111011111100000100000011111011111011111100001011111011111100000100000100000100000100000011101100000011111011111
100000011111011111100000011111011111011111100000100000100000100010100000100000100000011111100000011111011111011111011111011111100000100000011111100100011110100000100000100000011111011111011111
100000011111011110100000100000100000100001011111100000100000100000100000100000011111011111100000011111011100100000011111100000011111100000011100100001011111011010011111011111100001011110011011
100100011111011111011111100000011111011111011111100000100000011111011111100000100000011111100000100000011111100000100000100000011111100000100000100000100000011111100000100000011111100000011111
100000011111100000100000011111100000011111011111011111011111100000100000011111011111100000100001011111011111100000011100011111100000011111100001100000100000011111011111011110011111100000011111
100000011111011111100010011111011111011111100001011111100000100000100000011111100000100000011111011111100000011111100000011111011111011111100000011111011111011111100001100000100000011011011111
100000011111011111100000100000011111011111100000100000011101011111011111011111100010100000011111100000100000100000100000100000100000011111100000011111011111100000100000011111100000011100100001
100000100000100010011111100000100010011110011111011101100000011111100000100000100000011111011111011111100000100000011111011111011111100000011111011111011111011111100000100000011111011111011111
100000100001011111100001011111100000011111100000011111100000100000100000100000011111011111100000011110100000100000100000100011011111100100100010011111011111011100011010011111011111100001100000
100000100000011101011111100000100000011101100011100000100000011111011111100000100010100000011111011111011111011111011110100000011101100000011111011111100000100000011111011111011111100000100000
100000011101100000011111011111100000011111100000100000011111100000011111011111100000100000011011100000100000011110100010100000011111011111100000100000011111100000100000100000100000100000100000
100000011111011111011111011111011111100000011111100000011101011101011111011111011111100000100011100001100000011111100000011111011111100101011111100000011111011111100000100000100000100000011101
100000011111011111011111011101100000100000011111011111100000100000011111011111100000011111100000100010100000011111100000011111011111100000100010011111100000011111011111100001011111011111011111
100000100010100011011110011111100110100000100010100000100000100000100000100000100000011111100000100000100000011111100000100000011111011111100000100000011110011111011111011111011111011111100000
100000011010100000011111011111011111100000100000011111100000100001100000100000100000011111100000011111011100011111011111011111011111100000011111011111011111100000100011011111011111100011011111
100000100000011111011111011110011111011111100000011111100000011111100000100000100000100000011111100000100000100000100001100000011111100000100000011111100001011111011111011111011111100000100000
100000011111100000011111100000100000100010011111100000100000011111011111011111100000011111100000100000100000011111100000100000100000011111011111100000100001011110100000100000100000100000011111
100000100000100000100001011111100000011111100000100000011111100000100000100000011111011111011111100000011101100010100000011101100000011111011111100000100000100000100000011111011111100000100001
011100011111011111100000100000100000011111100000100000011111011110011111011111011111100010011111100000011101011111100000011111100000100000011111100010011111011111011111100001011111100000100000
100000011111011111100010100000011111011111100000011110100000100000011111011111100000100000100000011111011111100000100000011111100000100000011111100000100000011111100000100000100000100000100000
011111100000011111100000011111100000011111011111100000100000011111011111100000100000100000011111100000011111011111100000100000100000100000100000100000100000100000011111100000011011011111011111
100000011111011111100000100000011100011111100000100000100000100000100011011111011111011111100000100000011111011111100000011110100000011111011110011111100000100000100000011111100000100000100000
100000100000011111100000100000011111011111011111011111100000011111100000100000100000100000100000100000011111011111011111100000011111100000100000100100100001011111011101100000011111011111100000
011111100001011111011111011101011111011111100100011111100000011111100000100000011111100000100000011111011111011111011011100000011111011111100000011111011111100000100000100000011110100000100000
011111011111011111100011100000100000100000011111100000011111011100100011100001100000011100100000100000100000011111100000100000011111011111100000100000011111011111100000100000011111011111100000
100000100000011110100000100000100000100000011111011111100000011110011111011111011110011111100000100000011111100000100011100000011111100000011111011111100000011111011111011111100000100000011111
100000100000011111011111100000100001011111011111100001100001100000011111011111011111100000100000011101100000011111100000011010100000011111100000011111011111100001011111011101011100011111011111
100000100010011111100000011111100000011111011111011111011100100000100000100000011111100100011111011111011111100000011101011111100000011111100000011111011111011111011111011111011111100000011111
011111011111100001011111100000011110100000011111100000100010011111011111100000100000100000100000011111011111100001100100011111011111100000100000100001011101011111011111011111100000011011100000
011111100000011111100000100000011111011111100000011110100000011111100000011111011111011111100000011111100000100000100000011101011111011111100000011111011111100000011101100000011111100000011111
011101011111100000100011100000100000011111100100011111011111100000100000011111011110011111100000100011011111100000011111011111100000011111100000011111011111011110011110100000011111100000011111
011111011111011111011111100000011111100000011111100000011111011111100000100001100000011111100000100000100000011101100000100000011111011111100000100000100000011111100000100000011110011111011110
100001011111100001100000011111011111100000011111100000011111011111100000100000011111011111011111011110011111100000011011011110011111011111011111011111011101100000011111100000011111100000100000
011111100000011111100000100000011111100000011111100000100000100001011101011010100000100000100000011111100000100011011111100000100000011111011111011111100010100000011111011111100000011111100000
011111100000011111011111011111011111100000011111011100100000100000011111011111100000011111011111100001011111011111011100100000100000011111011111100001011111100000011111011100011111011111011111
011111100000011111011111100000100000011100100000100001011111011111011101100001100000100000011101100000100000011111100100100000100000100010011111011111100000011111100000011101011101100000100000
100011011101011110011111011111011111011111011101011111011111011111100000011111100101011111011111100000011111011111100000011111100001011111100000100010100000011111011111011111011111011111100000
100000100000011111100000100000100000100000011111100000011111011111011110011011100000011111011111011111100000100000100001011111100000100000011101011111011101100000011111011111100000011111100000
100000100000100001011111011111100000011111100001100000100000100001100000100100011111100001011110100000100001011111100000011111011111011111011111100000100000011111100000100000011111100000100000
011111100000011111100000100100011111011101011111100000011111100001100010100000100000100000011111011110100000100000011111100000100000011111011101011111100000100000100000100010100000100000100000
011111100000011101100000100000100000100000100100100000011111100010100000011111100000100000100000100001100000011111100000011111011111100001011111100000100011100000011111011111011111100000011111
011110011111100000011111100000100000011111011111011111011100100000011111100000011110011111011111100000011110011111011111100000100000011111100000100000011111011111011111100000011111011111100000
011111011111100010100000100000011111011111011111011111100000100000011110100001011111011111100000011111100011011110011111011110011111011110011111011101011111011111100000100001100000100000011111
011101011111100000011111011111100001011111011111011111100000100000100000011111100000100000100000100000100000100000100000100000100000100000011111011111011111011111011111011111100000100000100000
011111011111011111100001011111011111011111100000011101011111011111100000011111011111011111011111011100011111100001011111011101100000100000100000011111011111100000100000011111100001100000100000
011111011111011111100001100000011101100000011111011111100000100000011101100000100000100000100000011111100000011111100010011111100000011111011111011011011111100000011110011110100000100000100000
100000011111011111011010100000100000100000011111011101011111011111100000100000011111011111100000100000100000100010011111100001100000100000011111100000100000100000011111100000011111011111100000
011011011111100010011111011111100000100000011111100000100000100000011111100000100000100000100000100000100000100000100000011111011100100000011110100000100000011110011111100000011111100000100000
100000100000011111100000011111100011100000011100011111100000011111011110100010011110100000011111011111011111011100100000011010011111100000100000100000100000100000100000011111011111100000011110
100000011111011111100000100000011111011100011111011111011111011111011111100000011111011111100000100000100000100000011111100000100000100011011111011101011110011111100000011111011100011111011111
100000100000011100011111100000011111011111011111011111100000100100100000100000100000011111011111100000100000100000011100011111011100011111100000011111011111011111100000011111100001011111011111
100000011111011101100000011111100011011111011111011111100000011111100000011111011010011111100000100000100000011111011111100000011111100000011111100010011111100000011111100000100000011111011111
011111011111100000100000100000011111011111100000100000100000011111011111011111100100011111100000011111100100011111100000011111011111011111100000100000011111100000100000011111100000011111100000
011111011111011101011111100000100000100000100000011111100000011111100000011111100000011111011111011111100000100000011111011111011100011011011111100000100000011111011111100010100000011111100000
011111100000011111100000100011011111011111100000011100100000100001100000011111100000100000100000100000011111100000011111011111011110011111100000100100011101011111011111100010011111011111100010
100001011110011101011111100000100000100010100000011111011100100000011111011111100000100000100000011111100000100000100000011111011111100000011111011111011111100000011111100000011111011111100000
011111100001011111011111100000100000100000011111011111100000011111100000100000100000100000011111100000100000011111011111011101011111100000011111100000100000011110100000100000011111100000100000
100000100000100000100000011111100000011101011111011111100000100000100000011111100000100000100101100000011110100000100000100000100000100000100000100000100000100010100000011111100000100000011111
011101100000011111011111011111011111011101011111100000100000100000011111011111100000100000011111100000100000100000100001100000011111011111011101011111011111100000100000100000100000100000011111
011111100000011111100000100000011111011111100000011111100001100001100000100000011111100000011111011111011111100001100000011111100000100000100000100001011110011110100000011111100000100000011111
011111011111100010011111100000011111011100100000011111100000100000100010011111011110011111011101011111011111011111011111100000100000011111100000100000011111100000100000100000100000100000100000
011111100000100000011111011111011110011111011111011111011110100000011111100000100000100000100000011111100000011111100000011110100000100000100011011111011111100000011111100000100000100000011111
100000011111100000100000100000100001100010011011100000100010011111011110100100100000011111011110011111011111100000011111100000011111100000011111011111100000100000011111011100100000100000100000
011110100000011111011111011111100000100000011111011111011111011111011111011111100000011111011101011111100000011111011111011100100000011111011110100000100010100010100000100000011111100000011111
100000100000100000100000011111011111100010011111100000011111100000011111100010100000011111011111100000011111100000011111100000011111100000011110100000011111100000011111100000100000100000011111
011111011110100100011111011111100000011110100000011111100000011111011111011111011101100000011101100000011111100000011111011111011111100000100001011110011111100000100000011111011111100000011101
100000100000100000100001011111011111100000011111011111011111011110100000100001100000100000100000011111100000011111100011100000011111100000011111100000011111100001011111011111100001011101100001
011111100001011111011111011111011111011110100001011111100000100000011111100000100010100000100000011111100000011111100000011111011111011111011111011110100000011111011111100000011111011111011111
011111100000011101011111100000011111100000100001100001011101100000100000011111100000011111011111100000011111011111011111011110100000011010100000011111011111100001100000011111100000011110011111
100000011111011111011111011111100010011111100000011100100001100000011111011101100000100000011111011111100001100000100000100000100110011111011111011111011111100000011111011111100000100011100000
011111011111011111100000011111100000011111011111011111011111011111011111011111011111100000011111100000011111011111100000100011100000011111011111100000100001011110011111100000100000011101100100
011111100000011110100000011111100000011111100000100000100001011111100000011111100000011101100000100000100000011111100000100000100000011111011111011111100000100000011111011111011111100000100000
100000011111011111011111011011100101100001100000100000100000011011011111100000100000011111100000011111011111011111011111100000011111011110100000100000011111011111100000011111011111011111100001
011101011111011101100000100000011111011111011111011111011111100000011111011111011111100010011111100000011111100000100000011111100000100000100000100000011111011011100000100000100000100000100000
011110011111100000011111011110011100011111100000100000100001011111100000011110011111011111100000100000011111011111011111011011100000011111100000011111011111100000011111011111011111011111011111
100010011111011111011111100000100000011011100000100000100000011110011111011111100010011101100001011111100000100000011111011111011111100000011111100000100001011111011111100000011111011111011111
011111011111011111011111100001100001100000011111011111011111011111100000011111011101011101011110100000100001011111100010100000100000011111011011100001100011011111011111100000011111100000100100
100000011111011111011111100000011111011111100001011111011111011111011101011111100000011111011111100000011111100000011111011111100011011111100000011111011111100000100000100000100000100000100000
011111100000011111100000100010100000011110011111100000100000011111011111100100100000100100100000100000011111011111011110011111100000011111011111011111100000100000011111100000011111011111100000
100000011111011111011111100010011111100000100011100000100000100000100010011111011111100000100000011101100000100000011111100000011111100000011011011111011111100000100001011111011111100000100010
100000011111011111011111100000100000011111011111011111011111100001100000100000011111011100011111100000100000100000011111100000100000011111100001011111100000011111100000100000011111100000011111
100000100000011101011111100100011111011111100000100000011111100000100000011111011111100000011110100000011111100000100000100000011111100000100000011111011111011111100000100001011111100000100000
100001100100100000011111011111011111100000011111011111011111011111100000100000011111011100011111011111100000100000011101100000100000011111100000100000011111100000011111100000011111011111011111
011111011111011111100000011011011110011111100000011111011101100010011111011111100000011111011111100000011111100000100000100000011111100000011111011111011111100010100010100000011111011111011111
100000011110100000100000100010100000011111011111100000100000100000011111011111100000100000011111011110011111100000011111100000011110011111100000100000011111011111100000100000011111100000100000
011101011100011111011111011111100000011111011111100000100001100000011111011111011111100000100000100000100000100000100000011110100000011111100000100000100000011111100001100000100000011111100000
100000011111100000100000100000011110100000100000100000011111100000011110100000011111011111100100100000100000100000100000011111011111100000100101100000100000011111011111100000100000011111011111
011111100000011111100000100000100010011111100000011111011111011110100000100000100000011111011100011111011111100000100000011111100001100000011111011110011111100000011111100011100000100000011101
100000011111100000011111100000011111011111011111011111100000100000011111100000100000011111100001100000011111100000100000100000100000100001100001100000011111011111100000100001011111100001100000
011111100000011110100000011111100001011111011011011110011111100011011111100000100000011111100000011111011111011111100000011111100000100000100000100000011111011100100000100000011111011111011111
011111100000011111100000011111011111100011011111100000100000100000011101011111100011011101011111011111100000100000011111100000100000100000100000011111100000011111100000011111100001100000100010
011111100000011101100000011111100011100000011101100000011111011111100000011111011111011111100000011111011111100010100000011101100000100000011111011111011110100000011111011111011111011111011111
100000011101100001100000100000011111100000100010011111100100100000100000011111011111011111011111011111011111100000011111011111011111100000100000011111011101100000011111100000011111100100100000
100000100000100000011111011111011111011111011111011111011111011111011111100011100000100000100000100000011111011111011111011111100000011111011011011101011111100000100000011111011100011111100000
100000100000100000100000100000100000011111100000100100100000100000100000011111011111011111011111100000100000100000011111011111100000011111011111100000100000011111100001100000011111011111100000
100000100000011111011111100000011111100000011111011111100000100000011111011111100000011111011111100000011111011111011111011110100000011111100000011111100000100000100000011111100000100000100000
100000100000011111011111100000011111011111011111011110100000011100011111011111100010100000011111011101011110011111011111011111100000011111011111100000011111100000011111100000100000100100011111
100000100000011111100000100000011111100000100000100000100000011111100000100000011111011111100010100000011101100000011111011111011111011111011001011111011111011111100001100000100000100000100000
100000011111100000011111011111100000011111100000100100100100100000011111100000011111011100011111011111011111100000011111011110011111100000011110011110011111100000100010011111011111011111011111
011111100000011111011111011111011111011111100000100000011111011111100000100000011111011111011101100011100000011111100000100000011111011111100000100010100000011111100000011111100000011111011111
100000100000100000100000100000100001011111100000100000100000100000100000100000100000100000100000011111100000100000011101011111100000011111100000100000100000100010100010100000011111011111011111
100000100000100000100000100001011111100000011111100000011111011111011111011111100000011111011110100000011111100000100000011111011111011111100000100000011111011110011110011111011111100000011111
011111100000100000011111100000011111100000011111011111100000100001100000011111011111011111011110011110100000011111011111100000100000011110011111100000100000100000011111100000011111011111011111
011111011111011111100000100000100000100000100000100000011111011111100000100000011111100000011100011111100010100000100000100000100000100000100001011111011111011111011111011111011111011111011101
011111011111100000011111011111011111100000011111011111100000011111011111100000100000011111100000011111100001011111011110100000011111011111100000100000100000011110011111100000100011100000011111
011111011111011111100001011111100000011111011111100000011111011111011110100000011110100000011111011111100000100000011111011111100000011111011111100000011101100000100000100000011111100000100000
100000011111011111011111100000100010011110100010011111100000100000100000100000100000011111011111100000100000100000011101100000100000100000011111100000011111100000011111100001011110011111011111
011111100000100000100001100000011111011111100000100000100000011111011111100001011011011111100000100000011100011111100000100000100000011111011111011111011110100000011111100001011111100000011111
100000011111100000011111011111100000100010100001100000100000011111100000011111011111011111011111100000100000011111100100011111100000011111100100011111100000011010011111100000100001100000100000
100000011111100000100000011111011111011111100000011100011111011111011111100000011111100000011111011111011111100001100001100000100000011111011111100000100000011111100011100000011111011111011111
011101100000100000100001011111011111011111100000100000011011011111100001011110100000011111011111100000100001100001011111011111100000100000011111011111011111011111011110011111011111011111011101
011111011111011111011111011111011111100000011111100000100000100000011111100000011110011111011111011111100001011111011111100000100000100000100100011111011111011111011111100000011100011111100000
011111100000100000100000100000100000100010100000100001100010011101011111100000100000100000011111011111011111100000011111100001011100100000100000100000100000100000011101011111011111011111100000
011101011111100000100000011111011111100000011111011111100001100000100000011111011111100000011111100000100000011111100001011111011111100000011111011011100001011111100000100000100000100000011111
011111011111011111011100011111100000100000011111011110011100011111100000100000100000011111011111011111100000100001100000100000011101100000011111011111011101011100011111011111100000100000011100
011111100000011111100000100000011111011111011111011111011111100000100000100000011111011111011111011111100010100000100000100000011111011111011111100000100000100000011111100000011111100000100000
100000100000011111011011100000011111011111100000100001011111011111011111100100011110011110100001100000011110011111011111100000100000100000100000011101011111100000100000011111100010100000011111
011111100000011111011110100000100100100001011111011111011111100000100000011111100000100000011111011111011111011111100000100000011111011111011111100000011111011111011111100000011100100001100000
011111100000100000011111011111011111011111100000100000100000100001011111100001100010011111100001100001011111100000100000100000100000011111011111011111100000011111011111100000011111011111011101
011111100000011101100000011111100000011111100000011111100000011111100000100000011101011111100000100000100001100001100000100000011111100000011111100000011111011111100000100000100000100000100000
100000100000100000011111100000011111100001011111011111011111100000011111100000100000100000011111100001011101011101011110100000011111011111011111011111100000100000011111100000100000100000011101
011101011111011111011111100000100000011111011100100000011111100000011111100000100000011111011111011111011111011110011111011111100001100100100000011111100000011111011111011111011111100001100000
011110100000100000100000011111011111011111011111011111011111011111100000011011100010100000011111011101100000100000011111100000011111100000011111011111011111011110011111011111011111100000100000
011111100000100011100001100000100000011111011111100000011111011111011111011110011111100000011111011110100000100100100100100000100000011111011111100010100000100000011111100000011111011101011111
011111011111011111100001100000011111100000100000100011100000011111100000100000011111011111011111011111011111011111011111100000100000100000100000100000100000011111011111011101100000011111100000
011111100000100000011111011110100000011111011111011111011111011111100000100100100000100000011111011111100000011111011111011111011111011111100010011101011111011111011111100010100000011111100001
011011100000100000011111100000100000011111100000011111100000011111011111100000011111100000100000100010100000011111011111011111100011011111011101011111100000100000011111100000100000011111011111
011111100000011111011011100000011111011111100000011101011101100000100000100000011111100000011111100000011111011111100000011110011111011111100000011111011111100000011111011111011111100000011111
011111011111100000100000011111100000011111011111011111011111011111011010100000100000011111011111100000100000100001011111011101011111011111011111100000011111011111100000100000011111011110100000
011111100000100011100000100000100000011111011111100000100000100000011111011111011111011111011100011111011111100000100000011111011101011111100000100000100000100000011111100000011111011111100000
100000011111100000100000011111011111100000100000011111011111100000011101100000011111011111011111011111100001100000100000100000011111011111100000011110100000011111100000011111011111011111011111
011101011111011111011111011111011111011111100000100000011111011111011111100000011111011111011111100000100000100000100100011111011111100000100000100000100000011111100000100010011111011011100000
100000100000011111011111011111100010100000011111100000011111011111100010100000100000100000011111100000100000011111100000011111100000100000100000011111100000100001100000011110100000100000011111
100000011111011111100000100000100000011111011111011101100000100000100000011111100011100000100000100000011111011111100000011101100000100000100000100000011100011111011111100000100101100000100000
011111100000100000100000100000100000011100011011100000011111011111100001100000100000011111100000011111011111011111100001011111011111100000011111011100011111011111011110011110011111011101011111
100000011111100100100000011111011111100000011111100000011111100000011100100000100000011111011111100000011111100000011111100011011111100000100000011111100000100000100000011110011111100000100000
100100011111100101100000011111100000100000011111100010100001011111011111100011100000011111100000011011011111100000011111011111011111011111100000011111011111011110011111100011100000011101011111
011011100000011111100000100000011111011110100000100000100000011111100000100000011111011111011111011111100000100001100000011111011111011111011111011111100000011111100000100011011111100000100000
100000011111100000011111100000011111100000011111100000011111011111011111100000100000011111100000011111100000011111011111100000011111100000011111011111100000100000011111011111011111011111100010
011111011111011111011111100001011111011111011111100000011111100000100000100000011111011111100000011111100000011111011111100000011111011101011111011111011111100000100001011011011111100000100000
011111011111100000011111011111011111011111011111011111100010011111011111100000011111100000011111100000011111011111011101100000100000100010100000011011011111100000100001011111100000011101011111
011111100000011111100010100000100000100000011111011111011111011111011111100000100000100000011111011111100000100000100000100000011111100010100000100000011111011111100000011111011111011110011111
011111100001011111100010011111011111011111100000100010100000011111100000011111011111011111011111011111011111100000100000011111011111100000011111100000100000011111100010100000100000011111011100
011111011111100000100000011111100000100001011111011111100000100000100000100000100000011111100000100001100000100000100000100000100000011111011111011111100000100000011111011111011111100000100000
011111100000100000100000011111011110011111100000011111100000100000100000011111011111100000011110100000011110011101011111011111100000011011011111011111100000011111011111100000011111100000100000
011111100000011111100000011110100000100000100000100000100000011111011011011111011111100000100000011111011111100000100000100000100010100000100000100000011111100000100000100000011111011111100000
100000011011100101100000011111100000011111011111011111100000100000100000011111011111100000100000011111011110100000100000011111011111100000011111100000011111100000100000011111011111011111100000
100001100001100000100000100000100000011111011111011111100000011111100000011111011111100000011111011110011111100000011111011101011111100000011111011111011111011111100000100000011111011111100000
100000011111011111100011011111100000100000100000011111011111011111100000011101011111100010100000011111100000011100011111100000011111011111011111011111100000011111100001011111100000011111100010
011101011111011111011111100010011111011111011111011111100000100000011111011111011111011111100000100001011111011111011111100000011111100000100000100000100000011111011111100000011111100000011111
011111011100011111100000100000011110011111011111011111011111011111011100011111100000011111011111100000011111011111011111100000100010011111011111011111011111100000100000100001011111100000011101
011111011111011111011111011111011110100000100000100000100000100000100000100000011111100000011111011101100000011111011111100000100000011111011111011110011110100000100011011111011111011101100010
100010011111011111100010100001100000011111100000011111100000100000011111100000100000011111011111100000100000100011100000100000100000011111011110011111011111100000011111100001011111100000011111
011010100000100000011111011111100000100000011111011110100000011111100000100000100000011111011111100010011101100000011100100011011101011111100001100000100000011110011101100000100000011111011111
100000011111011101100010011111100000011111011111011111011111100000100000011111011111100000011111011100011111100010100000100000100000100000011111011101011111100000100000100000011111100010100000
011111100000100000011111011111100010011111100000100000100100011111011111100000011111100010011111011111011111100010100000011101011111100000011111011111100000011111100000011111100000011111011111
100000011111100000100000100000011111011111100000011111100000100000011111100000100000011110100000100000011011100000011111100000011111011111100000100000011111011111011111011111100000011111011111
011111011111100000011111011111100010100000100000100000100000011111100000100001100000100001011111011111011111011111100000011111100000011111011111011101100000100000100000100000100000100000011111
011111100001100000011101100100100000100000011111100000100000100000011111100000100000011110100001011100011111100000011110100000011111100010100000011110100100100000011111011111011111011111100000
100000100000100000011111011111011011100000100000011111011111011110011111011111011111100000100000100000011100100001100010100000100000100000100000100000100000011111011111100000011101100000011011
011111100100011111100000011111100000011111100000011111100000100000011111100000100001011100011111011101011111011111100000100000011111011111011111011111100000011111011111011111011111011111100000
100000100000011111011111011101100000011100100000011111100000011111100000100000011111011011011111100010011111100000100000011111100000011011100000011111100000100000100000011111100000100000100000
100001011101011111011111011010011111100000011111100000100000011111100000011111011101011111011111100010100000011100100000100000011111100000011111100000100001011110100000011111011111100000011111
011111100010011111011101011111011111100000100000011111100000011111100000100000100000011111100000100000100000100000011111100000100001011111100000011111011110100010011110011110011111100000011111
100000011111100000011111011111100000011111011111011111011111100000100000100000100000100000100000100001100000100000100001011111100000011111011111011111011111100000011110100010100000100000011111
100000011111011111011111100000100000100000011111011111011110011111100000100000011111011110011111011111100000100000100000011111100000100001011111011111011110011110100000011111011111011111011110
100010100000100000011110100100100000011111100001011111100000100000011111100000011111100000011111100010011111011111100000100000011111011110011111011100100000100000011111100000011111011101011111
011111011011100000100000011111011111100000100000011111100000100000100000011111100000100000100001011111100000011111100000011111011111011111100000011101100000100000100000011111011111011111011111
100000100000011111011111100000011111011111011111011111011111011111011101011111100000011111100000011111100000100000100000100000100000100000011111011111100000100000100000011101011111100000100000
011111100000100000011111011111011111011111011100100000100000011101100000011111011111011111011101011111100000011111100000100000100000011111100011011111100000100010011111100000100000011111011111
011111100000100000011111011111011111100001011111011111100000100000100000100000011111100000011111011111100000011111100000100000011111100000100000100000011111100000011111100000100000011111100000
011111011110011111100000011111011111011111100000100000011111100000011111100000011111100010100010100010011100011111011111100000011111100000100000011111100000100000100000100000100000100000100010
100000100000100000100000011111011011100000011100100000011111011111011110100000100000011111011111011111100000011111100000100000100000100000100000011111100000100001011111100000100000100011100000
100000011010100010011111100000100000011111100000100000011101100010011111011111011111100000100101100000100000011111011111100000100000100000100000100000100010011111100000100000100000100000100010
100000011111100000100000100000100000011111100010100010011111100000011111011111100000011111100001100000011101100000011111011111011100011111100000100000011111100001100000100000011101011110100000
011101100000011111011111100000011111100000100000011111100000011111011111011111011111011111011111011111011101011111011111100000011111100000100001100001011111100000011111011111011110011111011111
100000011111100001100000011110011111100000011111011111011111011111011110100000011111100000011111011111011111100000011101011111011111100100100100100001011111011110100000011111100000100000100000
100000100000011111100000011111100000100000100000011110011111011011100000100000011111100001100000011100011111100001011110011110011111100000100000011101100000100000011111011111011111011111100000
100000100000011111100000100001100000011111100001100000100001100000100000100000011111011111011111011111011111100000011111011111011111011111011111011111100000011111100001100001100000011110011111
100000011111011111011111011111100000011011100001100000100000100000011111011111100000011111011111100000011111100000011111011111011111011100100000100001100000011011100000011111011111100000011111
011111011111011111011111011101011111011111011111100000100001011111011111100000100000100010011111011111011111011101011111100000011011100000100010011111100000100000011100011101011111011111011111
011111100000011110100010100000011111011111100010100000011111011111100000011111100000100000011111011111100000100000011111100000011101100000011111011100100000011111011111100000011111011111011111
011111011101011111100001100000011111011111011111011111011111011111011101011111011111100000100000100000011111100011011101100000011111011110011111011111100000011111100000011111011111100000011101
011111011111011111100000011100011111100000011111011111011111011111100000100000011111100000100000011110100000011111011111100000011111011111011111100000100000100000100000100000100000100000100000
011111100001011111011111011111011111100000100000100000100001100001011111011111011111100011011101100000011111011111011111011111100000011111100000011111100000100000011111011110100000011111100000
011111100000100001011101100000011111011111100000011111100000100000011111100000100000100001100000100000011111011111011110100000011111011111011111100000011111100000011111100000100000011111011111
011111011111100000011110100000011111011111011111100000011111011111100000100000011111011110011111011111100000100000100000011111100000100000011111011111100000011111011111011111011111100000011110
100000100000100010100000100010100000011111100000011101100100011110011111100001011111011111011111100000011111011111011111100000011110100000100000011111100000011111100000100000011111100000100000
011111011111100000100010100000011111100001100000011111011111100000100011011111100000011011100000011111100000100000011111100000011011011111011111011110100101100000011111011111100000011101100000
100000011111100000100000100100011111011111100000100000100000100000100001011111011111100000100000011111011111011111100000011111100000011111011111100000100000100010100000011111011111011111100000
011111011101100000100000100000100000100000100000011111100000011111100000100000011111100000011111100001100000011111011111100000011110100000011111011111011111011111100000100000100000011111100000
011111011111011111100000011111011111011111011111100000011111100000011101100000100000011111011111100000011111011110011111011111100000100000100000100010100000011111011111100000100000011111100000
011111011111100011100000011111100000100000011111011111100010011111011111011111100000011111100000011110100000100000011111100000011111011111011111011111100000011111011111100001100010100000011110
100000100000100000100000100010100000011111100000011110100000011111100000011111100001011111100000011111011111100001100001011111100001011111011111011111100000100000011111011111100000011111100000
011110100000011111011110011111100000011011011111100000100000011111100000100001011110011111100000100000100000011111011101011111011111011101011111011111100000011111011111011111100011100000011111
100001011111100000011011011111011111011111011111100001011101011111011111100000011111100000011111011111100001100010011111100000011111100000100000011111100000011100011100011111100000011111011111
100000100000011111011111100000100000100000100010011111100000100011011111011010011111100000100000100000100000100000100000100000100000011111011111100000100000011111100000100000011110011110011111
100000011111100000011111100000100000100000011111011111100000100000100000011111100100011101011111100001100000011100011111100000011101011111011100011111011111100000100000011111011111100000100000
100000011111100011011111011011100000100001100000011100100001100000100000100001011111100101100000100000011111100000100010011111011111011101100000100001011111100000100000100001011101100000011111
011111100100011111011111100000100000100001100000100000100000100000011101011111011110100000100010011111100000100000100001100000011111100000100001011110011111100000100000100000011110011111100000
100000011011100000011111011111011111011111100000011111011110100010100000011011011111100000011111100000100000011111011111100000100000011111100000100000100010011111011111100000011111011111011111
011111011111100000011111100011100000011111011111011111100000100000100000100100100001011110011111011100011111011111100000100001011111100000100000100000100000100000100000011111100000100000011100
100000011111011111100000011110011111011111100000100000100000011111011100100000100000100000100000011111011111100000100000100000100001100000011111100010011111100000011110100000100000011101011111
100000011111011111100000100000100000100000100000011111100000100000011111011111011111011111011111100000011100100000100100100000100000100000100010100001011111011111011111100000011110011111100000
011110100000011111100000100000011111011111011110011100100000100000011100100000011111100000011111100000011100100000100000011111011111011111011111011111011100100000100000100000100000100000100000
