011111111000110011111000000111110111000111001000110001001101111000110111110001001100111000110010000110111000111001110101110101001111110100000110001011111101110100001011001110000101010000110010
011111001001000101110011110001000010111001001010110111001011110110001010111001001100001001000110001110000111001100110011110011001001001010110011001110001001110011110011001110001011110001001111
011101010000110000010011001111110001111000110001001100110000110001110001110110110101110010110100110010101101110000101110101111001101110001010010111001110010010101101111110000001010111000001000
011111000111110011001100101111110010110010110010111000101110001111101101110011110000110101110011001100010000001100000100110110110011110100110011111000110001001001111010111000110001001010111000
011111001001001110110010001001000111111000110010110010000111001110101111001101110101000111101110111000111100110010110111111000110110000110111011110100001100000101001100001000111010001001000011
011111110111001010000101001100110000110110110101101110111000110000001011110100001000001010000001110100001001001011001010110111110001101111111000110100110010000001001010110110110100000110110001
011111110001110111110010001001001001110100101111110100000111001100010100000010111100001010110101010100001001110010001010110111001011110010001011110000000101001110001010001101010001111000110111
011111101110000111101111001101110111111010001100110100001110110101110100101011001111101111110011001111000101001000110100110011101110110101001100000111010000101110010001110000110001110110001010
011111110010000110110110110011001011001010101101001010001111110101001001010000101100110101000100110011110111001000110001001101101110010010001001001101110101101100001001001110110010110101110000
011111110001111011110100111011110011010000110101101101001000001100110100110101110010000111010011000101111010000111110110110001001001010000111011110110001110110100110001000111010011001101101010
011111110001111011010000000110001011110110111000110010010010110010110011110010110101111000110000001010010111000100001111110111001101001110001110001010001101001100110011101111101001110000010011
011111110011110001110010001101110000101110101111110110001111010101010000110110111000001111001101010011110000010000001000001010001101010010110011110011110101001011001011101101110101110110001010
011111001010111001111011110111001001001100001011001011110101000101101111001100110011110001110001110001101101000011110010001101001000001010001101110001001110000110110000001110110011001101001110
011111101101101100110001110101001101101010101110110101001101101100001100000111110011001100001010110100001101001001001010010000001100110000001101000111110010110101001010101010111000001110101101
011111000111110011110000001101111000111011001011000111110110000001001001000111110101001011000110001000110101001101110111111001000111001111111000001000111100110100110001001001001100111001000010
011111110000110111001110000001001101000110001000101110001100110101110011001111110010110111111100111001110011010100110100001101111000101111010011000110001100101110101111110101001001001111000101
011111110101101111001010110010001001000101110010110101001111001010001000110001110001110101110101001101110000010000001100001101101100110011001011001100001100000101001111001000000100001101000111
011111110011110110111010001010111101001101110011110101001000111010001110110110111000110000110111000111001011110001001011111110110001001101001001010000000111001001110100010110001000110011010011
001000001111110011000111000010110101001000001011010000111100001000110111110001110011110101001111001010000100001001001101000101001111110100110100110110000101110101110011001001001111111000110000
111000111101001011001101000111000111111000110001110001000111111010101101001011111010110011110101110010010000001011110100110010110100010001110011001010110010110111111000001011110010110011001010
000000001001110110110111000100000111110001111010110010001010010000001101111000000111010000001000110000001101001111001101001010010001001011110001110010101101000100000111000111110010110000001101
110111001001000001001011001100001000001101001100010001001000110011110001110011101111001010001111110101110001110110001100111110000001110000101001001011001001110111001111001011000111001110110010
001100001110110011010111110100110000110011010011001101001001110011001110110100110101010110101100110000001010001101010010110001111001001101110001110010110010010100110001110011110010001000110011
001111001101001011001010110001010100111001111000100111110111110011111000000111001000001010001100111011001000110011110111000100001011110110111001111100001111110110110100001000001000001111101101
110011110010110010001010001100101110001110110010001111001110001100001011010000110001010000001110011000001011110001101100010001001111110010001010110011010100001111110000110110101110010010110000
110000010000110101101011011000101011101010010001001101001111101101110010001111111001010011110010010001010001001101111000010011010001101001101101010010110000101110010000001011110010001011110110
001101110011110101001001111000110101111010001010110011001110001000111001001011001001110111110001110010110110001011110000001111001101111000001101110011111001000111111001110111101110110011110110
001111001101110101110001001101110100110100001010101101001111010010010001110001110000001100110011110000001010110101110001001100101110101001110001110111101110001100010000001110110100001111110011
001101000111110000110111110011001000110011110000001101111000110010001100110011001101110001110110001100001010001010111000000111110100110100111000000100001000110101001001110011010001000010001101
111011110110001111010001101111111000001001010000001000110101110100010010001000000101110110111001110101001110001100001000001011111100001010110100110000001100111001001000001011010001001101101110
101110001000110100110000110110000111010001001000111001000011001010111001001010000100110010110110001110110001111001110001101101001111010000001011110001010001110001110110001010000101001110111001
110010000111111011110111110111110100001100001111001011010000001011010001001001101111001010001011001100001110001001000111000110110111000101111010000101110110000110001001001011110100110001110001
101110000110001010001010110101001010000111110011110010110000110110110000001000110101001010110101111000001000111010101110001100001110001011001010110000110001001010000110000100110100101110001101
001011110011001100001001001010000110110000001101101010001101001001001110001101001110001011001001001110110111001100000111001101001001001100110010010000110010110010010000100111000111110001111010
110100101110010001101111110110001001111001101100000011001110001001110101110100110110111110001100010001110101001111001001110001110000110111001010101101001000111010101110110011110000101110010001
110111010000110010001010110011000111110011101101000100111011110000110011000111110100010000110101110111110101110101001000101100001010101110001000001110001101110110110111000111001011001001110111
110100111010110110101111111010110011110010001010001000110111111011000110110101000101001011110010001100101110110001101101110000010001001010000101110001110101001001001001111000001000111010110001
010011110010110011001100110110110000001011001111110100110001101010110100001111001010110001110001001110001100010001110110101101001001110001010000000111110000001100001111010000010100101110101110
001101110010001000110100001101101110101011111101110100110111001100001001001011110000110001000110001100001101010001001000101011001000000100111000001000110001101101000110001110001010111000000101
001011110101110101001000110001010000000110110101101001001001000101001010110001000100001110001110110000111010110101010000000110001000001001001110110011010001001000110110101110001000110100110100
110101110000110001110111001011001101001010110010001010110101110111110001001110110111101101110000001110110011001010000001110001000011001001001001110100110011110110110100000100001011010000110111
110110101110110111001101010001001111110010000110010100110100110100001110010001101010110011110101001100001111110010110001101111001010110101001111101111001011110110010100001010110010001101011000
110010010010101111001001001011001111100110111100101101001110110110111000001110001001110111010100110110001101000101001001110011110110111001111100111010110111000111001001111010110111110110001010
110001110111001110111001010001110101110101001000110100010010101110101111110001010001110011001001001110001101010001001100101010101111010000010001010101010110110110001110010000110010001000000100
110111111000110100001000001010001011110100001011010001001001000111110001001010101111001111101111110110101101110010110111001110110110001110101111001001001001110101110110110100110111110011001001
110100001111110011000111000110010100111101001111110001111000001111110011001010000110000100110111001011001010110010000000110000110110001001111000001000010000001010001001001010110000010010010001
110100001101110011110110001111111001010000110100111001110011110001000111000111110011110110001011001011110101001100110110101010010001110001001101101100010101010001010000101110001000110011110000
001101110100110110001100110111001101001111001010001011110110110100000111010100001110010100110100111000001000001010110001001110110001001001110100111000001010111100001010110001001011001110110100
110010111000001011110011111001001000001001000111001101001101001010001111110111001011101100001011000111110101110111110001001011001110110110111011001111001101110010001101001100110110110100001011
001010101111110010110111000111100111110000000110001011001111001000101110110001001110110110010010110000001011101110010001001110110001110000110101000110101110000110110011010001001011110011010001
001100101111110011101010110011110100001001101111010000110001001010110001010000010000001011110001101101001010001101010000001110110010110000010001010001101110111001110001110001101100110111001110
000110001100001010001100001111000100110010001110001001001011110111001110001100110101001000110111111010111000010001001001110011010000110011000110000111110010001110110100110101110110001010001000
001011110101001010111010010000001101010001110111110101110011110101101110001100001001110101001011110111001111111000001011001100111010001010000111110110010000000101110101110111101110001110110011
111001001000001110110001001100001001110100101101001011000110001001001000001110110010110100110100010011010110110001110110101101001110001010110010001111010111010100001111110100110001101101001100
101111001111110000001101101101110000110000001000110001010001001001110000001100101011110000101111001100010000110001010000001100010000110100010000001101001100001110110111001101101001110001111000
110010001100001101010101110010111001111010001001001000111010110101110100110101001001101111110011001100110111110001110011101101110110111100000111111000001110001011000111110100010000110010101100
000110111010010000010000111011101111001110110111110000001011110001000111001010110001110111110001101100000101001000101110111001000110000010110001001001110110110101001101010000001010110111000010
110011001100001110110011001011111100110110000110001101010001001100000110001000111010111010001101000110001101001111001100001110110101000110111001001101001000111000001011001111111011001100001110
001000000010110101110111110101110100110101001010000111001011001110001011001010111110110110010010110011001000000010111000001111111001110101101111111010000010110011110010101111110110001011110110
111000001110110101101111001011110110110101000100110101111010110110110001110101111000001101111011000011010001001011001010001010101100110100001000110010000101110100101111001100110001110010111000
110000001001110001001101001000001001001101000111001110010010010010011000001011001100110001001100110000010001110010101110001000111101001110110001010000110010000011001110101111001100001000001110
110000001101110000010000001010001111110100110001001011010011000101000111010110110110110101111010001000110010110111001100001100110011110001110000001001110101110011000110001011000111110100110110
110100101101110110000101010001110010110100110001001101001011110111000111001100110001000110101111110010001010110110001010001011001010110001001001101100110101110101101011001110001011001101010001
001110001010111000110000110100111001001011001100110010001000111001111000010000001010110001001111110001001111001100110001001010001110010001001100010010001110010100010000110100110111110000101100
111000001011110011110111111010001100110100101110110010101101110100110011010001101111110011001101110111110001010010110100110101101110110011111000110110001111001110110000001001001101110010001100
001111001100001101000101000111001000110000110100110100001011000111001100010001110100110111110100110110001101010100110100001110110000111001110111110100001101110100110100001010001100000100001001
110100001101110001001110000111000111000111001100001110001000010001111001000111111100000111110101001011110111110100001100110001101111001010110110110111001011110001111110001001001001110011000110
001100110100110010001100001011101110110100110100110011001010110011001101001010010010110001001110001111101111110101110101000100110011110011001111010001000110110010001101110011110010001000010100
111001110010111001001101001100110011110011001001001100001101111001001111110110010000110011010110001001001100110111110100010000101110001001110010110001001010001110010001101100001101110011110001
110101110010110000010011110100110011110101001010110000110010110010101100000110001010001110001010110011111000001000000111010001110001010100110001010010010001110110001011001100101011001010001111
010000110010101111101010110101110111001001001001111001000010001011110011101010000100110100110101000111001100000111101110111001001001001000110010010011010001110010010000110001010000001101101111
110110001111110000110100010000101101101101110110001110001101001110001011110000110110010001001100110110110001001101001010010000110101001101110011101111110010010010001001010000110000001011110100
110010110010111010110001001011111000110010001101110001000111110010110010110100001000111000110001110110110110101010000110001110110110111010001001001001000111110000110101110100110111001110111000
001101110100001010001000110100110111111001001001001011110100110010110110110110110010101101000101001110001001001100010010101111001011001000110110001011001110110110110110101110110011110100111001
111000000110110001010010110011010000001101110001001100001101110000110011101111110101111001001100110001001111001111110100110101010011001100110011101101010011001011010011101111110010110101110111
110110111011000101010010111011110000001011001101110010111010101110001011110111001100000111110110110101110111010010000110001100001011010010001100110111000110001100111010110001010010110010110110
010100010000110011001000110000110111001110010000110110001100110100010000111000110101110100110101001100010010111001110111110100111001111010001001110010110110110010101110000100110011000100110010
110001111001001101001010000100001001101101111001110000001100110010001011010010110011110110001100110110110000110011110100000011110110110111111001110100001111001011101110110001110011111001001110
001101110101110100001011110100110100111010110101111001001110001100001111000110110010001001111010001001001010110100110010001101110010001100010000110000001011111000001010000101001000110011110011
111001001010001001001011110111001101001101001110001101110111001010001111000110001101001110110010001010110000110010101110001100110001001010110111001110001101110111110111110101101110001001101110
000110010010110010001110001010001111010001110010110010110100001000110101110001111101110011000110000111110011001000001011000111000101111011001011110001001011001011110110110000110011000110000101
001101001001110010110100001111001010001011001111001011001101110111001110001101010011110001110110110011111010001010001111001010001010110110001101001000001000110111110110000111101111001000110001
001000001110110001001111001110111000111000101101001101001000110110110011001011101110110011101011110111001100000111110110001001001010110011001001001101001100101110110010001001001101110011111001
001111000011000111110010110000001001001011110111110110001010110011001100010011110100000110001101101111001010001001001110111010111001110010001010001111110110010001111011001110110011110111000101
110110001011010011000110110110001110001011110000001101000101010110000001010001110011110100010001111010110000001111001110010101001000010000001001110010101100110101001110001001001111000101001001
001100110010000111110111000111001000001100010000001101010011001011111010101110010010111101001110110100101110110011001111110111101110010000110100001111110000110110110010001100001111111001111011
110100010100110111001101001010001011110110001011001011110111001111110001001011111001001011001001000111001010001000110101110011110001110111010001001100001010001100001111001101001011110100111011
001011010000110010111000110101101110001100001100001100110111010000111001001111001001110011101111010001001110000111001011110101010001101011010000110000001000010011110001101100110011001011010010
111001101100110111001011001000010000000100001001001110001001110010110010110101110110001010001111001101110000110100110010110000110010010001110011110010110010001001110110110110110111111000110000
001110000111000111110010001101110011111001111001001011001110000111101110001111001101001000001101101111000101001011110101001000001001001010101110110011111001111100001010110100110001110001001110
110011001101111000110110110100010000001011110010110100001110010001110111001100110101101101110010111101110000110011001101001100101111110001110111101111110110110101110001001000101111001000110100
110000001011010001110100001111110000110001101110110101001001110110001001001001001011001011110011000111111011001101101110001001001110101101000111001100110110010000111001111001010000001101001111
110011111010001010001100010000001000110001001101001000001011001101001010001001000110001001001110001100001001001001110101001100110001111101001000110001000100101100010001101110101110111011110001
001101010011001101110010110110000101110110111010110100110110110100111000110111001011001110000111001101000111001100111011111000001101001101110000001111111101001110001110000111110101111001010111
001111111101111001110011001100111000110101110111110111001110110101110100110100110001111000000101110110110100110011110101001110001100110011110110111111110100001010010000110000110100001110001101
001101101110001001110101111000001111101111000111001000000011001101010000110100000110110001000110001011110001111001000100111000001010110100110001110010111000110101000111001110111000010000101100
001111001011101101110011110001001000110000001001111000101101001000101111001100000100111000001000110000110001000111110001001001110001110011010001001010101101111000101111110110001101110101001001
001011101101110011110101110101101100110000010000110000000100101111001011001110110001110100000100101001001000001011001101001010101111001011110110010000001110110111001001001011110011110001010000
001101001011001001110001001000001001111011000001111010001110110011110011001001001010001110001000110000110000001010111001110110001011101011110011001101110111000110001010111011110110110001110010
010001101100000101001100001000110110001110110001101111101111111011110010111010001011001000110010110011101110111101001101001010001100001000110100001101000110001110101111001101001100110100110111
110001101111001001101110101101010011010010110010110000111000110101001110110000010000110010101001001010101011000111001111110001110011001010001101110101010101001100001110110100010000001011001001
001110010000001101110010110101001111001110001110001111101111001001101011110110010000101111110001110001010000110000001101001110111001010000101010001101110001110010101110110101001110101111010011
001101101110111000110011010000001011010100110010110001001101000110110111001110010011110011010011110100101111110001010000100101000110101111110011000111001100000101110111001101110000001100110100
101010110101001101000110010011001001111001111001111001000111001100111010000100110101101101001011001100111010110010001010110001000111000011111000000111001000111001101011000101110111110011001100
111000110111001100000100001110111000000111001011111010110010110110110011001010110011110011001100001010110111110001110101001100110110111100001001110010001101110011110100010000110001101110110000
110001010001111011110000111000001101111001110010001111110110001011001011110011001011110011010011110010110000110101000111001001110000001010110100110101001101001101110100110001110000010000001000
110000000110110011001100001000001110111000110011110010110011101100110010001011001010000111001101101110000111101110101101001001110000110010110111001101000111001100001000110111001010001001110101
001100110100110111110100110100110101110010110100001000001111101101101111110100111101000010001101111010001011101111111001111001110100110001000100110010101111110110110100110001110010110011001001
110001001100101100000101110100110100111000001011001100110011101110001010110101010000111000110101110001110100110000110011010000110101001100101100110001001110110110111000001101110011110000101011
001010001110001000001111110010001001110110110110110000110011110000001001010010110011101110110110001110010100101110101011001010110110001001010010001010001100001001101101111001010001001111010111
001010110100111000001011101111111110110100110100110011110011001111110101111001001011001101110110000101001000111100110100001111110111001011001100110101110010110000110100000001110101110101001010
110101001101001010110100110110110010111010110001101100001001001011110101001100110101001100110111110111001101111010111110001011110001000111101101111100110000001001101110001100110001110100001010
111000101111110000110000001110101011001010110110010010001011010010000111001011110101011001110100001101010000110100110011001100110110101110001100001011001010001111110000001001001100010111101110
111011110111001011001110110100110000010000110101110110111001001000001100001011110010000101110100001110001100110001001000110110110101010011110110001110110101110100110011111001001101000110101111
101101111010010000000111010100000111110110001100110100000111001000110000110110001110001011110010110101110111001011110110111011001011110111001100111001001101001000001000010001110101111000110111
110111110101110000001010001100010001101110110100110000101111001110001011101110110010110000010001110100001001101001001011101010101110001100110100111000110011001010001010001101110101001010001011
101011110111001000110111101100010000001100001001110011010011101111110110001010110111111000110111001010101111110100101111110100001100001100110010110100000101001001001101001011110011101100001100
001111000111001111110001000111110011101010111000110111001000001110110010010000001011001101110111101101001100001000001110110100110010101101111010110100110010001111110111110100010101001110001100
110101111001101110111000110000111011111011111010111010110001010000010000110010110001110110110010110000010100101111101101110011111010110011001010110000110000010000001001111000001100101110001111
110001001011001010000110110100110100000110001101110001010001110111001111110010001111110011101011001101101111110110100110001010001101110000111010000111110011001011000111110101001011110101001010
110011110000001100001101110101010001000101001101110111110101110110001000000110001000001011110001110111001101111000101110111100110001000111001010001101010011001010110011111000010000001000000110
001000110011001001001101001011001110001101110001001100001001001100001011000101001011001001001100010000001100000111001100110001000101110001000111110110001101110111110001001011001100001101101010
110111001000110111010001111001000110001000010000111000000110111001110010110000001010110110001111001100001111110011000101001011110110110101001000001010110010001011001011010000000110110101110000
110011001001101011010000010011001100111000111000110010001110001010110100110110001101001101001101001100110010110011001110001101001011111000001011110011110001010001110101000101010010110110001100
111000001110110110001000110011001100110001111010101110001010110001001101001100110001110100110100001101110101010000111101110110110100101101000110110001110101110011110100000101111010110011110110
110111011001001001001111101011110000001101001011110100110010001111001101101011001110001101110111110101101010101111111000110010101110000111001000000111001101000101001100110100110111010100110000
110100101110001111111001110010000111110011110010110100111001001011001000101000000111110010110001001111001000001111110111110011001100000111001000001000010001110100110111101101110001101011001010
110100001101001000101111110000110111111001001001001010110101001001001111001100110101110101001011110000111001000111001100111101110011001001001001000110111010111000110011110011110011001010110010
101110110001100111101111101110010000001110101111101101001011110011110011001011110101101011001011110011101101110100001100101100110001001111001111001100010000010001101100110011110011001000110011
110001110100010000101111110001110010101010001111110010001011110111101101110010010000110000010000101100001111001001001111010001110011001111110001010000110000101111000111101111110110110000110011
110111001011111011110010000111110010111010110101110110001001000101001010001110110100000110010000110010000110001011110010101111001001010011000000110110001101110100000001001111001011101111001011
000111101111000010110010001000001010110100111100001011001010110100001010000110001110110111001110001011101111001001010000001110110111000111001011001010110000001111000111001000010110001101110100
110111000100110110111001110100001000110011001101110101110101000111110000110111110101010011110010110100001110010000001001001010001111110110110011110010110010001100111000111000001000001110001100
001100001110110110111010001010000111001001101101000111111001111001000010110000001010001100110111010011001110000111000101001111001001001001110000001011101110001001000110001100110001010110000111
001111010010001100001100110011010010010001101111101110001010001111001101001010110110111011110000001111110000110110111010010010101100110000101110110010110001110111001011001101110011101111110100
110000111000001110000101110111111000001100001001110101110100101100010010010000110110110010001011110001001000110101111001001101001001101101001011111100111000110010001100110101000001001000110010
001110001001110100001110110001000101000111110001110101001010110111110000010000001001001011101111111001111000101110110001010100001100001101110111110011110011000110101111110101001001110010110100
001100110101001101111011110100001111110000001111010000110000110110001100001010101100001010110001110011000101001110010001010000001100000111111000010010110010001110110111110000001010000101110111
110010110110001101001001010000101111111001110001110001110010110000001010001010001101110100010001110111010001101100101010110100010001110010010011110011010000110110010110001110001110101000110111
001011001011110010000101001110111010110011110111110010001011001100001001000010000100001011001000001111001011110110110011001001111000001001110101110111000110110100010000001000001100001100110100
110101110100110011010011001000001100110010110111010001110000001100110100101101000010110100010010111010110111001001110101001001001100000010110110000100101110110100001000110100010010001100000110
111001001010110011001111110100001011001011000110001101010001110101110101110010000111110010000110110101110100111000001100110011001101001011101101110000110011001010001000110110110100110001101100
110001001110110000001101101101001110101011010000100111110100101110110000110011001101001110110000001010101100101101101111110011001101001110001111110001010000110001110101101010101110110000001101
111000110101111001001001001111111110000110001001001111110110000111111001110100001010001100000100110011110100110111001010000110001111000110101111000101001100110100110100001010000110110101001000
110011110010001000110011101111001110001010110001001101000110111000001110111001000111101111111010001001001110001000001011110110110011101111101010110000110010111000110001101101110100110011001011
110100000110111000101111110010110100110010101111110011001101110111110000001101110100110011110011001010010100001011000111010000110001110100101111010000101110001011001100001001010011110011001100
110110110101001110010011001011101111100110001100101101110011010000110001110110110000010001001100110100001010010011001110010001110111101110001001101101010110001001001001001011001101101101001100
001011101110001101001001010011110001110101001100001101110100001010001100110000001010001010110010000111110011001010001000001101010101110001110100001110110101010001001111001001110101000101110010
001111010011010001110001110100001010110100110000001000111000110101001011001011010100001001001001110111001010111011001011110001001110110000101111110001110001110101110011000111111011001110000100
001101000111000011010001101110010001111101001010111001000111110011111000110011001011001110011000110111111010010001111000110011110100001011001011000111110110001011001010101101001001110100001000
110011110011001010001010001101001000010000110001001011110111110010001000001001010000001011001010010011001001000110110000001111001100001110001001001000010001010010001011001101010000110110111001
110001001110110010111000001111001101001111001010110010110001001101010000001110110010010000001101001101101001110101001110110001101101110011001111110011110111111010101101110001001111110100111000
110110111000110001001001000111110000001001110000101010001101001110110000101101001010110100110101110111101111001001110010001100001101110011001000110100110101010011001010010100111001001110110011
001110110111111000110100001111110110110000110100000011110110001011001101001000000111010000110111110001111000110100111001001110111101101111110011101111000111101111010001001000000111001010111011
110100110011110100110101001011000110001001001000000100110010010001110001110101000110001000110010001011111010000111110101111011110010001000001100111010110001001010001100110011110101101100110011
000110110111001011111111010000111000110010111110001000110110001011110010001010001111001110000110110010010010010001001111110100110101001110110011010101110111110000001011001000110011001100001001
110011110100110001001101111101110010010001000111110100110000001011001001001011110010110011001110001100101101111001010010110001010100110111001110001001001000000111111010010011110011110001000111
000100001110001001001000110010110100110100111101110100001001111001110101110000001011110110110101001100110111110000001101001000001111001100110100001000110100110101110010110001110011110001110011
110101001001010101010001010100110011110000110010101001101100010101001011101001001001101011101101110111010100001101110001110011001100101111001100101100101110101110010101110110010010010100110010
110001110000110011001100000111110100111010001000001010101110110011010001110011110100110011110011000110000111001101001101001101000111001110001010111000001101001101110010001111111000001011010000
001001001110001100001001110001101101001110010001010100010000010101110000110001110111010000110110001110101111110000010000001001101010010000110101001111110010110111001101110011001111110011001100
110010110100000101000011001111001001110110000101101101001100110001111100111001001011111000001100111001111000111000111001000101110101001100001100000110110000111000001100110011001010001100001000
001111110011111011111000101111001101110101110101110100110000110110001011110110110010001001001111110111110010001010110010001100001011110111111010010001110011110100001110010010001010001010001011
000111001111001000110011001001111111110101110111010001001011000010110000110011101001110010111000111010110000110101101101111100000101110110111010000111110010010000110101110011110110001100001000
101100110100001111010001001100001011001101111001110001101000101101010001001101010011110101001011110010110010110100110111110000101110001010111001110110110100110010001010110110110001001011110100
001011110100000110010000001001111000110100110101111001110101110101110001110100110010000111001100000010110101010010110101110110001010010011110011001111110011110100110101000111111100000110001010
001001110110110000111001001101001001110100110110001011001001110010010010000010010000001010010001001001110011010011001011110111000111001010001100001101101111111111110101110011000100110011110111
001100110010001110001111110011110001001011001111001101110001010000001111101011001000001010110100001100101000110001101001110100001100110100110101111000000111010000110100001110010100110000110000
110101001110110001001010111011001000110100000100001011001111000111001000010000110110101111001001001110101111010010000110001110101011101111001011001001101111111011001110010010010001001111110011
001101001010101111110100000110001000110000110100010000000111110000000111110101110101110101111000110110010010111011000110111010000111001011001010001101000011101110001001001001110111111001010101
110101001001111010110101001101001011000111110001001001001011000011110011110010111000000111001010010010001101111100110100010000110001001110000111111010001010001100101010001101001010110000110110
110110001000110110001001110111001100110100110011110101110010001101001011110110111000111000000111110111001100110111001110001111000100001101101111110010001110110011110101110100101111001110000110
111101001101110111110001110101000110110011000110001011110100001001111001001100001100001111001101000101001110001001110011000101000110001100001110010000001011110001111110001000001111110010111010
001000010010111101001011001101001111110101110111110001110100001111001000000111001111110001000011110001110011001011001011110000001011111000001100001001000010010010001001001110111001001011101111
000110110100111001001001000001110001001001010000001000110001001110001110000111111001001100001100110100001111101010010000110100001010101110001001101100101111110110001101001110111010000101110001
001101111010110111110001110010110001101101110010110000010111110101110100001111111001001011110100010000001001101011001110110010010000110001010101010010110001110010001000001111001100110001001011
111000001001001000010011001010001010110010001011001101110001110111001111110001010000110111110001001011001001110011010111001010110000001011001101110110010000111100001100001001001001110010001110
001001000011000010110110000010110100111001101110000111110011001000001010110110001011110101001110001100000110110101110111110010110100001011001100110100101110110101000110001011111101000100110110
010000001011001001110100000111001000001101110011110101001000110000110101110001001100110000110001000101110001001101001001001011110000010000110010110111111000110000101101001110001111110001000110
000111000111001011001011000100101111001011110011001110001010110010001100001011000110110101001001001010001100001000001100110010111011111001110010010001111000110011001011010001110011110000001010
001001110101001001110001001100110101001110001011001011001100001111001011111000110101110011110010001001001001001011000100001101111010111000110111110001001100101111001100110111110100110100110111
110111110110010010001110110100110111101101001010001101110011001000101111110011101010010000110011001101111001101111000101110110001000110001110011010010111000111001110111101110001100110011001011
110001110010110111001010110001001101111010001010110010010000001111110110110100000110001010001100000111110011000101000110110010001000001001000110010011001101001000010000001111001110000111010011
101110000111001101001110001100110111001101010001110010001011110010101100000111110101010110110010001000110011110010101011010000111001110101110100101111110001101010001110110001110001101101110100
110010001110001110111001011000110000110010101011110100001001110101110000010000001011001010001001101110110100110100110000110110110011101110110101001001110100001010001101101100110010010111110010
110001110000110101110111111000001100001111101111001110001101110101010000001111010001010000111000001100111100110001110011110110110110000001110101001011110100010000110100110100110000110001110100
110001001010001101110011001101110011101101111011110011000101001111001110001011111000010011111001001100111000111011000110001011000101001011110111101101001000001101110111111000001010110001101011
110011110101110001110000110011001100110111001010001100110001110111001011110001110011110111010000001101110011110001101111110100010010110011001100110111110001110001110101001110001000001010001011
001010010001010011010001101111110111110000110011110000010000110001110101110011101110001100101110001111001000010001110011010000110000101111110000110010010000110000110101010011110100101111101111
101101001101001011110110110110001110010000110101111001001000110011001100001000010001110001010001001111110010110101110111111000110001110110110011110100101101010100111011001001110011101111110110
000111001101110010110011110111110011001011000110001110001100110001110100001010001100110110001100001010001001010000110001111000001000001101001010110000101101110100110100101110110111110111001011
110000001100001011110010110101110010001100110010110001010010111000110010001001110000110010110000110100110000001111001010111000110011110010101110001110110100001101010000001111101111000110101111
110101001101001010110100001010001100001001010001001011110101001101111000001000111010001010101100110011101011001000000111110001001110110001110101110001110011110001110101111000001000110011110010
110011111100111001001101110110111100111001101100001100110000000011001101001101000111001010001010000111001001001100001110111000000001110001110110001000001011001101111011110010110100001101001100
001111001001110101010001110011001010110010001000110010110000001111001011110100110100001011110010001001110001110100001011001011001110101100000101001101101110000111101111110011111000000111101100
111101001100101110000100111010110100101110001010110110000110110011000100000111000111111110111011110000000101000111001100001101001011001111110110001111001010010111001010110111000110110110110110
001001110011001110101101110110000111001101110001110000101101001110001100110101110011010000110011110011110110001100110001110011110111110010010001110010110100010010101111001011110111010100110101
001001001101110011110001001101001101111010110010111001010000000101110100001111111011001011000100010000010001110100001111001010010000110101101111001111010011110011001101111001001011101111110101
001110000111010000110110110001000111110111110000001101001010001111111000001011110011110001110010001101110110110111101111111011001101110110010000001100001001110000001011110011110010110010110010
001101110101000110110111001011001100000111001011110010001010000110001010110001001011110001001100001001001111101111010000001100110110110010110111110000001011001011001010110101111000110101101111
110010000101110001010000010001110110001001110110001011110010110011110100001110110010001110010001001010101011001110001110110011101111000101000010110010010001001011111111001110110111001101001100
010000101111001010010001001011110001010000110101001101001100001011001011010001010001101101110110111001010001101111001100001011101111001011111010110011110010001101111001110011010010010000110001
110011001010110010110101010001010010000001111000110110001000001110000100001110110011110011000111111000001011000110001100110000010000111000101111101111000110001001110011110101111001101110001110
001101010000001010011001001010110010110001110110001101110100010000001011110001001101110111101111110110010001110100110100001100000110001110001010001100010100101101001100111001110001110011001100
000111001000001101110111000110000111110010110111001101110011111011001011001010110011110011101110000110101101110010010000110001110011010000110110110001001011000110000110110111001000110001001101
110110110111110000001101001111010000001110110101001011101111001001101111001010110011001111001111001110111001110110101111101011110011001101001011001111110110001111111000010000110001001111111100
001000111100110010110111110111001000110010110100001100000110110101110001000111010001000100001101110010110110001111001010001011001010001111001110111111010000110101000111001110110001000110110101
000111001011001000110100111001001011111001111001001110101110001100110010010100001001110110110000001100110010000111110100001111001101001010001010110010110100101110101101101010110110010001001111
000110001110001110110101000111110110001011001100001011110010001111001010110111110011010100001000111000001000110001011000001001010011001000101111001010001001000111001010001111110101001010111001
110011001101111000001001110011001001110010001101110100010010110010101111110001001001101100001010110100000111001101110011001101101110001111110111010000110110010110001100101100010011110111010000
101110001010001101110000001111110101110011110011110101110001110000001001010000001110110110010000010100101111010101001110110011010011110000101110001101001110101111001100110101110111110100110010
010000010001001110110000010000111000110100001010001000110000001111001000001100001111001011001000001111110000110010110100110110000110001001001110001101001101001101110010001001111000001011001011
111010110011101111110010001100101000001011001110110100110001101110001001001100110001001000110100110011110001001011101011110001001100110010110100110101001010110101110100001011110000001001001011
110010000011001001001001101101110001110110001111110111001011001010111000001110110011110101110100000101001101001110001000001011110100110001110101001101001100110010010000101111001011001011001101
110010000111111010000101110010001000110100110000001000001000110111110101001100001000110100001101001010110011110100001000101110001000111010000100000111001101110010000110110100110010001101110110
110101110001110001000100111011010000110001001001111000110100000101000111110101110111110000111001010011001111111010001010101110110101001010110011000111111010001111111010110010000111001100001110
110000110011001011110011001011110011110110110111110000111011110110001010001010110110101111110111110001000110001000001000001001110101001001110011110010000101000111110001001101110101000111001110
101110000100110111001100110101000110110101000111111010001110110010110100001000001010110111110110110100001001000100000111001101001111001110110111110101111000111010001100001100101101101110001001
010010110011010000110011001011001011001100110100101111010011110001001011001010101111111010110101001000110101001111110000001101110011110110001101001101001110110100110110001111001010000111001011
110111101111110001000010001000111100110100111001110000110110001111110111110101110111110110000001111001001011101111110101001000001110110010001001110010001100001110000111110011001111101110101110
111000110011111110101011001010001110001001110011001111001100101100101111001011110100001101001101001101001100001101001010001100110001110001001101110001010001110011001010110111000101001011110111
001111101101001111110000010001001011111000010101110001101011110111101101010110010011110001010010000111001101001010001110000111110011010110110000001010010010010000101110101101001101111000110001
001101111011111000001101110100001100111010110000111001110011110111001000001100010000110101001111001010101101001101101111111000110011001110110101110101110010000101001011110110110000001011001010
110100110010001100110110111010000010001101110110111010001110110000010000010000001011000110111001110010110111110011110110101100110000001011010001111100110010110100110101111000110111110001101111
111000110010110110001101000111001111001101101110001111110110001000110011010001010010110001001000110000110100111001101110110001110101110011111001001010001000110111001011001001111110001110101101
101111001110001010010010000111111000110001111010110010110000110110001000010001001111110011110100110101101011001100001111001111101111001001111010110101000110010001110000001111110111110010111000
101111010010111001110100001011001010010000110100001000110101000110001100000111110001110111110101110000001100111000110100110100101111001110000100001101110010101111000110110001000100001111001000
001100111110111000110100001100110010111000110010001100110111110110110111001010001100000111101011111011001100001001110101010001110101110000001010110011001110000110001011101011001010001000001111
110101111000110011010001110100111000111010001100110000110111001110001100110110110110110001110110011000101011010000001001000001110001010000001001000101110100001000101101010000000101111000111000
001000001000010011111001110101001100001011001000110011101110110000001001000110101011110011001000010001110001111000111010111001010000001000101101110010001011110010110010110011001010000011001001
001111001001001100100010010000010100110010110001101100110010001111110011101010001011001110001011110010010111110011110100001011001110111000110011110000101100010000101001101101110000110001010010
001100101001110010101110001011001011001001110000010010110001001100000111110000110010110100010001110000001101110111110010001111001000101011110000110011110110110000110010110111110010110111001101
111010001101000101101111110100001100101111001110110110001101110001001111110100010001010001110011001100010000001011111000010001001110000111001001010011110101001100110110001001110111001010001110
001100110111110010110011110011001001001111110000110100110100001010110110110110110100111000101010110101001001110111001101001101001000001110001100001101110101010000111101110100001000110000001111
000010110011101111111011111011010000110101110000110000110010001001110001101111110110101101000110001110110011110001010001101110001101001110001110110010110010110101001010001010001100101010110001
001110001000110110001000110000010101111100111000110011010001111010101110110111101101111001000111001100110111111001110111110100110011001111110110110001001100111011000001101101000111010011001001
001001110110110100001001000100001000001101110111110111001100110111101111111000111000000111001100111000001111001100101110111100110101010000001000110101000111001010101111110010010000001010101101
001101010010010000101110110100001110101101001111111010001111101100110101010010110001110100110100001110101111110000010010001111110011010111110100001101101100001100110100101000010001001110001100
101101001011110010011001110111001100101111110101010001010000101010001111000110101111110110110001010001110001001100110100110111110001001111101011010001110011110010001011100111001000101101001011
001010001011111011001001001010111000001001101100110101110110110001110010000110010000001001110110110111001111110010110100001110001100101110001110111010111100111010110101110001110011000010001111
001011110110110001110011001111111011110001000111001001000110001100001001110001110100001110001101001100001100001011001001001001010011110101111011010000111000111100101110000111001001000101001001
001100001100110000001101001110001111001111110101000110001011110101110001001101001101110011110000001110001001110010001000110000110010110111110111110000001101010100010001101101110011000111010001
001101001011001110110100110000001010110001001101001110110101010000110000001011001001110001110011001100110000001000010000001010110010111000010000001101110110110011001000110000001000010011110010
110100001110001010010011110110101110110111010000001010010010001001001011010011101110110011010001110000110001001000101101010001001101110001100101110000101100001100101111101110101111110000110100
110010101101111010110100000111111001110111110101110010101010110111110000010001101111000110010010001110111000000111001011001001110100010011101011110010110110010011101111110110000111001010110011
110010000011000111000001001010001001000110001101111001001110111000101001101110001001110100001001001100111011000100110110001000110000110011110010101110001100110110001011001001010000001101110110
110010000110001101001011110101000111010000110111110101110011001101010000001011000010111101110111110110001001010000010100001000001100101101111101110001110011110110110110110001001000110010001001
001111110011110111111000001000110010001001000100001011101110110110101111001111001101001011001101001110000100000011001100000011001011110110110111111000110110101111000110000101110110110011001001
110010010011001011001101001101001110110001101101001011101110010111001110110101110001110011000101110110110000001001110111001010001100110100110111110011110010110000110101001011110101101101001111
110100001110010111110001110100101110101111110010001001110000111000110001001111001101001010110111001011001100001101001000110110001100001010001010110010110101110100110010001010010011110000001101
000110110011001010110001001111111000001100110011001010110101101101110010001100101101001000001011001011110000010100001101101111001100110001110101010000010000001101110100110001110001001010110110
111011001100001010101110010000110111001100001101110101110110110000000101001001110000101101001001111000001001010000001011110110110101110100010011000110111001010010000011111010110010001110110110
010000110110101011110111110110111001110000001101111001110110000101000111001001001011001011101111000111000101110001110000110110001101000110110011101110101110001000010110110100110011001000110011
111001001011001001110001001100110100001010001001001010001110111000001100110111001011001001001001110000001101001001001101010001110011101111110110110011001101001110001010010001001011001000001101
110101001001110001001101111000110001110001010000110100001000110110001011110100110010001110001100101101001000001011001111110001001001110010001011010000111000110001110000110001101111001111101110
001010001100110111110101110001001001001010000110001010110100110001110011110100101111111000001001111010010001001111111001001110111000110101110010001100111000000111001011110010110100000011111001
010010010011010001011010110101110011110000010100110000010000001111110001001100011000110001001001110111110001110110001010110001010101010010110000110010010010110100110011010011110100010101110001
001001010000110000110001001000010001110100110110110010000111001110110100001110010100111000110101010011110100001101001111110010010000010000010000101110110100110011101111101001110100001100001101
001110110101110111001110001000000111001000110100001011001101110000110111001001110101110100001100001100110111110011110010010000001011001110001011010110010100010101111010110101110011001111111010
000011001001001010110110101101110011111110001001110000001010001100001010111010110001001110110010001100010000110001000011111010001101010010110110110101001010001001001100110011110100001000010001
001011110010001001110011110101001011000111001000010001110000110101110001110000110000001000110110101100110100001101000101001110101111001010001011110001101111000101001010111000110100110011110111
110010110001101111001000010000010110111101110000110100110100110101101101110110001101110010110011000110101101001011000111010000111010110000001001110110110111000001001010001100001010110110110001
010100001110001010110011010011111011110010010001110110000110001100101111001110101111101111101110110011110000110101001001110110010000001111001011010001001010001110010001001001001001111001101110
010000001010101111010010001110001111001000110100000110110101110010001011000100001000110011110101000011110101001010111010000110110100101111000110110111000110101110001001000100001101001010000101
101100001111001100000110111000010010010001110101001101101010010101010100001010110011101101110100110000001001001100101110110101101101110011110011110101010010101100110001001110001000110111110100
000111110011110100110111001000001000000101111010110011001111000101110100110011110110110011001010001000101111111001001101111001111000001101010010000111001001110100110011001110001111001101110111
001101001100001000010011110100110101110101001010110100001001101100001001001011110110110011110111110010110111001001001001101100111000110100110011110001010000001100001011110000110010110110011000
001011001001110111110101110100001001110111000100111000000111000001110100110100111000000111000001110001000111111010000110111101110111010001111011110111110011001011110000111000110010000111001010
111010000110001101001011110010001101111001001110000111111001110101110011110101111110000010001100110111000111001100001000110011111011001011111000001000001010000110001010001000000111110110000100
010011110100001001001101101111001100110101110001110111000111001010010000010010001110111000110110110110110001001111010101001010110010110000001011110100111001110101110001110110110010110001001001
111101110100111001111000110110001011110110101110110001110100111010101111111001001101101110001000001011001101110101111010001110000101001101001100101110000101110100101111001101001000001101010001
101110110100001000101001001110110110001111110110001101111000001000001100001100110000001101010010001111110100110001110010101110110110110110001001001101101101101110001111110000101110001110110000
001011110100110110000111110100001011000100001010110110001010111010001001001011101101001100001001001001111001010001000111110000000101110010111011110010110010000101110100001110110010110010110100
101101110001110000110110010100110001110100101110110010001110010000110011001011110010011001110100110011110111010001010011101111001100101001001110110000010001001001110011000111101110001111001011
001011000111001011001100001100001100110001001000110110001010110011001000110110001010000101001111000111101110110101010000110011001000111000110011110011001110110101111000101111110100001110010001
101100110010001100110011101100110000110011110010110000110001110011001110101110101111001011110101110110101110001010001100101110110010101001001101110010111000110111000111101101010001010000001110
101111110101110101110111000111001101000110110101001001010000110011110111001010101000110000001100110110110011110010110101110001001100110100001101110100101100000100001111001110010001110111001000
010000010000110101101010110000010001110111110011101100001000001100101101010000001111111000010010001110110011000101110011001001111001001010111000110011001110110111110001101010000101101111110011
101110110111101100001100110100110110010000001110101110111000101101001101110010110110001101110100110001101111010001101110110101101100010000010011101111101111010100110100001001110100001011001100
110101110011001010111010110101001011110010110111010000111001001000110001110010110110110110001011110101110101110010000100110110110111000101001011000111000011110110110000110101110100110110111000
110111110100110010110001001011010010001011110011001100001100010010001110000110001001110011001011001100110110110010110111001011101111001011001001101111110010001111010000001000000111110111101100
010001001110110100001101111001110001101110110010110000110101110010111000000101001000001011101110110110001000001100001010010011001100001100110100000011010010101110111001010110110000010101000010
000110001110001100010101010011001110110011001000001011001001110100001011110000001010001001010010001001110001001010001010001011001001110111110011001010001111000111010000001001001011010101001110
110100101111110001010000110011111000110011001100101000101100001010110010110110110111110110111001001010000110110111110100111001001010101110110001001110001100001100001001001011001000101100110110
001100000001110011110011101011110110001011101111110101001111001011111001001100110010001101111010000111110100101110110001110110000110001010101001001011001110110101001000000111010100001010111000
001110001001000101110111110010001000001010001010001001110110110110010001101011111000110100110011110011110100001101110110110010111100110001110001000010001111111001110110001011001010111010001110
110100110000110000101111110000001000001010000110110001101111001001001100101000001000001101000100110111111000010001001111110001001100000100111001101111001010110001001001110011001000010000110110
001101001000110011001101101110000111010001001100001111000100001001010010001100111010110010111001101111110000111000001000000101001001001001001010110001001110000110000110001000001011110001010001
101111001001001110010000110001110011101011110100000111010001110000111001001011111000110101110010111010111001110001110010001010110110001001101101010000000111001010010000110110110010111000101100
110111001000001010000101000111110110101111101101001011001110111011010001110010101111101011110011110100001011110001001010001010001110110101001101101110001101110010101110001011110111001010001100
111010110011110111110000001000001011111011001011110010111000101010110000001110001110110000110010000111010001110001110111111001010001111001110001111000110010111010110111110111110010001001001001
110101001001000111110111110100110010001010001100110100000110001100001110000110001101000110001110010001110111001000110100001000001110010000111000111000111000110110001001001110110111000110000110
110111001000000110000101001010000111110011001011110100110001000101110101110111110111110111001010001101110101001111001100101110110011001110110100001100110111001001001111110011110000111000010100
000111001101111011001110110011110011110101101101110001001010110111110011110000110001010011110010101111110010000010001011110001001111001001001011111000101110001100000110001011001000110110110001
111001001110111011001100110111001111000110000110010111000111110100000110001010110111001100110011111101110100001011001101010001111000110001111010001101000110101101110110001010001011110101001111
001011110101110001001101110001001001110010001010110001001111110110110100010000001000111011111000000111110001110010110100110010001001001001001010110001110110001000110100001011110110001101101111
110000001101111001010011110100001010010001001100110011001111101110001001010000001010110010001010001100111000110111001101001001101011110110110010110100101100110110010100000100001011110000110100
110011001101101100101010010000110101101100110000001000110011000111001010001010001010001011000110001101110110110110001100101111110000110000001010110100001001110110001001100111101100110110111000
001000110110110011110100001110111010001000001001001010111010001111110001001010110010001010110010110110000101001100010010001110010001110000001000001000110110000111001110110011110110001101111001
001001001110110111110001001000110101001010110011001100110111110001001110000010110110110100001110001011001000010010110111110001110110110011000101110001110111110110110110000111101110001110110111
001110010010101111001000110100110000110001001001110011110010110100111000101101110011001011001011110000110100010100101100001101001011001010010000010000001111110101001001111000110001111001110110
011001110000110110010010101101001011110010110000010000110101001010101111110010101111110100110011101001001110110100111000001100001011001010111000101101001100001010010000010000101001001111110010
101110001111110011010010001111001010110000101110001011110001001000110001110011110010110010101011110000110010110101110000001010001110110100001110101101010001010001001010001110010000001101001110
001101110100001011001000101111110110001011110011001001001001001010110011110100110011001110001010110011000110110111110001110001001000111100001001110100101100111100001101101110001010110011110011
110001001101110110001010110010001111110110110010001101110110110111000111111001010101001100000110001010110110001000111000110101101111000010001111110011000110110010110011000100111011111000101110
110100111000000001001011001011110011110101110101000101101110110101000111001101110010101111110111110001010000000111001000110011001011000110111100001011001101000110110001001010110110110011000101
001011001010110011001011010011101011111000001001110001001100001001001111110110110000110011101100110100110011001101110001101111001100110101010001101110010011111001110100111010110001110000110001
101111110110001011001110110100110101110110001101010000001110001001101110110000000111010001110001001100111000101010000111110110110011110100101111001010001110001110110101010000001100001110111001
000100001010110010110100101110001010110111111010001000001001110101110001001011110110001010110011001010000111001100101110111000111001001110111000110100111001000101001111110100000111001000000101
001110101101110101001111001101001111110101110011001100010010110001001110110011001011001001110110110010101101001111000111110111000110110001001101010011111011001110010100001010001011001111001001
010010001110110101110010001111001110110100110010010010001100001100101110001001110010001110000110101110010000010010001001110111000111110001110100001001001001001011110111101110110111010010111011
111000001010110101000110000111000111111001110011110101111100001110001000001110001101001011001101111010111100111001001000110011110110010001111011001011110100110101000111110001001101001011111011
001001110000110000110111001111111000001100001000110000001001110110110000101101001101010000101110110001001001110011101101001101110000110011110101010001110000111000001101001100001100110011010010
110101111010001111001101001011110011001101101111110000001011010010110100001000001101110101001011001110001001110100110110110001110000111001010001110010101111110011001011010001001001001111110000
110110000110110100111000010000001001110011101110000110001110000101000111110101110110110111010010000101000101110010001000110111110100001010000110000110110001110100110010110001110010000010001110
001011001101111011001011111101010010001010001110101101001101110111000110001010001000110010110000110111110111001000010000001010110101110011000111010100110110000011101111110101001101001101110100
110100000011001010110010110010101110001110110001010000010000111001001011001011001001000110000100001101111010001010000001001101110110001001110010001011111111110011001110110111101011001110001111
001010001100001100110110010100001110001111001000001010110011110100110001110000001001001110110001001110010111000111110001010000110111010100010000110110111100110101000110110100010000110001110001
001110001111010001110100110100110101110000101010001010001010000111011000101001001100110101001100110101110000001001001001111001110001001000000111010000010011010100101011001101110000101110010111
110101110111110010001100101101001111001001111000110010110001010001000111110011110100101101110100110100101101001111001100001101110110001101110001110100110011001110010000110100110111110001001101
110010001010110110110010001001110111110111110001001100110101110011000111110111110010110011110000001010001101110011110111001101110101111010111001001001001110110100110000010000110011101110101100
000110110100110011110011001101110111000111000110001000001001111001111000001011010100110110110010101101110101001000000000111110001011001000101111110110001000110001110100001111110010001001001001
110101001011001000110101111111101110110100110001110100110110110010110011110010001010001100001100110000110011000111110110000101101110001100001000001110110000110010111110101111010010111010010000
101110101010110101110011001011001000111001110000110011001101001011001100101001110100001111110010001101110000110100110001110010001100010010110001001101001111001110001101001100110011101110110010
010011111000110001110101111000010010110011110101101111110001001110111001010011110001111000111010110111001011001011110001001010110010111010110000001010001001110110010001101111110011111000110111
000111001111110111110001001001110001010101110110000110001110110010001101110010111100001011010000010000000100110011010001111110111010110111001001001100001100110010001011001011001000110100001001
110011001011101111001100110001010100110000110101101110101110110010001111010000001110001100110001001100010000001101010000110001001101001100001100001101110000010010010000001110101110010000010011
001110110001001110101110001000101111110110110111110010001011110000101100001000110001010001111000001100001101001001001001000100110001001010111000111010110100110000001001110100110011001101110100
111000001101110100110010001000001001101110101111010010001100101110110011110110000101110100111100001101110001001100001011010001000101111011110111000101110100110110110101001001101111110110001100
110111111010110011110011001011110010111010001011110001110011110100001011110101010000001001001010110101001010110011110110010011110110110110110110111000111010001011110110001010001101001000110000
110011010001110011000110001100000011110100001001110000001111110010110010111000001100111000110000001111001000111001010000001111001011110011001111001110110101001100010011001001110011110011001000
110111101110110110000100000110110101110010001001110001001101001100110110111000001000001010110101110000001011000111110011001100110100110010110010001100010011110010111010110011001111010010110101
110100101111001011110000001111110000001100001100001011110000001010110011001100110101000111010010110011010001001011101110000111101110010000110001010001001001001011101110101100001111110011001001
001110001011110010001100110001001011001000110011001000101110001000001011001111110000001101101111101100110110001010001100001011001100010000110010010010001001111000101110001100001011001110101011
001001110001110011110100110001110110110001110111110100010001110111010000111001000111000011110000110010001010111101111000101101110011110111110011110010111010110111001010110001110011110100010111
011111110000001010000101001010111000110000110000111011001000110110001011111001110010001100110001001011001010000111001010000110110001101011001001110010111100001011110111010000110111110011001010
011111001110001010001111110100110111001110001011001110110110110011001111010000101000110100110001110100001110110000101110001100110011010001110110001000110110110111110110110100110001110111001010
011101110100001110001011001000010010110000010001010011110101010110001111001011011000110001110110010011110001110001001100001101001001001010110011000110101111101110110110101110101111001010101110
011111110011110000110100101111111001110000110011110110110110001011110101001100110100001110101111001111001110110010001010110001110111110001001100110010001111010001110010101111010000001110101111
011111001111001101110000110101001010111000110101001100101111001111001110000110110000110001111001110001001000110001110001101100001111101101001001001110110110110101111011110001101110101101110111
011111110100010000001110110111110100110111110111101011000100010000110011110101101111001001110010111001110111110101110100110000001001111101111001110100101111110110001110000100110101110001001011
011111110100001110000111001101110001001111110001110011000111110010001100101010110100110010001001110011110101101110110100101101101100001101010000001011010001001100110010110001110100110010001100
011111110110110101001010110111000111110101001110001110111010000111000001000110000111110011110100110111110101101111001100101011001001110011110111101100001011010011001111000101111000110111001100
011111110010110101110111110000110101101100110100110110111001010001111010110101110111001100001001001111101110110000110101000110001100110100001011110110110100001001110001110101001101001100001111
011111001110110001110001001100010000000111000101110000001010110110110001001011110011110010001100111010001100101110110100110001001100110011001101110101111010111100110110110000110011001011001010
011111001010110000111000110011010001110101001111110101110111001101111001010001001011001001110110110101001101111100000111101111010001001011001001110101110010110101001010000111110110110010000110
011111001001110110000110001100101111001101001111110111001110110100110010111000001100111000110011001010111010111010101110110011111000101011001010110010110111010000110001001001001100001000101010
011111001000111000001101110111001000010000110011110111110000110101101110110011001011111001110010110011110011110100001010101010001100001000001001001100010000101100111001001110010000110100110000
011111001101110011001101001110111001110101001101101110001111001101110111101110101111010000101101001001001111110001000110001110001101001010110100000111010011001110010001001001001110001101001100
011111010010001101010001110011110101001101001001110010110101001000001001010001010110101110110100001010001101001011010010110000001101010000010001101100111000001010001110001100110000110000110110
011111110100110001010000110010110110110111101111110001010011101111001010001100001100010001110010110100001101101001110100101010001111101111010000110011110011110101010000001101110111110010110000
011111111010110010001000001100001100000100001111001101010001110011111000110000001100001100000110000111101101110100000110001110110011000011110011111100111000111000000111101100110001000100001010
011111001001111001001111111100110111101101000110110100001011111011110100111010001100110000110100110111001010001000110111001011110001111100101110111000001010110111101111110110110000110011110010
001000000011110000111001001010000010110010111000110010000010110101010000000111110101101100110011110111110101101111110100001110110111001010110111001101101111000110001001110100001010001000110011
111000001011101111101111110100110001110011010001010001001101001001101111110100110000001010101110010011001000110110110010001110010101110010000111110110101111001110001010001000110010110011110011
000000000111110000101111000111110010001101110010001100110110110111001011000111110101110010000001001101110101111000101110110011001110110001001000101100001111001100101111111001110011001010001011
110111110101111010101111001101000111001101001110001111010100111010110011110011001000111011110101110111001011000111001011001100110100001100110000110110001011110010001110101110010001001101110100
001100110110001010110010000111110000001001111100010000110100110011110010111011111100110011110011110001001010110011001111101101001100001001110110001100110010000101101110000111110101001011001100
001111110010110001110010001100001001010000001001110110001100001011001110110011001111000100000100001011111000110011110110001100101101001011110001110011111001111001110111110000110001001110000111
110011000111000101111001110110110111000110101110000110110010110010101011001011101100110010010011110010001111010000001110101101001101000111010001110110111000110011101011001110001100110100110100
110000001110110011111010110001001011010100001111001011001011000110101111110010110010001100110000001100010110101111001110111001111101101110110110110010001000001101110100110110001101110101110010
001101110000001101001100010010110011110110111001110101110011001100001010010001110101010001001101001100010000001111001111001110110010010011110011110101010000001100110100001011110101110010110100
001111001010110100000101110010001011110100110101010010001011110110001001110011111000110110110001110111110111000111110101001111110101110111110100010000110100110110001000111011110101000100110111
001101110101001001001110000111110000001001001010101010001111001011110101001101110011000111001010000110000101110100001011001010010100001100001101111001001101110110110100001101110011111001110111
111011010001110010111011010000001001001000001111001110001100101100110101110011110011101111000110001110001101001001110010001000001111001100101010101110101111001001111000110100010101110011110100
101110001101110010001001001000001101110000101110110011110100101101000111110011110101101110111100111001001000001011110101001100001100101101110011001101001000110000101101110101001100001001000110
110010001101110001000101001011111000010001110000101110110010101110001100010001110010001111110101110111010001001001001101001011000111110011111000111000110100001001110100001101001011000110101100
101110001100000111010011110110001101110100110000101110010000110000110000001001110001001101110111111010010001010000101110001010101010110000001001111000101011001111101110000101010000001000001101
001011001101010011001111001001001001110101110010110000001100001111001011110011111000110000001111110010110010000111110101110101110101000111110100010010110000110100110000010000001100110011001000
110100111100000111001101110101111101111010001000110101001111001011110110001001110011001000110101000010001010110110111011001110001011110001110111110100111000001000110011110001000110110111001011
110111001001110111001001111000110101001010110001110110111011010010110010001110111010001010001000001001001111110101110101110001000101110101000100010100000101001010001000110111010010000101001100
110100001100110010110011101000000111000100000110110110101111001000010000001111000111010000001111001100110001101110000100000100101110111000101100001010001100001001001010110001111010111001001100
010011110011110111101111110001000111001110110100001110110000001000001111110001101111001000101100001110001101001110110001010000001010101101010010101111101111001111001101001101110111110100110010
001101001101000111010011001000001000110001110010001000110011001110001000110011110101110100001100110110110111101100001101010001000111000111001100110111111001010000110111111001110001001011000100
001011000111111000001001010000110000101110000100110100001110101111001011001000001000110100001110010010101111110110111001111001001100000111101101001010101100001011001001000001110011111000001000
110101110101010001110001110011010100110110001101010000001111001110110010110111110001001101110010110111001100001001001101010000101011001001001100000110010001001010000111001100110011110001111001
110110000101001010010001000110101110001010000011000111110101010000110100110110111001111001110001000101111000111000001111001110000111001111110110010010101111110111110011001001110110001000111000
110010101111001101001010001011101011101110001001001101101110110111001101001010001001110111110011110001001100101101001101101111110001001111001100001001110100001011110001111001001011001101110011
110001001010111001111000111100110101001000110101001010110011110110001101101111110000110110110110110100110001110111010000110101000100010011110100010000110101010001001011010001010110111011111011
110111010000001001001001001110110100110010111000110000110100001100001000110111001101110101111001010000110110001000001010001100000110000111110010110011001110110011110101001101001000111001110011
110100001000101101110100001011001000110101001001110100001110111001001111110100000101000001110110001011001001001011110101110100001011110110111010001010001001000101110100001011110001001110001001
110100110111110011110101001100111000110011111010000110110110001010110011010011000100001101001011001100001111010011000111000011001010001001001010111001110010110100001100110100110011010000000111
001101111100001001111111000010000111001110110011110101001010110001101101010000101111010010110101000101110111001010101101001101010000110000111010000101111011111000110111111000000001110101110011
110010001011000101001101001111110100110111001011101010110101001111001010001011110101001111001001001010010010111011111001001100110000101101001010101101101100010001110011110101001001110001110010
001010001110001001001000111000001010110011001101001111110101001011001010010010001110111001001100001001110000010001110011000111110100001101000111110010001001101111101100111000001010110001010000
001100001101001101010001001010000110110010000110001001001011001001110000001111110110001000110101001101001010000110101011001010110000000111001000010001001101110100000111001011001110110100001100
000110001010111000001100110010001001001000001001000111110100110011000010110001110100110100110010000111110000110101110100001001111011110010001011001110110000001111000001010000001100001011001000
001011010001001101001001111000000111001100000011111001110110110111001101001100000101110101110001001000110011001001111110111010111010001001000110111000001101001100000111000101010010101111001011
111001110011001100000011001100110011101111110011000111101111000101010010110110001010101011000110101110111010110100110011010101001000000010001000101100110111001001111000000101110100001100001000
101111000011111011111000010100110000001010001110110100000111110100110000101011110000110110001110001100001100000111001000110111001000001011001000001110001100110111000110110100101110110011110100
110010000111110011110011001011101110000110111001111000110010000111001100001011000100001000110000001100001010010001110110110011111001001110001001101111110101110010001011101101000110101110001010
000110110001110111010001001100010000001100111010001010110010111001001010110010110111001011110101001101110000111001001011110101110011000110001111000011101110000110001100110011110100010000110111
110011110011101100010000001001001101110100101111001110001101001111001001010001101010010001010100001111101110110000101111110000110110101111110001110010110010001110101111110011010011001001110000
001000000100001000111001010000001111101101001011001010001011101100110100110100001001110011001001001111001010001101001110001000000101110100000000010010001000110110110111101111001101110011110011
111000110011111000001111010101001111001011101111110001110000110111110101110110010001101010101111001010001110001101101101001100010010101110001011001111010000110100010110001111110101110000010101
110000101111001010001010001000110101001100001111010000101110110110110000101101101111000110110111110100110000110000100110001001110000110001110011001100110010110100010000001000111011001111110110
110000110011110000110100001110001011001011001110001000000111110000111001111000000110000111001011110011000101111000101110001100110001110000110000001110110010001010001000111000001001110101000110
110100101101001011110101001100010100101101110110111000111000001100001110110001110011001100110100000111110000001010001100111000001000001011101110001111001000110001001000001100010000110100111010
001110111011010000001001111000111001000110110110111001000111001100110000101111001110110100001011001001111011110101000101001110110011001110001011001010001010110100110101001101001111010111101111
111000110010110000110001111011001101001010110001001100001110110101110001010000001011110001010010110000001001110100001110111000001110110011110111001110111101111000110100110101111001000110110001
001111110010001000001011001111001000001100111000110101001111101110001100110100001110110110110001110011000111010010111101001001000001110011111000000111001001001011110001110101000111111000001011
110100001110001111001001001010100111110000010000001001001000000111001011001101010000001101110111010000110100010011111000001010001110101111010011001101110010001001001100110000110101001010001110
001100010010101110110001101110110100001001110011101100010010111000111000001001110101110000001011001101110001110001110111110110001011001000110101110010110001010001001001001110110011101100110110
111001111110001010010011111001000100110011000110001111001111110111001000101110001001110011110100001001110001010010001100001010110111001110110110111000001100110101001111001000110011001110000110
110101111000001100110110001001001101001001001111110110110101010000010000101111110010010001101111001010001000111011001100110001010000110111101101110111110010001011110011110100110011101110001010
010000001000001001110100000111001001110000111000101111001101001010110000001001101011010010110011111001110000111100001111001110001101001100001111101110000101010010001010110110010010110101110111
110110001001110111001011110010110000101110110001000100110110110101001101000010001001001001110001111000101110110111110010100101110110101111101111000110010000111010001011101010111000001000001011
110010101001101011110001001110111001110011001000010001001100110011110001001101110001110111001101110110101011001001010000110001101111001110101010110110110101010011101101001010001111001101010011
001101001101110110001110101110101111110010001010001110001111110010110010110001111010001101010010101101010000001011001001001100101111010000101111101100001110101111001010101101001010110101110100
111000110111001001001010111000111100110101110001111000001000001101001001001101111110000101111011111001101111101010000101001001010000001100001001001001001101001010010001001001001010110110110010
110110110011001111001110110111110100001001110010000110111100001110110101101101111000110111001100110110111010101011111010001001000110110111110100110110110101110000001100001011110110110011110100
010100001000001000111001111001110110001101110010110001000111001011001011110000001100001011111010110010110111110011111001111001110011110110101111110111001110000111001011001001110001010100101011
110001110110100111110111110100001001111010110101001010001010010001010001001011110110001001101111001000110000110101110001010000110011001010001011001111110010110101111010000111111100101011001011
001101010010010000110011110001001111110011101111000111001000001011110000001011110001101111001111000111000111001101010001001010001010010011001001001100111100101110110010101101000100001010101111
111001001011111011110000001001110010110010001100001111001001001011111100110010001010001001001101101111001011001000101010001111001101001010001111010001001100001101010101001101010100001000110110
000110001011000010010001110011111001110011101101001111110111111001001011101111101111001100110100110000110100001011110011001011010011110100001000101100001100110111110010110001010001110000001011
001101110110110110110110010001001100001000110101110011001110010101110000011000110100001001110101110001010100101111110101001100101110101111110011000110000111111000001101010100110111101111101111
001000001100110110110011000111001000101111111000111010001111110011010001010100111100001001001110001101001000000110001100110110010011001011001100001101000101110100001100001000001010001101110010
001111001011001100110010110011000111101110101111110111001110010101110001110101010010110101010110110011001101101011101111111011000110001110110011010011110010010000001110110011101111001110001100
110110001110001110110100001011101110001110001011110010001111110001010010110001010000001100001010001111010000110000001010101010001100001101001110001110101101110010110101001000001111010110101100
001100101101110100001101010110110011110001101110110101111000110110001111110000001010110010110101000110001100110011001011110100110100001100110100111001001001110100001010010011111001101111110110
110100000011001101010001111011110011001000001011110001110101000010001000001101000100110110001100001001110111000110000111110100001000111000001100111011110010111111110101110001111010001000110101
001011000110001101000100001111110111101010001000001001000011101101000111101111110110110011110001110101001001101111001110110011110101101110001010001001001111010000110101110110001100110010110101
111001110011110010101101010010101101111000110010110110010000110101110011001000001000101110000101001011101111110011001000001010110101110001110101110100010100111011110100001111001001000101110010
001110010011110011110001001000111000110001110011101110110000110010001011110011110010110101001100001100001100110111001011111100001111001011001100110000110000101110001110110011111101101000101111
110011001110110011110110110101110111000110001011001100001101010000111001110110110101110100110110001101010100110001111000110001110011001011111010101111111001001100001001110011001111001100001100
110000110011110000110111001001010000110001110001001110001110000111001000110110001100001010110101101101101111001010110000001011001110010000111010110001101110110011101010010010110011001100110001
110011001100111001010000001101110000110000111010001001111011110000001110111000110101110111001100110111001101000111001110001101110001111001111001110110001000110001110101110011110100110001001110
001101110110001000010001001100110111110101001100010010110111000011110100111110110011000001111010110100001100001110110010110110110011111000110011111111001100010010111110110110001100110000001100
001111001011111000110101001011001001110110010011001100110001001101001111001110110010001100110010101011001111001011111001110010110011110001001100111100010001110110001001000111001110110101001101
001101001001001110011001110110110100110101111000111100110111001001001010001101001101110110000110001100110010001100110101110011110000001001110101010011110110110010001101110011110001110011111100
001111001100001101110111001011001101110111110010001001001001001111110101110000111101001000110110001100110101110001001111111101110101110101001011110011110001111100001000001110110010110011110101
001011010011010001001101110001001111101111010001001011110101001110001100101101010011010010101011101011101010001111010010101100101111101110001010001110110010110101001100010010110000101101001111
001101010000000011110111001100001010001011001010001110110100110101001011110010101110001001001101110001001000101111001101010001101111000001000111001000001000110000000110001001001010000101111001
010001110101001010110100110000111000001001001010001101001110110111101111001010110100110100010001010111111001010000110001101111110101001011101111110000001101110011101101001101001000001110010000
110001001001110010110101001101001001001001110000010000010010001000110110101111110011001111001110001101101101001110001101001110110001110011001110001111110101101111001011110100110100110100110010
001110110010110001001001010001001110001100010000110011001001110000101100101000010010110101001001010000001111001100010000001010010000101111001100001001110000111001001100001000110011110110001011
001101110001111000110000110110001000110011001000001010111000110010110000001111111001001100101111001001000110001100111001001111001110110110001001001100110001001000110111001110110111110100001011
101010001110110100110000001011001011110111001111110001110011001111010000110110001001010010001111110011101111110100110010010010001000001101010101110000010001101010010000001110101111001110001101
111000001010001011110010010010101110110000110011110101110110001000001110110110110110110100001101110111001110010000101101001101001110110010001101110100110011001010001110001111001000001010110110
110001001111110001001001110001010000001011001101001001001101001111001011001001001101001011110010001111001110101111110111010100001000110001001100110100001011010000001101001001110100101100001110
110000110011001001000101001110110011010001101100110110001111110010110101001000110101001011110011101111110000001010110101010000001101110001110010111010110111001101110100001011111000001100001110
001100001100010101000100111000010000110011101101001101110001110101001100001010001011101110001110110001001000110100001011110100110011101100110010110101010110110001110111001110000110110001001001
110001001001110011110011110110110000110101001010110001001011110101110100110111000110010010000111001111111000011000101001001001110101001111110111010011001001110000110101010001110111110001001011
001010000110001100001100001000001000110111001111001110110011001111110010110010001011111001000101001100000101110011000110001001110011110010110011001001010000010100110101110111001011010100101110
001010110100000101110011001000000101110001111101101110000110110111111000111000110001111010000110001001010001001110000110110011110001110101000110001001010101110100111011101110110010001011110111
110101110100111011000010000111111000001110110101001011010001110001001101001000000110110011001000110000001011110100110100110011001100110110110100111010001010001101110100001111111000110011110001
111000110100001000101011110011001111110100110010001100111010110011001011111010000100000100000100110001110111101011001110000110010011110010110101111100001101110001010000110001110111001100001010
111011110100001111110000110110001000000101000110110011001011110001000100111000110001111001001000111000110100001000110011110110110010000101110101110110101110001101110101101100010010001010101111
101101110001000110001101001011101100001111111100001111010001111000001100101111001010110010110010111011101100001000001011010000110010001011110111101111101110000111111011110100111001001100101101
110111000111110000110110110010001001001111001000001101001011001101110100001110001011110011101001001001110100001010010000010001001101111000001100001111110010010111101111111000110001001011111000
101011110010001110001101000111110110110011001011110000111010000011111000001101010000110010110001000100001110001000001110001101110100001110110000110110010000010010001010001110001000000110001000
001111110101110001010010110011010011001101001111101110010010001111001010110111010000001110010011110000010100000111010111110001110000010000110011101111010111110011101111010011110001110011001111
110101010000101111110100001111001111001001110100010001010011110011110100110001010011001010001011001100001010110000110111110011001100001101001010010001001100110000001101001001110001110000111000
110001110111111010110100001001001011101111001010001000001011001110001011110111110101110010001100110000110011110101001001001111001011001111101110001011001110001011001011101110110110001111001001
110011110011110110010001001010001001001111000111110110001000000101000100001000110011110011010011001001001010001010001100110001001100001010110101110100110110001011001010001111110101111001010010
001000110100110111111001110101111000000110000110110101101101001111001011001010001011111000001101000101111010001110000100001100001100001000110110111010001000001101111111111000010011110000001101
110111001110111101100010111010001101111000101111110110001011000110001011001010001010001010001101001101001001101111000101001110001100001111000101110010000010001001111001110010110111001110001110
110011001110111001101110110101001110010001001110101111001000110011101111110010111101000110110101001000101001000101110110111011110101110000110110110111000101101101110011110011111000110010001111
111000101111110111101111110000110101110010110111000100001010001011110001110110010000110010110110010001101111110010101110110100001101001001010001010000110010000110001100110111110000001011110001
110111000001001000110011001011110100001110101101000111001101001110110010110011110011001110110110110001111000110100001111110001110011110010101111010011110101001111000110001011001011000101001001
110100001001000010111011001010001001111100001000111010110010010000001010101111001011001011110111110100111010110001110100001000001001110001010000111000110101110101111000111001110010110001101101
110100110000001001001000110110111110001001001001111001000010111011101111110010110101110011110100110111010010111011110101110011111000111010110111110011001110101110000111110011000111110010001100
101110001000001011001001001111110010101110110111001010001101001001001001110011110101101011110100010000101101110001001001001101010101001010000010111000001111000111101101110101110101000100001011
110001001001001001101110110011101011001111000110110111000111110101001000010101110010001010110010110100110111010001111010001001010000001001111010001010001101010110001010001110101101110001001111
110111001000010010011001101011110000111001001010001110110100001100001001110010001110000110010001101101010100110101110100000101001011001110101111101111001011101111001100110011001010110000001001
000111110011110111001001110101000111110101000100110000001101001111111000110000110010110111110111110000000111010000110010001100001101110110001010101111000110001101001100110101001111110100010001
110111001001001101110011001010010001001010000111001111111010110010110101000111110111101100110111110101101111001111111000111100101111110010110110001111001010110101110010111001000101110011110010
001100001000001110001101001111010000001111110001110101001100110000000111110110001011110001110010001001111000001000001101110000111010110001001011001011010001110010110100110111001101000111110100
001111001101110101110100001110110011101110110001010011001100001111001010001011110001110011101011101111110010001100010001110110010000010110001110110010010001110010010000010000110000101101110011
110000001110001101010011000111111011110000001100010001001110101110110100110010001111110110110001110111110000110100110111110111110100001110001010111001110010001111000110001110110111010111110110
001110110101110001110100111000110100110000101110001011110111001010001011001101001000000110001100000111110010000111101110110100101101001011101111111000000111000111111010101010111110110001001001
001100001101010011000001110011010001110010110100000010110100110111110111001101001011001101001111000111110101001100010010001110111000110011110111001000001110111010110001001111110111110001001001
110010001101001011001011001001001110001000001100001101001101000101101111001101001010101110001101110001110011110100110100111010111000001001101110010000010011110100001100101100000100001010001111
001011110110110010111000010010000110110001110100110110001000110110101101110110001101001011110100001101101000110111110100010000110111001110001110110100000110001110110110110101001010101111001101
110101001110001011001101101110001100000110001001010100001010110010001000001000110001010010110111110100101111101111001001001111111011110000110100001101110110110011000111001001000101001010101111
111001010010001010110001001110001100110100001010110100000101110001010000001001001110110000110001111001010010001110001000000101110010010000110101101111001111010000001010001011001010001110110111
110001110000111001110001110101110000110010001001001100010011001111110011001001000111000100001011110111001101101111010000110000000101001000000100001000001011000101101110101111110000001000000110
111000001111110101101110001111000111000100110110110010110111101100001000001100110101110001001011101110001100000110101101110100110110110011110011110100001101110100001011110100110010001000110011
110011110100101110110111110111110111001101001101001011110111110111001100110100110101001100010000101110001110110100001011110010000101110000110011101011001011110111110101110010110111001111001101
110100001101001110110001110111010000000011001001110011001001110111110111110010010000110100010000110011110011110010110110001010001100001001110111110000001000010001001011001101001000000011000111
110110111000110011001101101110110010001001110001001011001110110000001100010100110100110000001110110011001111110110010100110010001000001100001101111000001100101111110000001100001100010101110110
001011001010010000110101001000110010110101001101001111001110001000001001001010001110110010110010101111001001001111001100001011110010001110001001000101110110000110000110001111000111001100010100
001111110110000110011010010010001010111000010000001100001001110110110011110100110101001100110111110101001001000111110111110010001100110110001101001100101100001000001011110011010000001111101111
001101001010110001110001110001001000001001111001110100001011000110000111110001001010110010110000110110000110110001001000001101111001001000110000101111110000110010101101110111010001001000110010
110011101101001010001110010100000111111010110101110010110110110110001111111100110110111010001011001000110001001101001101110110101100110100110101111001001010010000110010101101001000110011110101
110001001110110010110110101111010010110011001110010000001110001110110110001110110110010000101111110001001100010101001011110010110111101011010001101100001000110000101001110110110011110110001101
110110001010001010110011001001111000010001001011001100000011110000110001110001001001110001110001000110001001110010110000010000101111001110111001010001110010001100110010111000001001111001010000
001110110000001101001000110010000101001011001101001111101101001111101110000101101100111000010001110100111001001011001101110110001100111011111010101111111001010000110110001001110011001010101110
110100111010110000110011000011001111111000000110111011000100001100101111010000001101111100001000110100110011001110001111110110001001110111000100110100110110110101111101001111001000110111110011
000110000110110010010010110101101111001011001001101111001110110001110101001100000100001010010010111000110011110100111001001011001010010000001010110101110110111011001010110001101111001101110001
110011001101001000000110110000111010001011000011110000101111001010001111001000000010110000000110110000110100111010001010110100000110100101001001001110000100001010000001101011000111110110001111
000100000011001110110111001011001100001100110011110011111000001001110010110101000111110101110000111001111100001000001111010000111100101011101101001001111101001100101111010000010000000111000110
110101001100111000010011110110001011110110001110001110101111111010001001110000001101010010000100001011111000000100110010111000001100111000110010110010110100110010110100110011001000110110010001
110001001111001101110101111000001110001100111001001111001101110111110001000111001010101111111010010001110011001111000011111000001001101011111101111011111000111010001011101101110110110001001010
001001110111001110001011110111111110000100111010110101000111101100110000110010000111110000110011110111001000101111000101111000110110000111110111101100101101111100110101110111110101001101110111
110010001010101111001101010010001110111001101111101110110010101010001011101000110100110001001100110101110010001101000111110001001110001110110111001001001110010100101110001001010011001110110100
001111110100001001111000111001110100001011001011110011110110110001110000011000110000110001110010110010001001001010001001111000010001001110001010001101110111110011010001110100110001110010001011
000111001011111010101001001010101111110001101111110100110011001100101001110100001010110110001001110100110000001101111010001011001110001111110101110000000110001100001000001010110010001111001001
101100101010110110110001110100110001110001001111001110001111110101010000110000010100101111011000110001101011110011101110001101110011010000010011001101010101010011101111101101110011001110001011
001011111000110000001011110001001010110110001110110110110011010000101111101111001011111001001010111000001001111001001101110011001111010111110011110111110001110110101111110010001011010000001101
001001001111001011110111000111010001110101110110001010110011001001001110110100010000110010001101110110110001001100001001001010111000001111110110001100001100110110001011101000101111110111001100
001100001011001100010000110101001000101111110110110101110011110111110001000111110010110100001001000101000101111000000110111011001001101110001011110101001000101111110110100111110100101111000111
110101110001110101110001010000001101110000110001110101001001111000110010110111001010010000110100001000110110001001001000001100101011110101110010101110001101110000000110110001110100001011101110
001101001101110101111110010001110000110000111000001011001011001101000101110011000111001000001001110100010001010000010101110011110000110111110000110010001101110100110101000111110100110110000111
110101111010101100001111101111110110111011010000110100111001110110000111001011000110001110001100001110110110111000111010001011010001111000010000001000000111001101110010101101110011110111101110
110110010001001010111000001000000110001110110011110110000111010111001100001100001111110011110110110010001111110011110010110000110110110001001011010000101111010010110100110000110100010101001011
111101101110110010001100111001111000010010000110101111101111111000001011001011110010110110110011000110101011110111000111001100001011010011110110110010001110001000000011101110110100010101111000
001000101111110100110110110101110010001110001111000111010011101101110011101111001011101011110010110110010001001011010011110001001011110011001011110010001100001110010110110110001010101100001011
000110001011001100001010110110110100010100111000110010001000110000110001010110001001110011101101010000001011110111010000101011001110101101001001001000110010110001001010001001001001001010110001
001101110001110001111001001100110011111001110001110010110001000101110100001100110100010000110100110011010001110001001100001011001000110110001011001010110000000111110000110001001101111010001110
