011111100000100000100000011111100000011111011111100000011111100000100000100000011111100000100000011111100000100000100000100000011111100000011111011111100000100000011111011111011111011111100000
011111011111011111100000100000011111100000011111100000011111100000011111100000011111011111011110011111011111011111100000100000011111011111100000011111011111100000100000011111011111100000011111
011111011111100000011111011111100000100000100000011111100000100000100000100000100000100000100000100000100000100000100000100000011111100000011111100000100000011111100000100000011111100000011111
011111011111100000011111100000100000100000100000100000100000011111100000100000100000100000100000011111011111011111011111100000100000100000100000100000100000011111100000100000100000011111100001
011111011111011111100000011111011111100000100000100000011111011111100000011111100000011111100000100000100000100000100000100000100000011111100000100000011111011111011111011111100000011111011111
011111100000011111011101011111100000100000100000100000100000100000011111100000011111011111100110100000011111011111011111100000100000100000100000100000100000100111011111100000100000011010100000
011111100000100000100000011111011111100000100000100000011111011111011111011111100000011111100000011111011111100000011111100000011111100000011111100000011101011111011111011111011111100000100000
011111100000011111100000011111100000100000011111100000011111100000100000100000011111100000100000011111011111011111100000100000100000100000011111011111011111100000011111100000100000100000011111
011111100000011111100000100000011111011111100000011111011111100000011111011111100000100000011111100000100000011111100000011111100000011111011111011111100000100000011111011111100000100000100000
011111100000100011100000100000100000011111100000100000011111011111100000100000100000011111011111011111100010011111100000100000011111011111100000100000011111100000100000011111011111011111100000
011111100000100000011111011111011111100000100000100000011111100000100000100000100000100000100000011111011111011111011111100000011111011111011111011111011111011111100000100000100000100000011111
011111100000100000100000011111100000100000100000100000011111011111011111100000100000011111011111011111100000011111011111011111011111011111100000100000100000011111011111100000100000100000011111
011111011111100000100000100000011111011111011111011111100000011111100000011111100000100000100000100000100000011111100000011111011111011111011111100000011111011111100000011111100000011111011111
011111100000100000100000100000011111100000100000100000011111100000011111011111100000011111011111100000011111011111011100011111011111100000011111011111100000100000011111100000100000011111100000
011111011111100000100000011111100000100000011111011111100000011110011111011111100000011111011111011111100000011111100000100000011111011111100000011111100000100000100000011111011111100000011110
011111100000100000011111011111011111011111011111100000011111100000100000011111100000100000100000100000100000011111100000011111100000100000011111011111011111100000100000100000011111011111011111
011111100000100000011111100000011111011111100000100000011111011111011111100000100000100000100000011111100000011111011111011111100000100000011111011111011111011111011111011111011111011111011111
011111100000100000100000011111100110011111100000100000011111100011011111100000100000100000100000011111011111100000011111100111100000011111011111011111011111011111100000011111011111100000011111
011101011111100000011011011101100000011111011111011111100000011111100000100000100000100000011111011111011111011111011111011111011111100000100000100000011111100000100000011111011111100000100000
100000100000011111011111011111011111100000100000100000011111100000100000011111100000100000100000100000011111011111100000100000100000011111100000011111100000100000100000011111100000100000011111
011110011111100000100000011111011111100000100000100000011111011111011111100000011111011111011111100000011111011111011111011111011111011111100000100000100000011111011111011111100000100000011111
100000011111011111011111011111011111011111011111011111011111100000100000100000100000011111011111100000100000100000011111011111011100100000100000011111011111100000011111011111011111011111100000
011111011111100000011111100000100000100000011111011111011111100000011111100000100000011111100000100000011111011111011111100000100000011111100000100000100000011111100000100000100000011111100000
011111011111011111011111100000011111100000100000100000100000100000100000011111011111011111011111100000011111100000100000011111011111100000100000100000011111100000100000011111011101011111100000
100000100000100000011111011111100000011111100000011111011111011111011111011111100000011111011111011111011111100000100000011111011111100000011111100000011111011111100000100000100000011111100000
100000011111100000100000011111100000100000011111011111011111100000100000011111100000011111100000011111011111011111100000011111011111100000100000011111100000100000011111011111100000011111100001
011111100000100000011111100001100000100011011111100000011111011111100000011111011111100000100000100000100000011111100000011111011111100000011111100000100000011111100000100000100000100000100000
011111011111100000100000011111100000100000011111100000011111011111011111100000100000011111100000100000011111100000100000011111100000100000100000100000100000011111011111011111100000011111100000
011111011111100000100001100000011111100000100000011111100000100000011111100000011111100000100000011111011111011111100000011111100000100000100000011000011111100000011111100000011111011101011111
100000100000011111011111100000100000011111011111011111100000100000011111011111011111100000100000100000011111011111011111011111100000011111100000100000011111100000011111011111011111011111100000
100000011111100000100000100000011111011111011111100001011111011111100000011111011111100000100000011111100000100000100000100000011111011111011111100000011111100000100000011111011111011111100000
100000011111100000100000100000100000011111011111011111011111011111011111011111100000011111011111011111011111011111011111011111100000011111100001011111100000011111011111011111100000100000100000
100000011111011111011111100000011111011111100000100000100000100000100000011111100000011111100000100000011111100000100000011111011111011111011111100000100000011111011111011111100000100000011111
011111100000011111011111011111011111100000011111100000011111011111011111011111011111011111011111011111100000011111011111011111011111011111100000011111100000100000011111100000011111100000100000
100000100000011111100000100000011111100000100000011111011111011111100000100000100000100000011111011111100000011111011111100000100000100000011111100000011111100001100000100000100000100000011111
100000011111100000011111100000011111100000100000011111100000100000100000011111100000011111100000100000100000100000011111100000011111100000011111011111011111100000100000011111011111011111100000
100000100000100000100000100000100000100000011111011111100000100000011111100000011111011111100000011111100000100000100000100000011111011111011111100000100000011111011111100000011111100000100000
011111100000100000011111100000100000011111011111100000100000100000100000011111011111100000100000011111011111011111100000100000011111100000011111011111100000011111011111011111011111100000100000
011111100000011111100000011111100000100000100000100000100000011111011111011111100000100000011111011111011111011111011111100000011111011111100000011111100000100000011111011111011111100000011111
011111100000100000011111100000011111011111100000100000011111011111011111100000011111011111011111100000100000100000011111011111011111011111011111100000011111011111100000100000011111100000100000
100000100000100000100000011111011111011111100000011111100000100000100000011111100000100000100000011111100000011111011110100000011110011111011111100000100000100000100000011111011111011111100000
100000100000100000011111011111011111100000011111011111100000100000011111011111100000100000100000011111011111100000100000100000011111100000011111100000011111100000011111011111100000011111011111
100000011111100000011111011111011111100000100000100000011111100000100000011111011111100000011111100000011111011111011111100000100000100000100010100000100000011111011111100000100000100000011111
100000100000011111100011011111100010100000011111100000011111100000100000100000011111100000011111011111011111011111011111100000100000011111011111011111011111100000011111011111100000011111011111
100000100000100000011111011111011111100000011111011111011111011111100000011111100000011111100000100000100000100000100000011111100000011111100000011111011111100000100000100000100000100000011111
100000011111100000011111011111011111100100011111100000100000011111100000011111011111011100100011011111011111100000011011100000100000011101100000011111011111011111011111011111100000011111011111
100000011111100000100000011111100000011111100000100000100000100000011111011111100000100000011111011111100000011111100000100000011111100000011111100000011111011111011111100000011111100000100000
011111100000100000011111100000011111011111011111011111100000100000011111011111011111011111100000100000011111011111100000011111100000011111100000100000011111100000011111100000011111011111100000
100000100000011111100000100000011111011111011110011111011111011111011111100000011111100000011111011111100000100000100000011111011111100000100000011111011111100000011111011111100000100000011111
011111100000100000100000011111100000100000011111011111011111011111100000100000011111100000011111100000011111100000011111011111100000100000100000011111100000011111100000011111011111100000011111
011111100000100000100000100000100000011111100000011111100000011111100000011111011111011111100000100000011111011111011111011111100000100000011111011111100000100000100000100000100000100000011111
011111011111011111011111011111011111100000011111011111011111100000011111011111100000011111100000100000100000011111011111100000011111100000011110011111100000011111100000100000100000011111011111
011111100000011111100000011111011111011111100000100000100000100000100000011111011111100000011111100000011111100000011111011111100000011111011111100000011111011111100000100000100000011111100000
100000011111011111100000011111011111100000100000011111011111011111011111011111100000100000100000011111011111100000100000100000011111011111100000011111011111011111011111100000100000100000011111
100000011111100000011111100000100000100000011111100000011111011111100000011111100000100000100000011111011111100000011111011111011111100000011111011111011111011111100000011111100000100000100000
100000011111011111011111100000100000100000011111011111100000100000100000100000011111100000100000011111100000100000100000100000100000100011011111100000011111011111011111100000011111100000100000
011111100000011111011111100000100000011111100000100000011111100000011111011111100000100000100000100000011011011111100000100000011111011111100000011111100000100000011111011111011111100000011111
100000011111011111100000011111100010100000011111011111011111011111011111011111100000100000011111011011011111011111011111011111100000011111100000011111011111100000011111011111100001011111011111
011010011111100000100000100000100000100000011111011010011111011111011111011111100100100000011111100000011111011011100000011111100000100000100000100000011111100000100000100000100101011111100000
100000011111100000100000011111100000100000011111100000100010100000100000100000100000011111100000011111011111011111011111011111100000100000011111100000011111100000100000011111100000100000100000
100000011111100000011111011111011111011111011111011111011111011111011111011111011111100000011111100000011111100000100000011111100010011111100000011111100000011111011111100000011111011111011111
100000011111100000011111011111011111100000100000011111011111011111011111011111100000100000100000011111100000100000011111011111100000100000100000011111100000100000011111011111011111100000100000
100000100000100000011111011111100000100000100000011111011111100000011111011111100000011110100000100000011111100000011111011111011111100000011111100000100000100000100000011111011111011111011111
011111011111100000100000100000100000011111011111100000011110100000100000011111011111100000011111100000011111011111100000011111011111011111011111011111011111011111011111100000100000100000100000
100000011111100000100000100000011111100000100000100000100000100000100000011111100000100000011111100000100000011111100000100000100000100000100000100000011111011111100000011111011111100000011111
011111011111011111011111011111011111100000100000100000011111011111011111011111100000100000100000100000011111011111100000011111100000100000100000100000011111100000100000011111011111011110011111
100000011111100000011111011111011111011111011111011111011111011111100000011111100001011110100000011111100000100000011111100000100000011111100000100000011111100000100001011111011111100000011111
011111100000100000011111011111100000100000100000100000011111100000011111011111011111100000011111011111100000100000100000011111100000100000011111011111011111100000011111100000100000011111011111
100000100000100000011111011111100000100000011111011111011111100000011111100000011111100000011111011111011111100000100000011111100000011111100000100000011111011111011111100000011111100000100000
100000100000100000011111100000100000100000011111100000100000100000100000011111011111011111011111100000100000011111011111011111100000011111100000011111011111100000011111011111100000011111011111
011111100000100000100000100000100000011111011111100000011011011111100000100000011111100000100000011111011111011111100000100001011111011111100000011111011111100000011111100000011111011111100000
100000011111100000100000011111100000100000100000011111011111011111011111100000100000011111011111100000100000011111011111011111100000011111100000100000100000011111011111011111100000011111100000
100000100000100000100000011111100000100000011111100000011111100000100000100000011111100000100000100000100000100000011111011111100000100000011111011111011111100000100000100000100000011111100000
011111100000011111011111100000100000100000011111011111100000100000100000100000100000100000011111011111011111011111011111100000011111011111100000011111011111100000100000100000100000100000100000
100000011111100000011111100000011111011111100000011111011111100000100000100000100000100000011111100000011111011111100000100001011111011111100000100000011111011111011111100000100000100000100000
100000100000011111011111100000100000011111011111100000100000100000011111100000011111011111100000100000100000011111011111011111011111011111011111100000011111011111100000100000011111100000100000
011111011111100000011111100000100000011111011111100000011111100000011111100000100000100000100000011111011111100000100000100000100000100000011111100000100000100000100000011111100000011111100000
100000100000011111011111011111011111100000100000100000011111100000011111011111100000100000011111100000100000100000100000011111100000100000100000100000011111011111100000100000100000100000011111
011111100000100000011111100000100000100000100000100000011111011111011111011111100000011111100000011111011111100000100000011111100000011111011111100000011111100000011111011111011111100000100000
100000011111011111011111100000011111011111011111011111100000011111011111011111011111011111100000011111100000100000100000011111100000011111100000011111011111100000100000100000100000011111100000
011111011111100000011111011110011111011111100000100000100000011111100000100000100000100000011111011111100000011111011111011111011101100000011111100000011111011111100000100000100000011111011110
011111011111100000100000011111011111011111011111011111011111100000011111011111011111100000100000100000100000011111011111011111011111100000011111011111011111100000100000011111100000011111100000
011111011111100000011111011111100000100000100000011111011111100000100000011111100000100000100000100000011111011111100000011111011111100000011111011111011111100000100000011111011111100000100000
011111011101011111100000100000011111011110100000100000011111100000011111011111100000011111011111100000011111011111011111100000100010100000011111011111100000011111100000011111100000100000011111
100000011111011111011111100000011111011111100000011111011111011111011111011111100000100000011111100000100000011111011111011111011111011111011111100000100000100000011111011111011111011111011111
011111100000011111100000011111011111011111011111011111011111011111100001100000011111100000011111100000100000100000011111100000100000011111100000011111100000100001100000011111011111100000100000
100000011111100000011111011111011111100000011111011111100000011111100000011111100000011111011111011111011111011111100000100000100000100000011111011111011111011111011111011111011111100000100001
011111011111100000100000100000100000011111011111011111100000011111100000011111011111100000100000011111011111011111011111100000011111100000011111100000011111011111100000100000100000011111011111
100000100000100000011111011111011111011111011111011111011111100000100000100000100000011111011111011111100000100000100000100000100000011111100000100000100000011111100000100000100000100000100000
011111011111011111100000011111100000100000100000011111011111011111100000011111011111011111011111100000011111011111100000011111011111011111100000100000100000100000011111100000100000100000011111
100000011111100000100000100000011111011111100000100000011111011111100000011111100000100000100000100000100000100000011111011111100000100000100000100000100000100000100000011111100000011111100000
100000011111011111100000011111100000100000100000100000011111100000011111011111011111011111100000011111100000011111100000011111011111100000011111011111100000011111100000100011011111011111011111
100000100000011111011111011111011111100000011111011111011111011111011111011111011111011111011111011111011111011111100000011111100000100001011111100000011111100000011111100000100000100000100000
011111011111011111100000100000011100100000100000100000100000100000100111100000011111011111011111011111011101011111100100100000011111011111100000011110011100011111011111011110100000100010011111
011111101000100000100000011111100011100000100000100000011111100000100000100000100000100000011111100000100000100000100000011111011111100000100000100110100000011111011111100000100000011111011111
011111100000011111100000100000011111100000011111011111011111011111011111100000011111100000011111011111100000100000011111100000011111100000100000100000100000100000011111011111100000011111100000
011111011111100000100000100000011111100000011111100000100000011111100000011111011110100000011111100000100000011111100000011111100000100000011111011111100000100000100000100000011111100000011111
011111100000100000100000100000100000100000011111100000011111100000011111011111100000100000011111100000011111011111011111011111100000011111100000011111011111100000011111011111100000100000011111
011111011111011111100000011111011111100001011101100000011111100000100000011111011111011111011111100000100000011111100000100000011111100000100000011111100000011111011111100000100000100000100000
011111100000011111011111011111100000011111100000100000100000100000100000100000011111011111100000100000100000100000011111011111011111011111100000011111011110011111100000011111011111100000100000
100000100000011111100000100000011111011111100000100000100011100000011111100000011111100000100000011111100000011111011111100000100000011111011111100000011111011111011111100000011111011111011111
011111011111011111100000100000011111011111011111011111100000011111100000100000011111100000100000100000011111100000011111011111100000011111100000011111100000100000100000100000011111100000011111
011111100000100000100000011111011111011111100000100000011111011111100000011111011111100000011111100000100000100000011111100000011111100000100000011111011111011111100000011111100000011111100000
100000100000011111011111011111011111100000100000100000011111011111100000011111100000100000011111011111100000100000011111100000011111011111100000011111011111100000100000011111100000100000011111
100000100000011111011111011111100000011111011111100000100000100000100000011111100000100000011111011111100000100000100000011111100000100000011111100000011111100000100000011111100000100000100000
100000011111100000100000100000011111100000100000011111100000011111011111100000011111100000011111100000100000100000011111011111100000011111100000100000011111011111100000100000100000011111011111
100000011111100000011111011111011111100000100000100000100000100000100000011111011111011111011111100000011111100000100000011111100000100000100000011111011111011111011111100000011110011111100000
011111100000100000100000100000100000100000100000011111011111100000100000100000100000011101011111100000011111100000100000100000100000100000011110100000100000100000100000100000100000100000011111
100000011111100000011111100000100000100000011111011111100000100000011111100000011111100000100000100000100000100000100000011111100000011111100000100000011111100000100000011111100000100000100000
011111011111011111011111100000011111100000100000100000100000100000011111011111100000100000100000011111011111100000100000011111100000011111011111011111011111011111100000100000011111011111011111
011111100000100000011111100000100000100000100000100000100000011111100000100000011111011111100000011111011111100000100000011111100000011111011111100000100000100000100000011111100000100000011111
100000011111011111100000100000100000100000100000100000011111011111100000011111100000011111100000100000011111100000100001011111100000011111100000100010100000011111100000011111100000100000011111
100000100000100000100000011111100000011111100000011111011111011111011111011111100000011111100000011111011111100000100000011111100000100000011111011111011111011111100000011111011111011111100000
100000100000011111011111100000100000011111100000100000100000011111011111011111100000011111100000011111011111100000011111100000100000011111100000011111100000100000100000100000011111011111100000
100000100001011111011111011111011111100000011111100000011111011111100000100000011111011111100000100000100000011111100000100000011111100000011111100000011111011111011111011111100000100000100000
100000100000100000011111011111011111100000100000100000100000011111011111100000100000100000011111100000011111100000011111100000100000011111100000100000100000011111011111011111100000011111011111
100000100000011111100010100000011111011111011111100000011111100000100000011111100000100000100000011111100000100000100000100000011111011111100000100000011111011111011111011111100000100000011111
011111011111011111100000011111100000100000100000100000011111011111100000011111011111011111100000100000011111011111011111100000100000100000100000100000100000011111100000100000011111011111011111
100000100000100000100000100000100000100000100000100000100000011111011111100000100000100000100000100000011111100000100000100000100000100000011111100000100000011111011111100000011111100000011111
100000011111011111011111100000100000011111011111100000011111100000011111100000011111100000100000011111100000100000100000011111011111100000100000011111100000011111011111100000011111100000011111
100000100000011111011111100000011111011111011111100000100000100000011111011111011111011111100000100000011111100000100000100000100000011111011111011111011111011111100000100000011111011111011111
011111100000011111011111011111011111011111100000011111011111011111011111011110011111011111011111011111011111011111011111100000011111100000011111100000011111100000100000011111011111011111100000
100000011111100000011111100000011111011111011111100000011111100000100000100000011111100000011111011111011111100000011111011100100000100000011111011111100000011111011111011111011111100000100000
100000011111100000011111011111011111100000100000100000011111011111100000100000011111011111011111011111100000100000011111011111011111100000011111100000100000011111100000011111011111100000011111
100000011111100000011111100000011111100000100011100000011111100000011111011111100000100000100000011111100000011111100001100000100000100000011111100000100000100000100000011111100001100000100000
100000011111011111011111100000100000011111011111100000100000011111011111100000011111011111100000100000100000100000100000100000100000011111011111011111011111011111011111100000100000011111100000
100000100000011111100000100000011111100000100000100000100000011111011111100000011111100000100000011111011111011111100000100000011111011111011111011111011111100000100000100000100000100000011111
100000011111011111100000100000100000100000011111011111100000011111011111011111100000100000011111100000100000011111011111100000100000011111011111011111100001100000100000100000100000011111100000
100000100000100000100000100000011111011111100000100000011111100000100000011111100000100000011111100000100000100000011111100000100000011111011111011111011111011111100000100000100000011111100000
100000100000011111100000100000100000100000011111100000011111100000100000100000011111100000011111100000011111011111011111011111100000011111100000011111100000100000011111100000100000100000100000
100001011111100000100000011110100000100011100000100000011111011010011111011111100000011101011111100000011111011111100000100000011111011111011101100000011111100000011110011111011111100000011111
011111100000011101100000011111011111100000100001011111011111100000011111011111011111100000011111011111100000011111011111011111100000011111011111011111100000011111011111011111011111011111100000
100000011111100000100000100000011111100000011111100000100000011111100000100000100000011111100000100000011111011111011111011111011111100000100000100000100000011111100000100000011111011111011111
011111011111100000100000011111011111011111100000011111100000100000011100100000011111011111100000011111011111011111011111011111011111011111100000011111100000011111011111011111100000011111011111
011111011111011111011111100000011111011111100000100000011111011111011111011111100000100000100000011111100000100000100000011111100000100000100000100000100000100000011111011111100000100000100000
100000100000011111011111100000100000011111011111100000100000100000011111011111100000100000011111100000011111100000100000011111011111100000011111100000100000100000011111100000011100011111100000
011111011111100000011111100000011111011111100000100000011111100000100000011111011111011111100000100000100000100000100000011111011111011111100000100000100000011111100000100000011111100000100000
011111100000011111100000100000011111100000011111011111100000100000011111011111100000011111100000100000011110011111011111011111011111011111100000011111100000011111100000100000011111011111100001
100000100000011111011111011111100000100000100000100000100000100000011111011111011111100000011111100000011111100000100000100000011111100000011111100000011111100000011111011111011111100000100000
011111011111100000011111011111100000100000100000100000011111011111011111011101011111011111011111011111011111100000100000011111100000011111100000100000011111100000011111011111011111011111100000
100000100000100000011111011111011111100000100010011111100000011111100000100000011011100000011111100000100000011111100000011111011111011110100000011000100000100000011111100000011111011111011111
100000011111100000011111100000011111011111011101011111011111100000100000100000011101100000011111100000100000100000011111100000011111011111100000100000100000011111011111100000100000100000100000
100000011111100000011111100000011111100000011111100000100000100000100000100000011111011111100000011111100000100000100000100000011111011111011111100000011111100000100000100000100000100000011111
100000100000100000011111011111100001011111011111011111100000011111100000100000011111011111011111100000100000100000011111011111011111011111100000011111011111100000100000011111011111100000011111
100000100000011011100000100000011111011111100000011111011111100000011111100000011111100000100001011111011111011111011111100000100000100000100000100000100000100000100000100000100000100000011111
100000011101100000100000100000100000100000100000100000011111100000100000011111100000100000100000011100011111011111011111011111100000100000100000011111100000011111011111011111011111100000011111
100000100000011111011111011111100000100000011111100000100000011111100000100000100000011111011111100000011111011111011111011111100010100000011111100000011111011111011111011111011111100000011111
011111100000011111011111011111100000100000011111011111100000011111011111100000011111011111100000011111100000011111011111011111011111100000100000011111100000011111011111011111100000011111100000
011111011111011111100000100000011111100000100000011111100000100000011111011111011111011111011111100000011111100000011111100000011111100000100000100000100000100000100000011111100000011111011111
011111011111011110011111100000011111100100011111100001011011100000100000100000011111011111011111100000100011011111100000100000100000011111011111011111100000011111011111100000011111100000011111
100000100000011111011111011111011111011111100000011111100000100000011111011111011111011111011111011111011111011111100000011111011111011111011111011111011111011111011111011111011111100000100000
100000011111100000100000011111011111011111011111100000100000011111011111011111100000011111011111011111100000100000011111100000100000100000011111100000100000100000100000100000011111100000100000
100000100000100000011111011111100000011111100000100000011111011111100000100000011111100000100000100000100000011111100000011111011111100000011111100000100000011111011111011111100000011111100000
011111100000100000100000011111100000100000100000011111100000011111011111011111011111011111100000100000100000100000100000011111100000100000100000100000011111100000011111011111011111011111100001
100000100000100000100000011111011111011111011111011111100000011111100000100000011111011111100000011111100000011111100000100000100000011111011111100000100000011111011111100000100000100000100000
011111100000011111100010011111100000100000100100011111100000011111100000011111011111011111011110100000011111011111011111100000100000011111100000011111100000100000011111011111100000011111011111
100000100000100000011111100000100000011111011111100000100000011111011111011111100000100000011111011111100000100000011111100000011111100000011111011111011111011111100000011111100000100000011111
011011011111011111011111100000100000100000100010100000011111100000100000100000011111100000100000011111100000100000011111011111011111011111100000011111100000100000100000100000100000100000100000
100000011111011111011111011111100000100000100000100000100000011111011111100000011111100000100000100000011111011111100000100000011111100000011111100000100000100000011111100000011111011111100000
100000100000100000011111011111100000100000011111011111100000100000011111100000100000100000100000011011011111011111011111011111011111011111011111100000011111011111100000011111100000011111011111
011111011111011111011111100000100000011111011111011111011111011111100000100000100000011111100000011111100000100000011111011111100000011111100000011111100000100000011111100000011111100000011111
100000100000011111011111011111011111100000011111100000011111100000100000100000011111100000011111100000100000100000100000011111100000011111011111011111100000100001011111100000011111011111011111
011111100000100010100000100000011111100000100000100000100000100000011111100000100000011111011111100000100000011111100000011111011111100000100000011111100000100000011111011111011111011111011111
011111011111011111100000011111100000100000100000011111011111011111100000100000100000100000100000100000100000100000100000100001011111100000100000011111100000011111100000100000100000011111011111
100000100000011111011111011111011111011111100000100000100000100000011111011111011111100000011111100000100000100000100000100000100000011111100010100000100000100000011111100000100000011111100000
011111100000011111011111011111100000100000100000100000100000100000100000100000100000011111011111011111100000011111100000100000011111011111100000011111100000100000100000011111100000011111011111
011111100000100000100000011111011111100000100000011111011111100000011111011111011111011111011111011111100000011111011111100000011111011111011111011111100000100000100000100000011111100000100000
011111100000011111011111100000100000011111011111011111100000011111011111100000011111011111100000011111100000100000100000100000011111100000100000100000011111011111100000011111011111100000100000
100000011111100000011111100000011111100000011111011111011111011111011111011111100000100000011111011111100000011111011111011111100000100000011111011111100000100000011111011111011111011111100000
011111011111100000100000011111011111100000100000011111011111100000011111100000100000100000100000100000011111100001011111100011011111011111011111011111100000100000011111011111100000100011011111
100000011111100000100000011111011111011111100000011111011111011001100000100000100000011111011111011111011111100000100000011111100000011111011111100000011111011111100000011111011111100000100000
100000011111100000011111100000011111100000100000100000100000011111011111100000100000100000011111100000011111100000011111011111011111011111100000100000011111100000100000100000100000011111011111
100011011111100000100000100000011111100000011111011111100000011111100000011111011111011111011111011111011111011111100000011111011111011111011111011111011111100000100010011111011111100000100000
011111011111100000011111011111011111100000100000100000100000011111011111011111011111100000011111100000100000011111011111100000011111100000011111011111011111011111011111011111100000011111100000
011111100000100000011111011111100000011111011111011111100000011111011111011111100000011111011111100000011111100000011111100000011111100000011111100000100000100000011111011111100000011111100000
011111100000100000100000100000100000100000100000100000011111100000100000011111100000011111100000011111011111100000011111100000011111100000011111011111100000100000011111011111011111100000011111
100000011111011111011111011111011111100000011111011111100000100000011111100000011111100000100000011111011111100000011111011111100000011111011111100000011111100000011111011111011111100000011111
011111011000011100100000011101100000100000100000011010100000011110011111100000011111100000011111011111011111100000100000100000100000011111011111100000100000100000011111011111100010010110100000
011111011111011111100000011111011111011111100000100000011111100000100000100000011111100000100000011111100000011111011111011111100000011111100000100000100010100000100000011111011111100000011111
011111011111011111011111011111100000011111100000011111011111100000011111011111011111100000011110011111011111011111011111100000100000100000100000011111100000100000011111011111100000100000011111
011111100000011111100000011111100000011111011111011111011111011111011111100000100000100000100000011111011111011111011111011111100000100000100000100000011111100000011111100000100000100000100000
100000100000011111011111100000100000100000011111011111100000011111100000100000100000011111100000011111100000100000011111100000011111100000100000011111100000100000100000100000011111100000011111
100000100000100000011111100000011111100000011111100000011111011111100000100000011111011111011111011111100000011111011111100000011111011111011111011111011111011111011111011111011111011111011111
100000011111011111011111011111100000011111011111100000011111100000100000011111100000011111100000011111100000100000100000011111100000100000100000100000100000100000011111100000100000100000100000
100000011111011111100000011111100000100000100000100000011111100000100000011111011111011111011111100000100000100000100000100000100000100000100000011111100000011111011111100000100000011111100000
100000100000100000100000100001011111011111100000011111011111100000011111011111011111011111100000011111100000100000100000100000100000011111100000011111100000011111100000100000100000100000100000
100000011111011111100000011111100000100000100001100000011101011111011111011111100000011111100000011111100000100000011111011111011100011111100000100000011111011111100000100000011111100000100000
100000100000100000100000100000011111100000011111011111100000100000011111100000100000100000011111011111100000100000100000100000011111100000011111100000100000100000100000011111011111011111011111
011111011111011111011111100000100000100000100000100000011111100000100000100000100000011111100000011111011111011111100000011111100000100000100000100000011111100000100000011111100000100000100000
100000011111011111100000100000011111011111100000100000011111100000011111011111011111100000011111011111100000100000100000100000100000100000100000100000100000011111100000011111100000100000100000
011111011111100000100000100000100000011111011111011111011111100000100000011111011111100000011111011111011111011111100000100000011111011111011111100000100000100000100000100000100000100000011111
100000011111011111100000100000100000011111100000100000011111100000100000011111100000100000100000100000100000011111011111100000100000100000100000011111100000011111011111011111100000011111100000
100000011111011111100000011111011111011111011111011111100000011111100000011111100000011111100000100000100000011111011111100000011111100000100000100000100000100000100000100000011111100000100000
100000100000100000011111100000100100100000100000011111100000011110011111011111011110011111011111011111011111011111011111100000011010100000100000011111011111011111100000100000100000011111011111
011111011111100000011111100000011111100000011111100000100000011111011111100000100000011111100000011111100000100000011111011111011111100000011111011111100000011111100000100000100000011111100000
100000011111100000011111100000100000100000011111100000011111100000011111011111011111100000100000100000011111011111011111011111011111011111100000011111011111011111011111100000011111100000100000
011111100000011111100000100000011110011111100000100000100000011111011111100000100000011111100000100000100000011111100000100000100000100000011111100000100000011111100000011111100000011111100000
011111011111100000100000011111011111100000100000100000011111011111100000011111100000011111011111011111011111100000011111011111011111100000100000011111011111100000011111100000011111100000100000
011111011111011111100000100000011111100000100000011111011111011111100000011111100000100000100000011111100000100000100000100000011111100000011111011111011111100000011111100000100000100000100000
011111100000011111100000011111011111011111011111100000011111011111011111100000011111100000011111011111011111100000011111011111100000100000100000100000011111011111011111100000100000100000100000
100000011111100000011111011111100000011111100000011111100000100000100000011111100000011111011111011111100000011111011111100000100000011111011111100000011111011111100000011111100000011111011111
011111100000011111011111011111100000011111100000011111011111011111011111011111011111100000100000100000011111100000011111011111100000011111100000100000100000011111100000100000011111011111100000
100000011111100000100000011111011111011101100000100000011111011111011101011111100000100000011111100000011111011111011111100000011111100000100000100000011111011111100000100000100000100000011111
011111011111011111011111011111100000100000100000011111100000011111011111100000011111100000100000100000011111100000100000011111011111011111011111011111011111100000011111100000100000100000011111
011111011111011111100000011111011111100000100000011111100000100001011111011111100000100000100000011111100000100000011111100000100000011111100000100000011111011111011111100000011111100000011111
100000100000100000011111011111011111011111100000011111100000011111100000011111100000011111011111011111100000100000100000100000100000011111011111011110100000011111100000011111100000011111100000
011111100001100000100000100000011111100000100000011111011111100000100000011111011111011100011111100000100000011111011111011111011111011111011111100110011111100000011111011111100000011111100000
011111011111011111100000100000011111100000100000011111100000011111100000011111011111100000100000011111100000011111100000011111011111011111011111100000100000100000100000100000100000011111011111
011111011111011111100000011111100000011111011111011111100000011111011111100000100000011111011111100000011111100000011111011111011111011111100000011111011111011111011111011111100000011111100000
100000011111100000011111100000011111100000011111100000011111100000100000100000011111100000011111100000011111011111100000011111100000011111100000011111100000011111011111100000011111100000011111
100000011111011111100000011111100000100000100000100000100000100000011111011111011111100000011111011111100000011111011111100000011111100000100000011111011111100000011111100000100000100000100000
011111011111011111100000011111100000100000011111011111100000011111011111011111011111011111011111011111100000100000100000100000011111011111011111011111011111011111100000011111100000011111011111
100000100000100000100000011111100000011111011111100000100000100000011111011111100000011111100000100000100000011111100000100000011111100000100000100000011111100000100000011111100000011111011111
100000011111011111011111100000100000100000011111100000011111011111100000011111100000100000100000011111011111011111011111011111100000100000100000011111011111100000011111100000011111011111011111
100000011111100000011111100000011111100000100000011111011111100000100000011111011111100000011111011111100000100000011111100000011111100000011111011111011111100000011111100000100000011111100000
100000100000100000011111100000011111100000011111100000100000011111011111100000100000100000100000011111011111100000011111100000100000011111100000011111100000011111100000100000011111011111011111
100000100000011111100000011111100000100000100000100000100000100000011111011111100000100000100000100000011111011101011111011111100000011111100000100000011111011111100000011111100000011111011111
100000011111100000011111100000011111100000011111100000011111100000100000011111011111100000100000100000011111011111011111011111011111011111100000100000100000100010011111011111100000100000011111
011111100000011111100000011111011111011111100000100000011111100000011111011111100000100000100000011111100000011111100000011111100000100000011111011111011111100000100000011111011111011111011111
100000100000100000011111011111100110100000100000100000100000011111100000100000100000100000011111100000011111100000100000011111011111100000011111100000011111011111011111100000011111100000100000
100000100000100001100000011111011111011111100000011111011111100000100000011111100000011111011111011111011111011111011111011111100000100000011111100000011111100000011111100000011110011111100000
011111100000011111100000011111011111100000011111100000100000100000100000011111011111100000011111011111011111011111011111011111100000011111100000011111011111011111100000100000011111100000100000
011111100001100000011111100000011111100000100000100000100000100000011111011111011111100000011111011111100000011111100000100000100000011111100000100000100000011111011111100000100000011111011111
100000100000011111100000100000011011011111100000100000011111100000011111011111011111011110100000100000100000100000100000100000100000011111011111100010100000100000100000100000100000100000100000
100000100000100000011111011111011111011111100000011111100000011111100000011111011111100000011111100000100000100000100000100000100000100000100000011111011111100000011111011111100000011111100000
100000011111011111011111011111100000100000100000100000100000100000011111011111011111100000100000100000100000011111011111011111100000011111100000100000011111011111100000011111100000100000100000
100000011111100000100000011111011111011111100000011111100000011111011111011111100000100000100000100000011111100000100000100000100000011111011111011111100000100000011111100000011111011111011100
011111100011100000100000011111100000100000100000011111100000100000100000011111011111011110100000100000011111011111100000011111100000100000011111100000011111011111011111100000011111011111011111
100000100000100000011111100000100000100011011111100000100001011111011111100000100000100000100000011111100000011111011111011100100000011111011111011111100000011111100000011111011111100001100000
011111011111011111100000100000011111011111011111100000100000100000011111011111100000100000011111011111100000100000100000100000011111011111100000100000011111100000100000100000011111011111011111
011111011111011111100000011111011111100000100000100000100000011111100000100000011111011111011111100000011111100000100000011111011111100000100000100000100000011111100000100000100000100000011111
011111100000100000100000011111011111011111100000011111100000011111011111100000100000100000011111100000011111100000100000011111011111100000100000100000100000100000100000100000100000100000011111
100000011111011101100000100000011111100000011111100000011111100000011111100000011111011111100000011111011111011111100000011111011111011111011111011111100000011111100000011111100000011111011111
011111100011100000100000100000011111011111100000100000100000011111100000100000100000100000100000100000011111100000011111011111011111011111011111011111100000011111100000100000011111100000011111
011111100000100000100000100000011111100000100000100000100000011111100000100000100000100000011111011111100000100000011111100000011111011111011111100000100000100000011111011111011111100000100000
011111011111100000011111100000011111100001100000100000011111100000100000100000100000100000011111011111100000100000100000100000100000011111100000100000011111100011100100100000011111011111011111
011111100000100000011111011111011111011111100000100000011111100000100000100000100000011111011111100000011111011111100000100000100000011111011111100000011111011111100000100000011111011111100000
011111011111011111100000100000011111100000011111100000011111100000100000011111100000100000100000011111100000100000011111011111100000011111100000011111100000011111100000100000011111011111011111
100000011111100000011111100000011111100000100000011111011111100000011111011111100000100000100000011111100000011111100000100000100000011111100000011111100000100000011111100000011111100000011111
011111011111100000011111011110100000011111100000100000100000100000100000011111011111011111100000100000011111100000100000011111011111100000011111100001100000100000100000100000100000011110011111
011111100000100000100000011111100000100000011111011111011111011111011111100000100000011111011111011111011111011111011111011111011111100000100010011111100000100000100000011111011111011111011111
011111011111100000011111011111011111011111100000011111011111100000100000011111011111100000100000011111011111100000011111100000100000100000100000100000011111011111011111100000100000011111011111
011111011111011111100000100000011111100000011111011111100000011111100000011111011111100000100000011111100000011111011111011111100000100000011111011111100000100000011111100000011111011111100000
100000011111011111011111100000100000100000011111011111011111011111011111011111100000100000011111100000100000011111100000011111011111100000100000100000100000011111100000100000100000100000100000
100000100000100000100000011111100000100010100000100000100000100000100000011111100000011111011111011111100000011111011111011111100000011111100000100000100000011111100000100000011111011111100000
100000011111011011011110011111011111011101011111100000011111100000100000100000011011100000011111011111100000011111100000011111100000100000100000100000011111100000011111011111011111011111100000
100000011111011111011111100000011111011111100000100000100000011111011111011111011100100000100000100000011111011111011111011111011111100000100010100000100000100000100000100000011111100000011111
011111100000100000100000011111100000011111011011011111100000100000100000011111011111011111011111011111011101011111011111011110011111100000100000100000100000100000011111011111100000100000011111
100000011111011111011111011111011111100000100000011111100000011111011111100000100000100000011111100000100000011111100000011111011111100000100000100000100000100000100000011111100000100000011111
100000011111011111100000100000100000100000100000011111100000100000100000011111011111011111100000011111011111011111011111100000011111011111011111100000100000100000100000011111011111100000011111
011111100000011111100000011111100000011111100000011111100000100000100000011111100000011111011111011111100000011111011111100000011111100000100000011111011111011111100000100000100000011111100001
100000011111011111100000011111100000011111011111100000100000100000011111011111100000100000011111100000011111011111011111100000100000100000011111011111100000011111011111100000100000011111100000
011111100000100000100000100000100000100000011111100000100000011111011111011111011111011111100000011111011111100000100000100000011111011111100000100000100000011111011111100000100000011111100000
100000011111011111100000011111100000011111011111011111011111100000011111100000011111011111011111100000011111011111011111011111100000100000100000100000011111011111011111011111011111011111011111
100000011111100000011111100000100000100000011111100000011111100000011111100000100000011111011111100000011111011111011111100000011111100000011111011111100000100000100000100000100000011111100000
011111011111100001100000100000011111011111011111011111100001100000100000100000100000100000011111100000011111011111100000011111100000100000100000011111100000011111011111100000100000011111100000
011111011111011111011111100000100000100000011111100000011111011111100000011111011111100000011111100000100000100000011111100000011111011111100000100000011111100000100000011111100000011111100000
011111011111100000100000011111011111100000100001100000011111011111100000011111011111100000100000011111100000011111011111100000011111011111011111100000100000100000100000100000100000011111011111
011111100000100000011111011111011111011111100000011111011111100000100000011111100000100000011111011111100000100000100000011111011111011111011111011111011111011111100000100000100000011111100000
011101011111011111100000100000100000100100011111100000011111011111011111100000100000011111100000011111011111100000011100100000011111011111100000100000011111011111011111100000100000011111011111
011111100000011111100000100000011111011111011111011111100000100000100000100000100000011111100000100000100000011111011111011111100000011111011111100000100000011111011111100000100000100000100000
100000100000100000011111011111011111100010100000100000100000100000100000100000011111100000100000011011100000011111011111011111100000100000011111100000100000100111011111011111011111100000100000
011111011111011111100000011111100000100000011111100000011111011111100000011111100000100000100000100000100000100000011111100000011111011111011111011111011111011111011111011111011111100000100000
011111011111100000011111011111011111011111100000011111100000100000011111011111011111100000100000011111100000011111100000011111100000100000011111100000011111100000011111011111011111011111011111
100000011111011111011111100000011111011111100000011111100000011111011111011111100000100000100000100000011111011111100000100000100000100000100000100000011111100000100000011111011111100000100000
011111100000100000100000011111011111011111100000100000011111011111100000100000100000100000011111011111100000100000011111100000100000011111011111011111011111100000100000011111011111011111100000
011111011111011111011111100000100000100000011111100000011111100000011111011111100000100000100000100000100000011111011111100000100000100000100000100000011111011111011111100000100000100000011111
011111011111100000100000100000011111100000011111100000011111011110100000100000100000011111011111100000011111100000011111100010100000011111100000100000100000011111100000100000100000011111011111
100000011111011111011111100000011111100000011111011011100000100000100000100000011001011101011111100000011110011111011111100000100000011111100000011111011111011111011111011111011111100000011111
011111100000011111011111100000011111100000100000100000011111011111011111011111011111100000100000100000100000011111011111011111100000100000011111100000100000100000100000100000100000100000011111
101000100000100011100000100000011111100000100000100000100000100011100000100000011111100000011111011111011111100000100111011111011101011111011111100000011110100000100000011111011101011111011111
100000100000011111100000011111100000011111100000011111100000011111011111011111100000011111011111011111100000100000100000100000100000100000011111011111100000100000011111100000100000011111100000
011111100000100000011111100000011111011111011111100000011111100000011111011111100000011111011111011111100000011111011111100000011111100000100000100000100000011111100000011111100000100000100000
100000100000100000100000011111100000100000100000100000011111011111100000011111100000011111100000100000100000011111011111100000011111100000011111100000011111011111100000011111100000011111011111
011111011111011111011111011111011111100000011111100000011111100000011111100000011111011111011111011111100000100000011111100000011111100000100000100000011111100000100000100000100000011111011111
100000100000011111100000100000100000100000100000100000100000100000011111100000100000011111100000100000100000011111011111100000100000100000011111100000100000100000011111100000011111011111011111
100000100000100000100000011111011111011111100000011111011111100000100000011111100000100000011111100000100000100000100000100000011111100000011111100000100000011111011111011111011111100000011111
011111011111100000100000100000011111100000100000100000011111011111100000011111011111100000011111011111100000011111100000011111100000011111100000100000011111100000100000100000011111100000100000
100000100000100000011111100000100000011111011111100000100000100000011111100000100000011111100000100000100000011111100000100000100000011111011111100000100000011111100000011111100000011111011111
100000100000011111100000100000011111100000100000011111100000011111100000100000100000100000011111100000100000100000011111100000100000011111011111011111011111100000100000100000100000100000100000
100000100000100000100000011111011111011111100000011111011111011111011111011111011111100000011111011111100000100000100000011111100000011111011111100000100000011111011111011111011111100000100000
011111011111100000011111100000100000100000100000100000100000100000100000011110011111011111100000100000011111011111011111011111011111011111100000100000011111100000100000011111100000011111011111
011111011111011111011111011111011111100000011111011111011111100000011111100000011111011111011111011111100000011111011111011111011111100000100000011111011111011111011111011111011111011111011111
100000100000100000011111100000100000100000011111100000100000011111100000100000100000100000100000011111011111100000100000100000011111100000100000011111011111011111011111011111011111100000100000
011111011111100000100000100000100000011111100000100000011111011111100000011111100000011111100000011111100000100000100000100000011111011111100000011111011111100000011111011111011111011111100000
011111011111011111100000100000011111011111011111011111100000100000011111100000100000100000100000100000100000011111100000100000100000100000100000011111011111100000100000011111011111100000011111
100000100000100000100000100000011111011111011111100000100000011111011111100000011111011111011111100000100000011111011111100000011111011111100000100000011111100000011111100000011111011111100000
011111011101100000011111100000011111011111011111011111011101011111011111011111100000100000100000100000100000100000011111011101011111011111011111100000011111011111011111011111011111100000011111
100000011111011111011111100000100000100000100000011111011111100000100000011111100000100000100000100000100000100000100000011111100000011111100000011111011111011111011111100000100000100000100000
100000011111011111011111011110100000100000100000011111011111100000011111100000100000100000100000100000011111100000011100011111011111100000011111100000011111100000100000011111100000011111011111
100001100000100000100000011111011111100001011111100000100000100000100000011111011111100000100000011111011111100000100000100010011111100000100000100010100000100001100000100000100000011111011111
100000011111011111100000100000100000011111011111100000011111011111011111011111011111011101011111011111100000011111100000011111011111011111100000100000100000100000011111011111100000011010011111
100000011111011111011111011111011100100000011111100000100000011111100000100000100000100000011111011111100000011111011111100000100000011111100000011111100000011111011111100000100000100000011111
011111011111100011011111100000100000100000100000100000011111100000100000100000100000011111100000100000100000011011011111100000011111011101011111100000100000011111011111011111011111100000100000
100000011111100000011111100000011111011111011111011111011111100000011111011111100000011111100000100000100000011111011111011111100000100000100001011111011111100000100000011111011111100000011111
011111100000100000011111100000011111100000011111100000011111100000100000011111011111100000100000011111100000100000100000100000011111011111011111100000100000011111100000011111100000011111100000
100000011111100000011111100000011111011111011111100000011111100000011111011111011111100000011111011111100000100000011111011111100000100000100000100000100000100000011111011111011111100000100000
100000011111100000100000011111100000100000100000011111100000011111011111011111011111011111011111011111100000100000011111100000100000100000011111100000011111100000011111100000100000100000100000
011111100000100000100000011111100000011111011111011111100001011111100000011111100000011111100000100000011111011111011111011111011111100000011111011111100000011111011111100000100000011111100000
011111011111100000100000011111100000011111100000011111100000100000011111011101100000100000011111011111011111011111100000100000100000100000011111100000100000100000100000011111100000011111100000
011111011111100000011111100000100000100000011111100000100000100000100000100000100000011111011111100000100000011111100000011111011111011111011111011111011111100000011111100000100000100000100000
011111100000100000011111100000011111100000100000011111100000011111100000100000100000100000100000100000011111100000100000011111011111011111100000100000011111011111011111011111100000011111100000
100000011111100000011111011111011111100000100000011111100000011111100000100000100000100000100000100000100000100000100000011111011111100000011111100000011111011111011111011111011111011111011111
011111100000011111011111100000100000011111100000011111011111011111100000100000100000011111011111100000011111100000100000100000011111100011011111100000100000100000011111100000011111100000100000
100000011111100000011111100000011111100000100000011111100000100000011111100000011111011111011111011111100000011111100000100000100000011111011111100000011111100000100000011111100001100000100000
100000100000011111011111011111100000100000100000011101100000100000011111011111100000100000100000100000011111011111011111100000011111011111100010011111011111011111100000011111100101100000011110
011111011111100000011111011111100000100000011111100000011111011111011111100000100000100000100000100000100000011111100000100000011111100000011111100000011111100000100000100000100000100000100000
100000100000011111011111100000100000100000011111011111011111011111100000100000011111011111100000011111100000100000011111100000100000100000100000011111011111011111100000011111011111011111100000
011111011111100000100000100000011111100000100000011111011111100000100000011111100000011111100000011111011111011111100000100000100000011111100000100000100000011111011111100000011111011111011111
011111100000100000011111011111011111100000100000011111011111100000011111100000011111011111100000100000100000011111011111100000011111100000011111011111100000011111011111011111011111011111011111
011111011111100000100000011111011111100000100000011111011111011111100000011111100000011111011111100000011111011111011111100000011111100000100000011111011111011111100000100000100000011111100000
100000011111100000011111011111011111100000100000100000100000011111011111011111011111011111011111100000100000100000011111100000100000011111100000011111100000100000011111100000011111011111100001
011111100000100000100000011111100000011111011111100000011111100000100000100000011111011111100000100000011111100000100000011111100000100000100000011111100000100000011111011111011111100000011111
100000100000011111011111011111100000011111100000100000011111011111100000011111011111100000011111011111011111100000100000100000100000100000011111100000100000100000011111011111011111011111100000
100000011111100000100000011111011111100000100000011111011111011111011111100000100000100000011111011111011111100000011111100000100000011111011110011111100000100000100000100000100000011101011111
011111011111100000011111100000011111011111011111100000011111100000011111011111011111100000100000100000100000011111011111011111100000100000011111011111100000011111100000100000011111011111100000
100000010001011111100000100000100000011111100000011111011111100000011111011111011111011110011111011111100010011111011110011111100000011111100000011111011000100000011111100000100000011111011111
011111011111011111100000011111011111011111011111011111100000100000100000100000011111011111100000011111011111011111100000011111100000011111011111100000100000100000011111100000011111100000100000
011111011111011111100000100000100000100000100000011111011111011111011111100000011111100000011111100000100000011111011111100000100000011111011111011111011111011111100000011111100000100000011111
100000100000100000011111100000011111011111100000100000100000011111011111100000100000100000100000100000100000011111011111011111100000011111100000100000100000011111011111100000100000100000011111
100000011111100000100000011111100000100000100000011111100000100000011111100000100000100000100000011111011111100000100000011111100000100000100000011111011111100000100000011111100000100000100000
011101100000100000100000011111100000011111011111011111011111100000100000011111011111100000100000100000100000011111011011100111011111011111100000100000011111100000100000011111100000011111011111
100000011111011111100000100000100000100000100000100000100000100000100000100000011111011111011111100000100000011111100000011111100000011111011111011111100000100000100001100000011111100000011111
100000100000100000100000011111011111100000100000100000011111011111011111100000100000011111100000011111100000100000100000100000011111011111100000011111011111011111011111011111100000100000100000
011111100000100000100000100000011111100000100000100000100000011111100000011111100000100000100000100000011111011111100000011111100000100000100000011111011111100000011111100000100000100000100000
011111011111100000100000011111100000011111100000011111011111100000011111100000100000011111011111011111011111100000011111011111100000100000011111011111011111100000011111011111011111100000011111
100000011111100000011111100000011111100000100000100000100000100000011111011111011111011111100000011111011111011111011111100000011111011111011111011111100000011111011111011111100000011111011111
011111100000011111100000011111100000100000100000100000011111100000100000011111100000011111100000011111011111011111011111011111100000011111100000100000100000100000011111100000100000011111100000
100000011111100000100000011111011111100000100000011111011111100000100000100000011111100000100000011111100000011111011111011111011111100000100000011111100000100000100000011111100000100000011111
100000100000100000100000011111100000100000011111100000100000100000011111100000011111011111011111100000011111100000100000011111100000100000100000100000100000011111100000011111011111011111100000
100000011111100000011111011111011111100000011111100000011111100000100000100000011111100000100000011111011111100000011111011111011111100000011111011111100000011111011111011111100000100000011111
100000100000100000011111011111100000100000011111100000011111011111100000100000011111011111100000100000011111011111100000011111100000100000100000011111011111100000100000100000011111011111100000
100000100000011111100000011111100000011111011111011111100000011111100000011111100000011111011111100000011111011111100000011111100000011111100000011111011111011111100000100000011111100000011111
011111011111100000011111100000011111011111100000011111100000011111011111011111100000011111100000100000100000011111011111011111011111011111100000011111011111100000100000011111011111011111100000
011111100000100000100000100000100000100000100000100000011111100000011111100000011111011111100000100000011111100000100000100000100000100000100000100000100011100000011111100000100000100000011111
011111100000011111011111011111100000100000100000100000011111100000011111100000100000011111100000011111011111011111011111011111100000100000011111100000100000011111100000011111100000100000011111
011111011111011111011111100000100000011111011111011111100000100000011111011111100000100000100000100000011111100000100000011111100000011111100000011111100000100000100000100000100000100000011111
011111100000011111011111011111011111100000011111011111100000011111011111011111011111100000100000011111100000100000011111011111011111011111100000011111100000100000100000100000100000011111100000
011111100000100000100000100000100000100000100000100000100000011111100000011111100000011111100000011111011111100000011111100000100000100000011111100000011111011111100000100000011111011111100000
011111011111011111100000100000011111100000100000011111100000011111011111011111100000100000100000100000011111100000100000100000011111100000011111011111100010100000100000100000100000100000100000
011111100000011111011111100000100000100000100000100000011111011111100000100000100000011110100000100000100000100000100000100000011111100001100000100000100000100001011111011111100000100000011111
011111100000011111011111011111100000011111100000100000011111100000011111100000100000100000011111100000100000100000100000100000100000011111011111011111011111011111100000100000100000100000011111
011111100000100000011111100000011111100000011111011111100000011111011111011111011111100000100000100000100000100000011111100000011111100000100000100000011111011111011111011111100000100000011111
011111100000100000100010100000100000100000100000100000100000011111100001100000100000011111011111011111100000100000100000011111011111100000011111100000100000011111100000100000011111011111011111
011111011111100000100000011111011111011111011111100000011111100000100000011111100000100000011111100000011111100000100000100000011111100000011111100000100000100000100000100000100000011111011111
011111011111100000100000100000011111100000011111100000100000011111100000011111011111011111100000100000011111100000011111100000011111011111011111100000100000100000011111011111100000100000011111
011111011111100000011111011111100000011111011111100000011111100000100000100000011111100000100000011111100000100000100000100000100000100000011111100000100000011111100000011111011111011111100000
011111011111100000011111100000011111011111100000100001100000100000100000100000011111100000100000100000100000100000011111100000011111011111011111011111011111100000100000011111011111100000100000
011111011111100000011111011111100000100000011111100000011111011111100000100000100000011111100000011111011111100000011111011111011111011111100000011111011111011111011111011111011111011111011111
011111011111011111011111100000100000011111011111100000100000011111011111011111011111100000100000011100011111011111011111100000011111011111011111100000100000011111011111011111100000100000100000
011111100000100000011111100000100000100000100000100000011111100000011111011111011111011111100000100000011111100000100000100000011111100000011111100000100000100000011111011111100000100000100000
011111100000100000011111011111011111011011011111011111011111100000100111100000011111011111011110011111100000100000011111011111100000011111100000100000100000100000011111100000100000011110011111
011111011111100000011111100100100000100000011111100000011111100000100000100000011111100000100000100000011111011111100000011111100000100000100000100000011111100000100000100000100000100000100000
011101011000100000100000011111011111100000100000100000011100100000011111011110100000100000100000100000100000100000100000011111100010011111100000011111100000011111011111100000011110011111100000
100000011111100000100000100000100000100000011111011111011111011111100000100000100000011111100000011111011111100000100000011111011111100000011111100000100000011111011111011111100000100000100000
011110011111100000100000011110100000011111100000011111100000100000011111011111100000100000100110011111100000100000100000100000011111100000011111100000011111011111100000100011100000011111011111
100000100000100000100000011111011111011111011111011111011111100000100000100000011111100000100000100000011111011111011111011111100000011111100000100000011111100000011111100000011111011111100000
011111100000011111100000011111100000011111100000011111100000100000100000100000100000100000100000100000011111100000011111100000011111011111100000011111100000011111100000011110100000011111011111
011111100000100000100000011111011111011111011111100000011111011111011111100000011111011111011111011111100000100000100000011111100000011111100000100000100000100000100000100000100000011111011111
100000011111011111100000100000100000011111100000011111100000100000100000011111100000100000011111100000011111011111011111100000011111011111011111100000100000100000100000011111011111100000100000
100000011111100000100000100000011111011111011111011111011111011111100000100000100000011111100000011111011111100000011111100000100000100000100000100000011111011111100000100000011111100000100000
011111100000011111011111011111100000100001100000100000100000011111011111011111100000011111011111011111011111011111011111011111100000011111100000100000011111011111100000011111100000100000100000
011111011111100000011111100000011111100000100000011111011111100000011111100000100000100000100000100000100000011111100000011111100000100000100000011111100000100000011111100000100000011111100001
011111100000011111011111011111100000011111011111100000011111011111100000011111100000011111011111011011011011100000011111011111011111011111011111100000011111100000100000011111100000100000100000
100000011111100000100000011111011111011111011111011111011111100000100000100000100000100000011111011111011111011111100000011111011111011111100000100000100000011111100000100000011111100000100000
100000011111100000011111011111011111100000100000100000100000100000011111100000100000100000100000100000011111011111100000011111011111100000100000011111011111100000100000100000011111011111011111
100000011111100000011111011111100000011111100000100000100000100000011111011111100000011111100000100000011111011111011111011111011111100000100000100000100000011111100000011111011111011111100000
100000011111011111011111100000011111100000100000100000011111100000100000011111100000011111100000100000011111011111100000011111100000100000011111100000100000011111100000011111011111011111011111
011111011111011111011111011111011111100000100000100000011111011111011111100000100000100000011111100000100000011111100000100000100000011111100000011111100000100000100000011111011111100000011111
100000100000011111011111100000100110100000011111100000011111011111100000011111100000011111100000011111011111100000100100011111011111100000100000100000100000011111100000100000011111100000011111
100000011111100000011111100000100000011111100000100000100000011111100000011111100000011111011111011111011111100000100000100000011111100000011110011111011111011111011111100000011111011111011111
100000011111100000100000100000011111011111011111100000100000011111011111011111011111011111011111011111100000100000011111011111100000100000100000011111011111011111011111100000100001100000011111
011111100000100000100000100000011111011111100000011111100000011111011111100000100000011111100000011111011111011111100000011111011111100000011111100000100000011111011111011111100000100000100000
011111011111011111011111011111011111100000100000011111100000011111011111100000100000100000011111100000100000100000011111011111011111011111011111100000100000011111100000100000100000011111011111
011111011111100000011111011111100000100000011111100001011111100000011111011111011111100000011111011111100000100000100000100001011111011111100000011111100000011111011111011111100000100000011111
100000100000011111100000100000011111100000011111011111011111011111100000100000100000011111100000100000011111011111011111011111100000011111011111011111011111011111011111011111100000100000100000
100000011111011111011111011111100000011111011111011111100000011111100000100000100000100000100000011111100000100000011111011111011111011111100000011111100000100000100000011111100000011111100000
100000100000011111011111011111100000100000011111011111100000100000011111011111011111100000100000100000011111100000011111100000100000011111011111011111100000011111100000100000011111011111100000
100000011111100000100000100110100000011111100000011111100000100000011111100000100000100000100000100000100000100000011111100001011111011111100000011111100000011111011111011111011111100000100001
100000011111011111011111011111100000100000100000100000100000011111011111100000011111100000100000011111100000011111011111011111011111011111100000100000011111100000100000011111011111100010100000
100000011111100000100000011111011111100000011111100000011111100000011111100000011111011111100000011111011111011111100000100000011111100000100000011111011111011111100000011111100000011111011111
100000100000100000100000011111100000100000100001011111100000011111100000011111011111011111011111011111011111011111011111011111011111011111011111100000100000100000011111100000100000011111011111
011111100001011111100010011011011111011111100000100000011111100000100000011111100000011111100000011111100000011111100000011111011111100000100000011110100010100000100000100000011100100000100000
100000011111011111011111011111100000100000011111100000100000011111011111011111100000011111011111011111011111100000100000011111100000100000011111100000100000011111100000100000011111100000100000
011111011111011111011111100000011111100000011111011111100000011111011111011111011111100000011111011111100000011111100000011111100000011111011111100000011111100000100000100000011111100000011111
011111011111011111011111011111011111100000011111011111011111011111100000011111100000011111100000011111011111011111100000011111100000011111011111011111011111100000011111011111011111100000011111
011111011111100000011111100000011111011111011111011111100000100000011100100000100000100000100000011111100000100000100000011111100000100000011111011111100000011111011110011111011111011111011111
011111011111011111011111100000011111011111011100100000100000100000011111011111011111100000100000011111100000011111100001100000100000011111011111100000011111011111011111011111011111100000011111
100000100000011111011111011111100000100000100011011111100000011010011111100000011111100000011111100000100000100000100000011111011111011110011111100000100000011111100000011111100000011111011111
100000011111100000100000011111100000011111011111100000011111100000100000100000100000100000011111011111011111011111011111100000011111011111011111011111011111100000011111100000100000100000100000
100000011111100000100000011111100000011111100000100000100000011111011111011111011111011111100000011111011111011111100000100000100000011111011111100000100000100000011111100000011111100000011111
011111100000100000011111011111011111011111100000011111100000100000011111100000100000011111100000011111100000100000011111100000100000011111011111011111100000011111011111100000100000011111100000
100000100000100000011111011111011111100000100000011111011111011111011111011111100000011111011111011111100000100000100000100000100000100000100000100000100000011111100000100000011111011111100000
011010011111011111100000011111011111100000011111011111011111100000100000100000011111100000011111011111011111011111011111011111011100100000011101011111011101100000100000100000011111100000100000
100000100000100000011111011111011111011111100000100000100000100000100000100000011111100000100000011111011111011111100000011111011111100000011111011111011111100000011111011111100000100000011111
100000100000011111011111011111100010011111011111011111100000100000100000100000100000011111100011100000100000100000100000011111100000100000100000011111100000100000011111011111100000011111100000
100000100000100000100000011111011111011111011111011111011111100000100000100000011111011111011111100000011111100000100000011111100000100000100000011111100000011111011111100000011111100000011111
100000100000011111100000011111011111100000100000100000100000011111011111100000100000011111100000011111100000011111011111100000011111011111100000011111011111100000011111011111011111100000100000
011111100001011111011111100000100000011111100000100000011111011111100000100000011111100000011111011111100000100000011111011111100000011111011111011111011111100000100000011111011111011111100000
100000100000100000100000100000011111011111100000011111011111100000100000011111011111100000011111100000011111100000011111100000011111100000100000011111100000100000100000100000100000011111100000
011111100000011111011111011111011111011111100000100000011111100000011111100000011111100000100000100000011101011111100001011111011010100000100000011111011111011111100000100000011111100000011111
100000011111011111011111011111100000100000011111011111011111011111011111011111011111011111100000011111100000011111100000011111011111100000011111011111100000011111011111100000100000011111011111
011111011111100000100000100000100000011111100000100000011111100000100000011111100000100000011111011111100000100000100000100000011111011111100000100000100000011111011111011111100000100000100000
100000100011011111011111100000011111100000011111011111011111100000011111100000011111100000100000011111100000011111011111011111100000011111100000100000011111100000011111011111100000011111011111
100000100000011111100000011111011111011111011111100000100000011111011111100000100000011111100000011111011111100001011111100000011111100000100000100000100000011111100000100000100000100000011111
011111011111011111100000011111011111100000100000100000011111011111100000011011100000011111100000100000100000100000011111011111011111011111011111100000011101011111011111100000011111100000100000
100000011111100000011111100000100000100000100000011101100000100000011111011100011111011111100000100000100000100000100000100000100000100000100000011111011111100000011111100000100000011111011111
100000100000100000100000011111100000100000011111011111011111100000100000011111100000100000011111100000100000011111011111100000100000011111100000100000100000011111100000011111011111011111011111
011111011111100000011111100000100000100000011111011111011111100000100000100000100000011111011111100000011111011111011111011111100000011111100000100000011111100000011111100000011111100000100000
100000100011011111011111100000100010100000100000100000011111011111011111011111100100011111100000100000100000100000011111011111011111011111011111011111011111011111011111011111011111100000100000
100000100000011111011111100000100000011111100000011111100000011111100000100000100000100000011111100000100000100000100000011111011111100000100000100000100000100000011111011111100000100000100000
011111011111011111100000100000100000011111100000100000011111011111011111100000011111011111100000100000100000100000100000100000100000100000100000100000011111011111011111011111100000011111100000
100000100000100000100000100000011111100000100000011111011111011111011111011111100000011111100000011111100000100000100000011111100000011111011111011111100000100000100000011111100000100000011111
011111011111011111100000100000011111100000100000011111011111011111100000011111100000100000011111011111011111011111011111011111011111011111011111011111100000100000100000100000011111011111100000
100000011111100000100000011111100000100000011111011111011111011111100000100000011111011111011111100000011111011111100000011111011111011111011111011111011111011111011111011111011111011111100000
011111011111011101011111100000100000100000100000011111100000100000011111100000100000011111100000100000100000011111100000011111011111100000011111100000011111100000100000100000011111100000011111
011111100000100000100000011111011111011111100000100000011111011111100000011111100000011111100000100000011111100000100000011111100000100000100000011111011111100001011111011111100000100000100000
011111011111100000100000011111011111100000100000100001011111100000011111011111100001011111011111011111011111011111011111100000011111011111011111011111011111100000011111011111011111011111100000
011111011111011111100000100000011111100000100000100000011111011111100000100000011111100000011111100000011111100000100000100000011111011111100000011111100000011111011111100000100000011111011111
100000011111011111100000011111100000011111011111100000011111100000011111100000011111011111011111011111011111100000011111100000011111011111011111011111100000100000100000011111011111011111100000
011111100000100000011111011111100000100000100000100000100000100000011111100000011111100000100000011111011111100000011111100000100000011111100000100000011111100000011111011111100000100000100000
100000011111011111011111100000100000011111011111100000100000011111011111011111011111100000011111011111100000011111011111100000011111100000011111100000100000100000100000100000100000011111100000
011111011111011111011111011111100000100000011111011111011111100000011111100000100000100000100000100000011111100000011111100000100000100000011111011111011111011111100000100000011111100000100000
100000100000100000100000011111100000100000100000100000011111100000100000011111011111100000011111011111100000100000011111011111100000100000100000100000011111100000100000011111011111011111100000
011111011111100000100000011111100000100000100000100000100000100000011111100000100000100000011111011111011111100000011111100000011111011111011111100000100000100000011111100000100010100000100000
100000011111100000100000100000100000011111011111011111011111011111100000100000100000100000100000011111011111100000100000100000100000011111100000100000100000011111011111100000011111011111011111
100000100000100000100000011111011111100000100000011111011111011111011111100000011111011111100000100000100000011111100000011100011111011111100000100000100000100000100000011111100000011111100000
100000011111100000011111011111100000100000100000011111100000100000011111100000100000100000011111100000011111011111011111011111100000100000100010100000011111100000100000100000100000100000011111
011111100000011011011111011111100000100000011111011111100000011001100000011001100000011111100000100000011111011111100000100000100000100000100000011000011111011111100010100000011111100000011111
011111011111100000100000011111011111100000011111011111100000011111011111011111100000011111100000100000011111011111100000100000100000100000011111100000011111100000011111011111011111100000011111
011111011111011111011111100000100000100000100000100000100000011111011111011111011111100000011111011111100000011111100000100000100000011111100000011111100000100000011111100000100000100000100000
011111011111011111100000011111011111100000100000011111011111011111100000100000100000011111100000011111100000100000011111100000100000100000011111100000100000100000011111011111100000100000100000
011111011111011111011111100000011111100000011111011111100000011111011111100000011111011111100000100000100000011111011111100000100000100000011111011111100000100000011111011111100000100000011111
011111011111011110100000011111011111011111011111011111100000100000011111100000100000011111011111100000011111100000011111011111100000011111011111011111011111100000011111011111011111011111100000
011111100000011111100000100000100000011111011111011111011111100000100000011111100000100000011111011111100000011111100000100000100000011111100000100000011111100000100000011111011111011111011111
100000011111100000100000011111011111011111100000011111011111011110100000100000100000011111011111011111100000011111011111011111100000100000011111011111100000100000011111100000100000100000100000
011111100000100000011111011111011111011111011111100000011111100000100000100000011111100000011111011111011111011111011111011111011111100000011111011111100000100000011111011111100000100000011111
011111100000100000100000100000011111100000011111011111100000100000100000011111100000011111100000011111011111011111100000011111011111100000011111011111100000011111100000011111100000100000011111
100000011111100000100000011111011111100000011111100000100000011111011111100000011111011111011111100000100000100000100000011111011111011111011111100000011111100000011111011111100000011111011111
100000011111011111100000011111100000100000100000100000100000011111011111100000100000100000011111100000011111011111100000011111011111100000011111100000100000011111011111011111011111011111100000
100000011111100000011111100000011111011111011111011111011111011111011111011111011111011111100000011111011111100000100000011111011111100000011111100000011111011111011111011111100000100000011111
100000100000011111011111011111100000011111100000100000011111100000100000011111100000011111100000100000100000011111100000011111011111100000100000100000100000011111100000011111100000011111011111
011111011111011111011111100000011111100000100000011111100000100000011111011111011111100000011111100000011111100000011111100000100000100000100000100000011111100000100000011111011111100000011111
100000011111100000100000100000100000100000011111100000011111100000100000100000011111011111011111011111100000011111100000011111100000011111100000011111011111100000100000011111100000100000011111
011111011111011111011111011111011111100000011111011111100000011111100000100000011111100000011111011111011110100000011111011111100000100000100000011111011111011111100000100000011111011111100000
011111100000011111100000011111011100100000100000100000011111100000100000100000100000100000011111011111011111011111011111100000100000100000011111011111011111100000100000100000100000011111100000
100000100000100010011111011111100011011111100000011111011111100000011111011111011111100000011111100000011111100000100000100000011111100000100000100011011111011111100000011111100000100000100000
100000100000011111100000100000011111100000100000011111100000100000011111100000011110011111011111100000100000100000011111011111011111100000100000100000011111100000011111100000100000011111011111
100000100000011111100000100000011111011111011111100000011111100000011111100000100000100000011111100000100000011111100000100000100000011111100000100000100000011111100000100000011111011111100000
100000100000011111011111011111100000011111100000011111011111100000011111100000011111100000100000100000100000011111011111011111100000011111100000100000100000011111100000100000100000011111100000
100000011111100000100000100000011111011111011111011111011111011111100000011111011111100000100000011111100000011111011111011111011111100000011111011111100000011111100000100000100000011111100000
100000100000011111011111011100100000100000011111100000100010011110100000011111011111100000100000011101011111011111011111011111100000011111100000100010011111011111011111011111011111011111011100
011111100000100000011111100000011111011111011111100000011111011111011111100000011111011111011111100000011111011111011111100000100000011111100000100000011111100000100000011111100000100000011111
100000011111100000100000011111011111011111100000011111011111100000100000100000011111011111011111011111011111100000100000100000011111011111011111011111011111100000011111011111100000100000100000
100000100000100000100000011111011111100000011111011111011111011111011111100000100000100000011111100000100000100000011111011111011111011111100000011111011111011111011111100000100000011111011111
100000100000100000011111011111011111011111011110100000011110011111011101011111100000100000011111011111011111011111011111100000011111011111100000100000100000011111011111011111100000100011011111
011111100000100000100000100000100000011111011111100000100000011111011111011111011111100000011111011111100011011111011111011111011111011111100000100000011111011111100000100000011111100000011111
100000011111100000100000100000011111100000100000100000011111011111011111011111011111011111011111011111011111100000011111011111011111011111011111100000011111011111100000100000100000011111011111
100000011111100000100000100000011111011111011111100000011111100000100000100000100000011111100000011111100000011111100000100000100000100000100000100000011111100000100000100000100000100000011111
100000100000100000100000100000100000100000100000011111011111011111100000100000011111100000100000011111100000100000100000100000011111011111011111011111100000011111011111100000100000011111100000
100000011111011111100000011111100000011111100000011111011111011111100000100000100000011111100000100000100000100000011111100000100000100000100000011111100000011111011111011111011111011111011111
100000011111011100100000011111011111100000011111100000100000011111011111100000011111011111100000100000100000100000100000011111011111100000011111100000100000100000100000100000100000100000100000
100000100000011111011111100000100000011111011111100000011011100001100000100000100000100000100000100000011111100000100000100000100000100000100000100000011111100000011111100000011111100000011111
100000011101011111011111011111100000100000100000011111011111011111011111100000100000100000100000011111100000100000011111011111011111011111011111100000011111011111100000100000100000010110011111
100000011111011111100000100000100000011111011111100000011111100000011111011111100000011111100000100000100000011111100000011111011111011111100000011111011111011111011111011111100000100000011111
100001011111011111011111100000100000100000011111011111100000011111011111100000011111011111011111100000011111100000100000011111011111011111100000100000011111100000011111100000011111100000011111
011111100000100000011111100000011111100000011111100000011111011111100000100000100000100000100000100000011111011111100000011111011111100000011111100000011111011111011111100000011111100000011111
100000011111011111100000011111011111011111011111011111100000100000100000011111100000100000100000100000100000011111100000100001100000100000100000011111011111100000100000100000011110100000100000
011111011111011111011111011111011111011111100000100000011111100000011111100000011111100000100000011111100000011111011111100000100000100000011111011111011111100000100000100000011111011111100000
011111011111100000100000011111100000100000100000011111011111011111011111011111100000100000100000100000100000011111011111100000011111011111011111100000011111100000011111011111100000100000100000
100000011111011111011111011111100000100000011111011111011111100000100000100000011111100000100000100000100000100000100000100000100000011111011111100000100000011111011111011111100000011111100000
011111100000100000100000100000100000100000100000011111100000011111011111011111011111011111011111011111100000011111100000100000100000011111100000100000011111011111100000100000100000100000011111
011111011111011111011110100000011111100000100000011100100000100000100000011111011111011111011111011110100000011111011111011111100000100000100000011111011111100010100000011111100000100000011111
100000011111011111011111011111011111011111011111011111011111011111100000011111011111100000011111100000100000100000100000100011100000011111100000011111011111100000011111100000011111011111011111
011111100000100000100000011111011111100000100000100000011111100000100000100000011111011111100000011111100000100000100000011111100000011111011111100000011111011111100000100000011111100000011111
100000011111011111011111100000011111011111011111011111011111100000011111011111100000011111100000100000100000100000011111011111100000100000100000011111100000100000011111011111011111011111100000
100000011111011111100000011111011111100000011111100000011111100000011111011111011111100000100000100000011111011111011111011111100000011111100000100000011111011111011111011111011111011111100000
100000100000100000100000100000100000100000011111011111011111011111100000011111011111011111011111100000011111100000011111100000011101011111011111011111011111011111100000100000100000011111011111
100000011111100000100000011111011111011111100000100000100000100000011111011111100000100000011111100000011111011111100000100000100000100000100000100000011111100000011111100000100000011111100000
100000100000100000100000100000100000011111011111011111100000100000011111100000100000011111011111100000011111100000011111100000011111100000100000100000011111100000100000100000100000011111011111
100000011111011111100000100000011111011111011111100000011111100000100000100000011111100000011111100000100000100000100000011111011111011111100000100000011111011111011111011111011111011111011111
100000100000100000011111100000100000011111100000011111011111100000011111011111100000100000011111100000011111100000011111100000011111011111011111100000011111100000100000011111011111011111100000
011111011111011111100000011111100000100000011111011111011111011111011111011111011111100000100000100000011111011111011111011111100000011111011111011111100000011111011111011111011111011111011111
011111100000011111011111011111011111100000011111011111011111100000100000100000100000011111100000100000011111011111100000100000011111100000011111011111100000011111011111100000011111011111100000
011111011111100000100000100000011111011111100000100000011111011111011111100000011111100000100000100000011111100000011111011111100000011111100000100000100000100000100000100000011111011111100000
100000100000011111011111011111011111100001100000100000100000100000011111100000100000100000011111011111100000011111011111100000100000100000100000100000011111011111100000100000011111100000100000
100000011111100000100000100000011111100000011111011111011111011111100000011111100000011111100000100000011111011111011111100000100000100000011111100000011111100000100000100000100000100000011111
100000011111011111100000011111100000011111011111011111011111100000100000100000011111100000100000011111011111100000100000011111100000011111100000011111100000011111100000100000011111100000011111
011111100000011111011111100000011111011111011111011111100000011111100000011111100000100000011111100000100000011111011111100000011111100010100000100000100000011111100000011111100000011111100000
100000100000100000100000011111011111100000011111100000011111011111100000011111011111100000011111100000100000011111011111100000011111100000011111100000100000100000100000011111011111100000100000
011111011111100000011111100000100000011110011111100000011111100000100000011111011111011111011111100000100000100000100000011111011111011111011111100000100000100011011111100000100000011111100000
100000011111011111011111100000100000011111011100100000100000011111011111011111011011100000011111100000100000100000011111100000011111100000011111011111011111011111100100100000011111100000011111
011011010001011111100000011111011111011111100011100000100011011111100000100000011101100000100000100000100000011101011111011111100000100000100000011111011100011111100000011111011111011111011111
100000011111100000011111100000011111100000011111011111100000100000011111100000011111011111011111011111100000011111100000100000011111100000100000100000100000100000100000100000011111100000011111
100000011111011111100000100000011111011111100000011111011111100000100000011111011111100000100001011111100000011111011100100000011111100000100010100010100000100000011111100000100000100000011111
011111100000011111011111100000100001011111100000100000011111100000100000100000011111100000100000100000011111100000011111100000100000011111100000100000100000100000100000100000100000011111100000
100000011111100000011111011111011111100000100000100000100000100000011111100000100000100000011111100000100000011111011111100000011111011111100000011111011111011111100000011111011111011111100000
011111100000011111100000100000100000011111011111100000100000100000100000011111100000100000100000100000011111011111011111100000011111011111011111011111100000100000011111100000100000100000011111
011111011111100000100000011111100000100000100000100000100000011111100000100000011111100000011111100000100000011111100000011111011111011111100000100000011110011111011111011111100000011111011111
100000100000100000100000100000100000100000011111011111011111100000011111100000011111100000011111100000100000100000100000011111100000011111011111011111011111011111100000100000100000011111011111
011111100000100000011111100000011111100000011111100000100000011111100000100000011111100000011111100000011111100000011111100000011111011111100000100000100000100000100000100000011111011111011111
011111011111011111100000011111011111100000100000011111100000011111011111100000011111100000011111100000100000011111011111011111100000011111100000011111011111100000011111100000100000100000011111
011111011111011111011111100000011111100000100000100000100000100000100000011111100000100000011111011111011111100000011111100000011111100000011111100000011111100000100000100000100000100000011111
100000100000100000100000011111011111100000100000100000011111100000100000100000011111011111100000011111100000011111011111011111100000100000100000100000011111100000011111100000100000011111100000
011111011111100000100001011111100000100000100000011111011111011111011111100000011111011111011111100000011111011111011111100000100000100000100000100000011111100000100000011111100000100000011111
100000100000100000011111100000100000100001011111100000100000100000011111011111011111011111011111011111100000100000100111011111011111100000011111011101011111011111100000100000100000100000100000
100000011111011111100000011111011111011111100000100000011111011111011111011111011111100000100000100000011111100000100000100000100000100000011111011111100000011111100000100000100000011111011111
100011100000100000011111100000100000011111011111100000100000100000011111011111100000100000100000011111100000100000011111011111011111011111100000100000011111011111011111100000100000011111100000
011111100000100000100000100000100000011111011111011111011111100000100000100000011111100000100000100000011111011111011111100000011111100000011111100000011111011111011111100000011111100000011111
011111011111011111011111100000100000011111100000100000011111100000100000011111011111100000100000011111011111100000011111100000011111100000011111011111100000100000011111011111011111011111100000
011111100000100000100000011111100000100000100000100000100000011111100000011111100000011111100000100000011111100000011111011111011111100000011111011111100000011111100000100000011111100000011111
