110001001110010010001111110011001011101111101110001011110001001110001111001100110100001100001011110000001101001110001111010010110001001101101110110010010001001111110001110100110101101101001111
110110111000110010001001001000110001001010110010001110110101001110110110001001110111110101110100110011110001110101001011001110110010110010001011110110110011001100001100110111110011001001110111
110010110110001011110101111000001101001110001001110001001010001100001001001001001001001010000110001000001001001011000111001101110100001101110111001110010000110100001111001100110001001101110010
110010101111001110110011001010001100001011001110010000010000110001000100001111001100001110001011110010110100110111110011001101001100001101001101001110001011110011010000001110010000110010010001
101111110011110000001101110011110001001010001101001100110000110010010000110100001011110101001101001110001100001011010001001101001100110110001110001100110011110100110100110110001100110001101111
110110001001110110110011110101001010001011001000001101001000001000110100001001110100110010010100001010110011110011110100001010000111000110001001001010001100001010110011001001001000110011000101
110001001110010001010000110011110001001110010000001110101111110100101110101101010000110010001101110010101110001011110001001111110001010011110100001100110001101111111000110110110001001110001101
110101001010110101001010101110001011001101110011001110110101001110001010001011110001001011001111110110110101110001001101001100001011001011111000110100110110001010110011001000010000001010110100
110110000111110100001000001011110110110110000101110100111001000001110110110110000111001000110110001001001100110100001011111000001000110111110111110110001000000111110110110100001001001010001000
110100001101001111001100001010001011110110001011001000110010110001001101001001001100110111110101110000000010110111001100001110110011110001001110001100110101001010001011110001110110110100001011
110101001010001010111000110110110100001101001100000111110110001011000111000111001100001000001010110011110010110101110011001000110011110011110010110100111000110110001001001000001001000111110111
110001001011001011001011111000001001001100001101001011110001110101110011001011001101110010110010110010001110110111110100110100110110110011001001001011001101110011110100001111001110001101110001
110011110000001100001111001011110010110010110000110000001110110011001000110001001001001111001110001100001111110101010000111011110110110000101110001100110000110011001101110011001000110000110101
110110001011001000001001001011110110001001001000000111110110001110111100110011001010110110111011001001110111110100110011110101111001000011110111110110000111001001111001001001001010110111000111
110100110110001101001001110000001010001110110000110011001011110010110100110101001000110100110010110011001010110101001101001101110111110011001010110000010000000100001100111001111011001011110000
110100001100001001110101110000101111101110110010001011110011001000010000110010001110001111001110001011001100110000001101110000010001001010110101101101110010001011001001001101110001110101101111
111000001010001100110010001100110001110001001011001101110001110011110111001110001110000111001101110110001010110101110101110111001100001111110011110101110100110000110111110010110010110001110011
111001001010001010000110110100001100111000001001001001110111001100110010000100001010001001001001110100110110000110110110001111000111110110110111111011111001110101001010110110110001001001110111
110000110110001011110001110010001101110101110010110011001111110101001101001101001001001101110010110011101111110100110010110011110101001011001011001100110010000110001100110010110100001111001100
001110010000110101110101101111110010001100001101001011110001010001001101110000001111001011001011001011110010101101001010001100001010110010001110110011001110010010001011110101001110001111110100
101010101100001111001011101110101111001110001111001100110001110000110111001100110001101111101011001101110101110000110010101111110001110101001110001101001101110011101100101110010000010000110000
001011110011110010110100110110110100110111110101111000110000001011000111001010001100110100110100001110001001001101110100101111101110001001001010110110110101001010110100110011110111110011001101
110100110101001110110010001000001100001010110100110110110110001110110100001001001000110100001100001000111000110111110100001000001110111000001001001000001011111011001001001101001000110011000110
110101110011110001110011001010110101010000010000001100001011001011001101110000101110110100110011001001110001001110001000110011110011001011001111001100110001001100001001110011110100110010001101
001001001001001000110011110111001000110110001011110101111010110101110100111000001000110101110001110110110110000111001011110111111000001101110011001011111001110110001000001011001001110100001011
001100110011001100001111110110000111001010110100110110110000000111001110110010001101110100001110110011110001110001001100110011110001001101001111110010001101001100110010101111010001110010010001
110011001110001101110100001110001100010100110010001100110001110011001101110100110110001000001011001101001010111010001101110011110010001011110001001100001110101111001011010010010010001011001110
110000110100001101010000110100001110001111110100001101110010110100110000001100001100101101001000001010110001001110001101110011010000010001001111001011001101110001101110110010001000101101001101
111001110011001000001000000111110101001010001011111100001011001001110001001000110100001100000111110110110010110101001100110011000111001011001001110001110100001010110100001001110010110000110110
001100001011110010110100001010001101110110110101110010001100001101110101110010110101000111001100001011111000110100110100110010001011110101001000001010110110001110110101110101110101110101010001
001011110011001110001101001111110001110011110001001101101111110000010000110010110011001101001100110010001110001010010000010000110001110011110000001101110000001111001110101110101101111101001011
010000110010001100001101001011001100110101110011110101110110110001110011110100001011110110110011110010110100110010110000110010001000110011001110110100001101110100110100110100001010001101001100
001110110010000000110110001001111000110100001000001011001010001010001110111010001010110100001101001011110011001011001101110111110110111000111000001000001100110010110110110101001000001101110110
101110001101101111101110110110110011010001110010001010110011101111110011110011110010110101110000110010001111110101110011110000101101110001001011110011001110001100110000001100110100001011001110
001000001100110001000100001110110001001111001110110000110010110010001101001100001011010001110100110011001111110111110001001100001110010000110100001110110001010100010001001111001110001101110100
001100110110001100110001001000110011001100001001110000001100001110001001110010001011110010001001001001001010000111110010001110110100001101110010111000110011001001001101110110110001111010001101
010000001110001110010000010001001110001100101110101111001110010000101101010011101111110010001111101111001101010000001011001110110001110010110011010001010000110100110100010001110001001111001001
110100001101001011110100001110001110110010110100001011001101001101001011110001110101001101001011110011110011110000001111001010110111001101110001110110001001110101110111110101110100001010001100
110011001100110001001001101111001110001111001110001100010001110010110001101111001110001110110011110110101111110000110010001100101110101110010000110010010000010011101111110000110001010101101111
110010001011001101110100001101110010110011001110001001110000110010110010001110110100110001110010001111001110001101110101110001110011110100110011001110110010110101010001001010101111001110001100
001011001011010000001111110101110000111000001110110011001011001110001111101110001111001011001101110011001011101100111001001110110011101110110101001011001011001111001110101110110000110011001101
001010001101001110110111110000110101010010101111110101001100010001110111110100001100001110001101110101110011001100010000001100110001001101110000001111110100001001110011101111001100110100110010
001001110111001010110100110011110101001001001110001011110100001001001100110010110101001010110100001001110010110010110011001110001100001110010000001111001100110010110100010000001011001011110011
001011001011110100001101110011001110001001110011001010110000001011001111001011110100001100110101110111110110110111110000001101001111110101101111101111110010001010110001110010001111110011110100
001100001010001010110110110100110011001011110001110011110011110011001100110100001100110101001010001101001010001010001010110101001111110100001011110101110000010000001011001100001010001101110011
001101110111001100110011110001110100010001110100001100001111110001001010110010110010110101001110110001111001001000101111000111001100110001001100110011110100110011110001110100001001110010111000
001100110001001111010000110100001110110001001010001010001010001101101110110100001110001111110000110011001101110000001111001101110101010000110100010000110100110010110011001111110010001011001010
110100001001001100110111001000110110110110110011101111001010001110110001110100110001110100001100001101110100101111001001111000001110110101001011001010110001001101110100001100101111110000001100
001011001110110001010000001111110010110100110000110010110001110011101110001111110100001100110000110011001101010001001100110101110010001110010000110101110011010000110010110100001100001101110000
110011001100001100001100110000001111001100101101110010101101110010001101001110110011001011110010001010110010001011110000110010001011001101001011110010010000101111001110101101110100001110110011
110010001010001110001100001010001110101111001100110100001011110001001101110001110100110011001010010000110010110001110110110011001111001100110000110110001110010000001001001000001110001010110010
110011110010110000110011110001110001001110101110110100110010010000110001110100001111110010010000001110001110110000110101001101110011001101101111101111001011110010001111001111010000110001110010
110100001001110010001011110100110101110011001011001001001010001111001001110011110010001101110110001011110101001011110111110100001000110100110100001101110010101111001100000011001010110101001011
001111101110101111001111110010110000010000010000101100101111101110101101110001010000010000010011101110101111001111001111010001101111110000000011101110110001101111101101010010010011010000110011
001010110101000110110100000111001000001001110110001100110100110101001001110110001000000111001011110110110111001011110011110110110111001000110110110000111001111000001011110101001101001010000101
001101110100110010110011001100001001001001110011110100001100001101001101001100110101001000001010110111001101001011001011001010001010010011110011001001110100110100110011001100111000001101000111
101111001111110000110010001111001110110010001011001011101111001100110001110001001100010001001110001100110011110100010000010010110001101010001110110011001110010001110010110110110000001101101111
001011110110110011001001110111001100001010110010110110110101110101110101110100001100001010110111111000110001110101110101110100001001110100000101111000110010001010110011111000001100110111110010
110011110000000111001001001010001100000110110110110101110101110101111111110110001111000101110101001001110111110001001010110100001001001010000100001000110100001100001010001011001001110011001010
001101110010001010001101110001010001001101110011001111010011001100001111001011010000110011001100110001110001101110110000110100001111001111101101001101101111001101001100110010001111001011001101
001110110100001011110101110100110010110011110001110001110100110000110000110011110010001101101101001110101111001010001100110001010011110000001011110011010000110000111100001110110001110000110011
001010110011001010110001110101101111001011001100110101110111110101110000110101001100001010001110110011001110001001110101110100001000001110001101110001001011000010110011110000110101001110001011
001101001010001110101110110010001100001101001100110011110001001101110011110001010000101110001111001011110100001011110011110000110010010000101111001110001011001111001110110000110010110010110001
110001110011001111010000001101001010110000110001001011110010000101001100110001110100001101110000010001110000110000001111101111110100110010110011110000110010110001110011001010001111001011010000
001011110000010000001011001011110100001101001100010001001100001110010001110011001010001100110010001011001101110100001100001011001001001110001101001111110101110000001010110011110001001100110000
110110110100110101110111110011110001001001001101001011110110101111110111110010001011001001001001001010110101110010001101110111001101001100001101000110110001000110001001110011110111110101110001
010001110011001010110011110000101110110110110011110000110001110000001110110011010011101110001100111000001101001101110011010000001101110011001100001100110000001011010000110000101111001011110100
110101001111000101110001110111001100000110001100000110110011001011110000110100110110001010110011111010001101001011001100110001001011001010110011110100110011001101110010001011001010110011110110
001100001011001011110011110001001110001110101101110010110010001100110100001101110100001100110010101101110001001110010010110001001110111010001100001001110010110100110010001100110000001010001101
001110001110001010110011001110001100001111110011001111001100001111001010101100110001110001110001001110001111101111110010110101001011110000001100110011110010001100101111110010000100110000101110
110101001000001010001010001110001101110010110111001101110001111000001011001001110000001101001100110100111001110001001011010001110011110011001101110111110100001101110101001100110100110101001000
000111111011001000001101111001001010001000001000111010110111110101110111000111001100110101110110001110000110110101110101110110000110110100001010001010001011110101110111110101001010110011001000
001011010000001011001100110101001110001101110010001100110000001100001111001100110001001101001100001110001010001100110011110000001101001011110001110111110011001101001001001100001100110010001111
101111001111110010110001010000010000001011110010110100001100001000001110010001001101001110110010110010110010110011110011001011110101110100001010110010110010001001001110001101001110001001001111
001101110000001011110000001111110001101111001100110010110101001100001011010000001110010000110010001101110100110010001010001010110001110011001101001100110010110010110011001010001011001110001100
010000001110110011110011001110001100110000110000001001001110001100110010001110110010110000001110001100001100110001110100110010110000110101110010001000110000110010001101010000110001010000001111
110010110010001101110100001110001011110011110010010001110011001100110001010000001111001100001101110011110010001110001011001010001110001111110000001111001110001011001011101110001010110001001111
001100001101110000101101101110110001001100001100001110110111010000110010110100001100001100110001001011001100001101001010110011010000010010001111001110110001110010010000001101001010001101110011
110000001111001101110010001010001110000111001111001100110011110011110101110110001011110100001011110001110101010000001010110100001100110011110101001000110011001101110011110100110001001101001001
000110110110111100110011001001110101110010110101110100001000111000110111110010110011110010001001110111001000000111001000110100001100110110001010111001110111001000000111001000001001110110001000
110011110101001100110010101101110101110100001011001111001011110101001100010000010011001110110000110001001110110100110001110010101101001010110001001001110010110000001011001110001010101111101100
110101110010001011001101110010110001110010110011110011110010001100110011110111110111001001001111001011001010111101110011110100110010001010101111110010110011001001001100110101001101110001001101
110101110010001101110011110110001010001111001000110100110010001010001101110011001010001100001010001111110100110010001100110101110100001110110101110110110110001011001010110000110101001011001100
110011110010110000001101001101110100110110001010001111110011001010110001110000001001110100110001001100110010110010110101001110010011001110110001110010001101110101010010110000001011001001110001
001001110101110100110000001110110100111001001011110101110111110110110100110101001100001100110101001100001101110100110101110101110110110011110011001101001011001101110011110100110110110010110100
110101000111110100001101110010110000111011110001110010110010110100001100001010110101001100110110001010001011001100110010001101001010110010001011110100001001010000001110110010110011001011010000
001110110010001100110011110011110110001010110101110011001010110010001110111000001110110110110100110010110100110101001100001100001001001010110101110111110101110100110101110011110011001101010000
110001110011001100001011001100001010110011110010110100001110110100001101110101110011001100001111110111110100110001110101001111101110001100110101010000110011110101001101001000001101110011110001
001100001101001110110011110101110100110010110111110100111000001111001111001110001001110001110101110011001100001000001101010000001100110100001010001111001110110100001101000111001011010010001111
110101110110110100000011101111001100001100001110110011110101110011001101110001110010110001110110001100110011110001001100110011110101110010000111001011010001001101110100001001001100001110110101
001101110001001111001110001100110010110101001000001110110001110010001101101110001111001110001110010011001100001111110011110001001100001011001101001111001110001011001101110010001101110001001110
001101110100110100001110110001001100001110001011001101111000001111110101110101110100110011001000110100001100110101001110110011101101001110110100110100001011110011001101010010110100110110111011
001110001011101111110001110011110000001001101101110010110010110100110001101111110000110001110010110001110010101111001100110010001100010100110001001110110010001101110011001111010000001101010000
110101110011111000001000001101110010001100001111001011001101001100001111001100110011110010110001110011101110110110010000001011101111110001001101110010110011110011110110101111001101010000110100
110111001011000111000011111001001010000101001001000110111010001000000011001001000101000101111001001000001001000100001000110101110111000110001000001000001000111010111010000100001000111000111010
110010001001110001010001001111110001001101110011110011101111110100110011001100110000001110110101110101001010001101110011001100110101001100001110001110001101001110110011110010001101110010001001
110000101111001101001101001100110000001001110001001101001100110001001010110010101111010001101111001101001011110010001111110010001100001110110010110100001011001011001101001101110100001100110011
110101001101001000001010001010001011001010110010010000110001001010110100110011001100001100110101001011110000110110110110110010001101110101001100110011110110001001110101110001001100001010110100
110010110101110100001110110001110010001100101101001101110011001010001110110001110000110110110000001001001101110001010001001100110011001101001111110011001011110001110100001110001010001001001100
110101001101101111110101110100001111110101001011001100001000001000010000001100110001110010001011001010001110010000110100110100110001110011001101110101110010110101001010110110110001001101001101
001010001001110110001000001000111000110100001011001010001001001011110011001001110101000100001010110010001001110010110100001101001011110100110111001001110110110110110100001001110101110110110011
110100110101110100001011001010110111110101110100110101001100110100001011000111110110001011001110001100110010001000110111110111001101110101001101110001001010001011001100001010110010001011110101
110010000111001100001101110111110011110101001000001100110111110100001111110010110110001100110101001111001010001110111000001010110010001010001010110010110010110010001101110001001110110010001010
001010001100110011110001110011110100001100001111010000110101110000001010110101001111010000110011110011001100001011110101001101110010110100001110110111110001001101001000110011001100001110110100
001010001111110100110001110001010010101111101111001101001100001111001111110010001110001010110010110011001111001111001101101111010001001010110001001010110101001100001100110001001000001101001100
001100110010001110001100001100110100001010001010110100001001111000110010001100110111001111110101001011001001001010110100111000001011110001001100010001110101110011001110000111001010110101110100
001100110010001110110000110100110100001110001100001111001101001110001100110000110011110001110001001101110001001111001101110001010010001101001001110011111000110001110001001110110010110010001100
110110001011001110001100001110001011001011001101110100111010001011001110010001010000110101110001010000110100001110001101001110001010001110101111001010001100001110001001001101001011001010110011
001010110110001100110101001100001101001010110010110011001101001100110010000011110100001011001011001001001001001001001001110101001100110110001011001011110101000111001110110101001010001000001010
101110110001110001110101001010110101001011001101001011001110001110110000110011001011001010001101101101110110010000001101110000000110110001101111110011110011101111001100001110110001110001110001
110001010001010000101111001101010001001110001101001110001111110100001010001101110011110101001100101111101110001110001110110001010001110000110100010000001111001101001101101011010000010000110010
001111110001110000001100001001001001001101001011001101110100110101001100110101001100110000001101001101101111001111010000110010010000110100001110010000001101101110001111110101001110001100110011
001011001101001001001110110111001010110110001010110111110011110010110110110010001001110011001011111111110100001100001000110101001001001010110100110010110100110011001011110110110101110101001100
010000001110110010110000010000001101110110001101001110001010110010110010101111001111110010001010110000110100001111110010001101001001110001001101110110001110001011001001001011110000110010001101
010000010011110010110100101111110011001101110000001111110011110000001111001001110010101111001111001110001110110010001111001110110110001101110100001110110100110110110001110101010001001100010000
001111001010001100110100110100101111001100001000001101001011110100110101010000001010001011110010001011101110001100110010001101010000111001001100001110001101110001110011110011001011101110110010
001110001011110001010000001111110100110010110101001001110110010001001011110100001110010000001100110010001011001001001011001101110100110000001011001100110000110011110010110101001001001101110010
110100110011110000010000110000001100001001001100001100110010110100001111110001110000110101010010001100110010110100110010010100010000001100001100001010001111110011001101001100110001110010110011
001010010000001011001101001110010000001110010010001100010001110011101111001001001100001111001011001110101111001100001100001101010000001101110100001100001010110010101100001111110011001100110010
001011111000110011110001001011000110101110110101001011110101001001110100001010110100001011001001110110001001001011001100111000110101001111001100110100001011110000110100001110110101001010110001
010001001100101111110001001011110011110001110011001110010000001100110000110000110101110001001111001100110010001101001100001100001010110011110000110110110001110001001011001101110000110011110001
101111001101110000110000110010110000111000010001110001101110110000101100101100110000101111110010101111110000101110110101010000110011001011110000001100110001001110001101110011110100110011001111
001010110000001100110010001110110100110101110101010000110011001100001100001100110101001101110011110011110011001110101110110100001011001100110011110100001110110101110100110101110100001101001111
001101110101001001110010101111110000001100001110001100110010110011001101001011110010110010110011110001001110001100110011110011110011001011110100001011001011110110001100110000110000001100110100
001111110011001110110011001100110010001110010110001101101111001001110110110010001100001111001101110001001111110101010010001100001101001110110001001100001010001100001011110001010000001100001101
001110110001110100110101001010001101110111110001001110001011110001110101001011110011110011001101000111001011001101001110001100001101110110110100110110110100110100110011001000001111110010001100
001011001010110001001100001111110011001010001110001110001110110011110010001101110001001010001101110000110001110011001101001110110011101101101101110000101111001101001110001101001011001101110101
010000110001110000001111010000001111010000101111110100001100110101110010110100010000010010110001001101001110101111110010010100001110110000110001101101010001010010001110001111010001101101001100
000101001101001011001000001010110110110110001001001000110111001000001010110001001010001010110101001001001001000100110010001001001011110101110110110101110011110011001001001000000111111000001010
001011001010110011001011001100001011001010110100000111110011001010001110001010110011001111110101001001110110110101110101110111001000110111001100111011001010001010110010000111001010001001001100
001111110011001011001100101110001001010100001100001011110001110000110101110010001011110011110110001101110001110100001010001011110011111000110010001100110011000111110000110110110101001010110010
110000001101110011001011101110110010001111001111110000101111001111110001110010110010001010110010101111001101101101110100110011001101110010110001110011001111110010110000110000110101101111001110
001011110010001011001001001011111000001010110100000111001000110100001011001011001010110110001100001000110111110100110010110101110000001100001111001101001100110101001001001001110011110011110101
110101110100001101001010110110110100110110001000110011001100001011110010001100111000110101001011110100110011110100110101110110110100110111001001110110001010110100110100110101001010110110110101
110101110010110010110001001010110011110011001011001011110001110100110111110000001011001010000111110010001001001010001101110111001011001100001010001000001100001100110011110100001010001011001010
001011001101110100110000010000001011110101110100001101010000001000110100110101001101001010110010001110110101010000001011110110110100001100110010001100001000001011110010001011110010110100001100
110101110001001100110110001111101111110100010001001001101110001011001100110101110000110001001111001111010000010000001110110010110001110011010001001011001111110010010010001011101111010000010000
110011001111110000001111001101101111010001110100110011001101001111110001110010001110101111001111001101101101101111101110110001101110110011001101110010001111110011001101001110110011110010001100
001111010000101111110001110001001011001111001101001011001101001011110000101110101111001101110011001101110010001011001110001111110010001110110000001100110010001101110001110011110100001100001001
110101110100001101110001110100000110001100001010001100110100110110110010111000110100110011110010110100110011001110000111110100001101110100001001001011110011001010110011111000110111110011001001
001100111111001001110011110111111101001100001011111000001001110100001001001011110100001100110101001101001010110100001001110011110101110011001011110001001011001011110010001101110111111000110101
001111110011001101110011001110110000110010110000110110110011001001001010001101110111001011110110001110001101001001110100001000110011110110001100001010001001110100110100001110001000001011001110
001011110010001001111001001011110101001111110100001100000110001010001100001010110001110101000100110101001100001000001100001100110101110010110110001101110001001001001010001010001100001001110001
001100001101001011110001110011001100110011110111110101001011110000001001001100110011110010110011001100001010001000101110110011110110110011001001110100110101001100001010110100110011001011110001
000110001000110111001000001011111000111000000111110110110110001001111000001100111000001011001100110101110000110111110111001000000101001010000110001000001010000110000111000111001001001011111000
001110101110010001001111010010010001010010010010001100101110010001010010101111001110010011001111101101110100110001110000101111001100001101010010110011001110110001110000110001101110010010101100
001011001100110010110100110001001011001001110010001101001001110101001100001110001011110010110110001100110110110101110010110011001100001100110011001110110001110000110011101111110110001010110010
110110000101110100110011111000001001001001110100111100001011111000110110001010110101110011001000111010001010110110110110110100110110001100001010111000001001110111110111110110001000110011001010
110010101111110011001010001101110001001011001111110010001111001101110000110011110100110100110001001001110010001100110010001010110000001110001110010001001101001100001100110010001110110010110001
111000110000110001110100001100110101010001111000001101110011000111001010001010111001110011111011001010001110110100001101001010001010110101110101110110000101110100110101001111110011001011110001
001111001100110100110101110010110001110001001110110101001010001101110010110011110100110001110010110110110010111000001011110010110011110010110001110010110001110011101111110101110100001101001110
001101110100001011001010110000110110110110110011001011001001110110110001110010001111101111110011110001001111001101110010001101001110001100110100001110001101001101001101001011101111001110010000
001100001010001100110101110001001100110100001010001010110101110011001101001000110110001011001110001010001100110110000111110110111000001010110110001011001010110111110010110101001011110101001000
110001001101010000010000110100000111001100001101110000010000110001110100110001110001110100001101001100001101001011010001110001001110001101001101001111110010001110110010101111110100110100001111
010010001110001110001100101101101111101111101101110000010000110000001100010000110001101101001110101111010001101111010010010010001110101111110000001111010000110001101101010010010001010000001110
110001001110110101010010110011010000001110010100101111001100101101001110110000110100110101111010010010110001110011110001010000001101110001001101101111010000010000110000110010001100110100110010
001001001110001010110011001110001111110011110001001011001111110001110011111101001011001001110001110100001010010000110010001011110110010000110000110101110110110010001110110010010001001110110011
110010110011110100110100000011001010010000001011001100110100001001001110001110110111001100001110110010010000001110110001110011110100110110001010110011001001001100010001001110001010001110001111
010000110001110011110011110001001110001001001111001001001111110010110000001011110001001011010000001111110010110011001010001110110010001110101101010000001001001111110011001111110010110001001101
001000001101001011110111110011001100001001110101110011000111001011110101001010001100001100001000111000110111110101110111111010110010110110110011001010110111110110001010110111001010111000110101
110101111000110010110011001000001110110010110100110101110110110100001110001100001010110100001011110011001011001011110110110100001101110010001001110101001110000111110101001011110101001101110101
001000001011110100110101111000111000001010110101001011110011001011001000001001111001001100110001001100001001001011001111110100001101110101111000110010001101000110110100001011110010110111110101
110111001010001110001010001010111000000110001010001010001011001100110101001001001101110101111000001101000111110101001010111000110111001011001011110110000111001110110100110111110110110010110101
110010101111110010001111110011001111001101010000110011110011110000001101001111001011001010001110001111001111001100001100010000101111001111001110101111010011110001001111001011001110110010110010
001100001101101111110011110101110100110011001010001100001011001110110001110100110011001110110001001110001100001110010001001010001111110011001100001101001011001101110010001100001111110000001110
110100001100110010110100110011001101001011001100001010001011001001001100001001001100110101110101110101001111110110001001001011110101101111000111101110001110001011001010110011001101110000110100
110000010000001111010001101110101111001101001001101111110000001111101110101101101111110010110011101101010000110000110000010000110000110000101111110000001100010010010001010001101010010001010001
110001001110110001110100001011001101110000110110110010001110110000110011001011110101110010001100110001001101001101001110001110101110001110001110001001110010110000001010110010110100001010010001
001000110011001010101110001010110101001101101110110010110011110010110010110110001110001011110011110000001101101111110010110010001001001011110011110011001100001011110011110100110101110001001001
110011110101001100001100110110110100001001010001110100110000001001110011001001001001001000001101001011110011001111110101010001110011110010110100111000010001001100110011110000001101001100110011
000110110100001100000111111000110110110110001011110100111000110001001000000111001001110111111000110110110101001101001010110110001000110101110101001000110100110111001000111000110100001011001010
001101110000001100110010001011110010000110001111001001001111110010110100001011001010001000110011001010110100001000110100110100110110110011000110001101110011001010001010001010001010110011110101
010010110011010000001110001011101110001110110100101100001001101111001100110001110101110010110000110010110110110010010000110010101111110110110000110011110010001010010011101111110011001110001011
110100110001001101110010110000110000001111001111001100001110110010101101110011110001001111101110001010001101110000101111001011110011010010110100110001110000110011101110110000001101110000001111
110001001001001101101110110000001111110010110100110100001011110001110010110101001110110110101111001001110011001100110110001011110001001101101111001110001110001111110001110100001101110100010001
110001001000001110000111001100001010001000001100001011110000001110001010110010001101110100001011110011110101001100101111001000110100001100111000110000001011001011110001110111110001001011110110
001110110100101101110010110100101111001101110010110110001101001010110001001110110011001111001101110011110001010000110010110000010000110011110011001111101011010010110010110010110000001111110001
111000101101110101001001110010000101001011000101110101000100110111110111000100111010000111111001111000111010000110000101000111000101110100110110000110001001000110110101111001001010110000000111
110110110011110011001100101111110101101111001110001111110000001011001110001101110101001001001111110000001110101111110010101111001101110100001011001100010101001111001100110100110001001100110000
101111110010110110110010101110001100110000010000110001101111010000110011110000110000001101110010110001110010110100110101001100001101001010001100110100001001001011110001110000001101001100101110
110011001010110011001100110110001100110011110111110101110110111000110010001100001101001011001010111000110011111000110010110111001010001000001011001001110110001001110111001001001000001001001011
001001001101110110110011001000001011001100110010110011001101110101001010001010001011101111001010110100001111001011110011001101110111001010001011110011001100001000001101001011110110001101110100
001110001100001010111000001010110100000111110001001011110100110101001001001001110100110100110110110111001111110110110010001010110100110100110111110111101111110010110111110100110011110111111000
001010110001110001110100110111001101110010110011010001110100001110001011110000001101110100001101110000001011001110001111110011001110010001001011001010001101001011101111001111001111001101001110
000111110111111001001010110110000111001011001001001011110110000111001100111000110011110100110101000110000101001011001011001010001011001000000111110111001001110101110111001100001010110110001001
001101010000001101001011001110110010110011001011110000110010001111110011110010110101110101001111110011001010001010001101001110001100101111010001110010001010110010001010001110001011001011001101
001010110100110010001101110100001011001000001111000110110010110100111001110100001110110100001010110100001100001011110000110011110011110111001001001100110101110111001010001000110010001011001010
001011000111000111001000000111110100001010110110110010001101001010110100001100001100001000110100110101001011001001001011001000110011001101110011001000001010001010010000110001110101101111110100
110000110011110010110001001010010000001011001010001111110011001011001101001000001100101101001011101110110001110001001110110111010001001110010000001111110000001111001110110101001110010000010000
001011110101110000001101001111110011110001001101001101101111001101110011110010110011001100110100110011001000001110001110001110001100010000001011001110001111110001010000110011001010001011001011
110110110011001101001101001011001001110101110000111010110011001011001101110010110111000111111010110111110101110110001001001000110101110111110110001000001010001010001100001001001011001010111000
001100110101110011001010001001001010110010001100001100110000001010001011110100000110001101001000001110001100110100110111001011001101001000001100111001001011110100110100110100001010110101001001
001010110110111000001011110110111011110111110110110100001100110101001001111010000110110110001000001010001001110111110111000110110111000111001001001001001100001000001011001011111010000111001000
001010001100001101110001001110001110001110001101110010001011100111110000110011110000110100110101110011110010110000110100001100101010001100010000110010110101101111010001001011010000110100101111
110110110100001000110011001000110111001000110110001001001101111000111000001100001001110101001011110001001100001101110101110011110110001010111000110110001011110100001001000111001001111000000111
010000110000001001110001010001001100001011110011010001110010001000110000110010101111010001001111001010101111110001101110110100110101110010010001110010110010110010110000001101110110001101001111
101100001011110010001100001110110000101101010000001110001110110010110000010011001011110010001111001101001100110001010001001111001101001100110000001101001110101101001110110000001111110000001110
110011110011001011001100101111110101001111001100001100111100110010001101110001010010110010110001110000110011001101110010110010101111001100001101110100110011001100110011001100101101001101001110
110101101110101111001101001101110000001001001100110100110000110001010001101111001101001101001011110011001001001111001011010000110001001111110100110111110000001011110011001011001010001101001011
110011001010110011001101110101110001110011110100001111110010110010110100001110110011001110110010110100110100001101110100110101001111001011001110010000110001110100110101001000001101001101001001
001001110000001010110010110000001011110001001110110011001110001110001011101110001100110001101111110000001010110010110010001100001100101101101111001111110011110011010010101110001110110010101111
110011001000110100110001110011001011110010001101110100111000110100110100110100110010001011001010001011110110001010110110111001001101110010001101001011001101110010001100001100110010110100001011
001110110100001110001110110011101111101101010001001111110011110011101101110010001110001110110101001111110000110010110001001101110011001111001101001111110001110000010011001111010001001101110011
110100110100110010110010110100001011001011001101110101001100110100110001001011110110001010001100001000110100001010001100110101110000110011110011110100110010001011110011001101001101001110110101
110011110001110011001111110001110110001011001011110010001101001111110011110100001110001100001011110000001110001100110110001010001101110000001101001110111001101101110000001011101110001011110010
001011001101010000110011110100101111110100001110110011001101110100001100110010001110110101101101110011001101001110001101001100001100110010110010110010001111110010001100110011001100110110001100
110011001101000111000111001000110111001000000111110100110010001000001001110100110110110101110110001000001010110111111000110111110101110111111011001000110110001000110101110110001001111001001100
110010110011110110001100001111101111001111010000110100001110110010001011110100110011001111001100110010010001110011001110110001110010110010101110001110001100001100001001001011001110110001110110
110010110010110111001101110000001101101111110101110011001101110101110101001111001101110100110011001110110010001011101111110010110101110000001100110100110100110010110001110011001101110101001110
001101110101001101110011001010110001001010110001001110110110001101001010001110110111001100110010001010110000110000001011110100001011110100001101110011001010110010110101001100110101001010110110
001100110011110100010000110001001001001100001101001101001110001010111000110001110010001011110001110010001100110111110101001100110010001010001011110011110100001100110110001110001100001010001011
110110110011110110001101110100001110001101110100110010001101110110110001110100110010110011110001110110001010001101001011001100110100110000110000110101110011110011001101110001001101110101110010
001110001001001011001011110010001100110010111010001011001011001011110000110011001100110010001011001001001010110001001011000111110100001100001110001001110100001100001010110011001001110100101111
001101101001110011110011000111010000001101110000000110110010110100001100110001001110001101010000110000110010101111101111110001001010001011001100110001110001001100110010001010110011110101110100
001100101111001110110110001100110011001101001110110011110101001101001110110110110001010000110011110011001100001011110001001011101111001100110011110010110100001000110010001011001000110000001100
001011001100001000110110001111110000001011110001001101001101110100110001001100001101000111001110110010110110001001110010001000001110110100001001110111001100110000001011001011110001101111110100
001011001111110011001100110111001000001010000110010000001100001101110100110001001010001000001001001100110010111001101111110011001011110100001001001010110101110101001011110011000110110100110110
001101110000001110110001001010110010001101110101001101110010001111001111110100110101010001001001001001101111110000110001110011110011110000001011010001001010010011110100110101001110001010110011
110111001011110101001010110001111000110000001101001100110100001100110100110110001001001010001100110011001111110101001010110110001100001100110100110011110000001100001011110010110011110010110011
001011001000000111110011110100001111001000000101001010001100111001001010001011001011000101110111001011110111001001001001110110110110001011110100001010110111110110110101000111110110000011001000
001010001110010001001010110101110110110101001101110101110101001001001101110011001000110011110101110110110011110011110101111001001011001000110010001011110010001100110011001001110001110111001100
110111001010111000001111110010110101001100110010001100001101001110010000110101110101001101110110110100110011110011110011110111001000110101000110110011110110110101001101001101110101001110001100
110001010000001011101111001101110010010010001010010000001111001101110010110001110100001010110000110011001010110001001011010001001101110010001110010000001101110100110100001111001011110100110010
001001001001110110001100001011101100110101001010001101110101001011110100110001110011101110001011001011001010001000001110001100001101110110110011010000001100001011001010001100001011001100001011
001110001100001010110001110011110011110011001101110100001001110010001011110011110100001101110001001101001001001011001100000111001010001101001011110100111001001010110011110100001011110010001110
001100101111101111110010110000010000010001001110001111010000001100110001110010110100001100001011001110001101110001110000110101001100110010010000001110110000110010001010101100010000001111001110
001010110110001001001000110111110011110101001111110100001001111000110011110011001011001001001111001000110100001010001001001010001010110001110000110100001011001011110100001100110001110111110000
110010010001001111001100110001001011001110001011110011001101010010001010110100110111101110001011001001101111111000001101110001001001001011110101001101110001110000110011001000110010110010110101
001001001111001001110111001110001011010110110011001011001100110011110101001101001010001010001100110110001010110011110110101110001010110101111000110000001101110011001000111100110011010001001010
101110110000110101001111001110110011110001110001001110010000001101110000101100001110001100110010110011010001001010001011001110110011110001000100001111110011001000001111001110110010101111110001
110101110110110011001010111001110011001110001011001101001100110100001011001001110010110001110100001101110111001000001011110011110000001110001011001010001001110100001011000111001110000101110101
110100001100001101001101110101110100101111001110110111001010110000111000000111001101001101110010001010110010001100001011111000110100001100001101001011001101001001001101001101001100001101110100
001111110000110011001110010000110000001001110101001110110111001100110011001100110001110101001001110110110011110101001110110001110111110110110010110001001100110001001100110001001010110100110011
110110001111010000001010001111101111110100001101001111000111110011001110010001001100001101001100001011101111001101110100110010110010110101110101110001001110101110010011001101110000001000101111
110000001110001010001101001110110001001100001110001101001101110101010000010000001110001110101111110010001011001101110010010000110000110110110001001110010000010010101111110010101111001011001111
110010110010001000110011001110111000001111001011001001110100001100001011001110001100010000110000110010001010001110001100000111000111110110001100001011110011010001001110001010110100110111110100
110100001001001100110100101110110010110100001110001100110000001001001111010000001110110000110111001011110101110101001100001011001110110011110111001010110010111000000010001100110010110001001010
110011110011111000001010001010110100001000110011001100110100001100001011110100001010001100001110110010001010001011110010110001001100110011001100110100001011111010001010001100110110110101110100
001010110111001011110011001001110101001011001011110101110110000111110111110110001010001100001001110011001010110111001100001000001001110010001010101111001010001100110110001010110100000111111000
110011110011001111110100101101001100110100001010010000001110001101000110110010101110110100001010001001101111001011001111110110110000001110110001010001001111001110001011001101001011110000110000
110000001100001001010000110010010000010001101101101110110000110011110001010000001100110010110010101111101110110011110001101101110001001100010010110011001000001101001011101111101111101111110000
110100110001001001110100110110111000110100001001110011110011001010001010110111110011001110001011110011110110001011110000001110001101001101001110001010110100110101110111000110001011110011110011
110011110010110101001010001101110000001101110000110010001101110001001010110011110011001001001100110110001100110001110010110100001011001000110101110011001100001001110000001101101111110111001100
001111110001110010110001001110001011001010110010101111110000110001110100110000001101001100101111001111001011110100001011110001101110001100001001001111001011110010001100001110001100001100001111
001011001001000110001000110010001101001011001101001011000101001100001001110101001010110100110111110011001110110111110100110111010000110101000110001100001100111000001101001010110111110100001001
001110101011110001101100110011110001110000110011001110110010001011001110001010110011001100110010110101001110110101001010101110001011001000001100001010110000001101110001110001111011110000001101
001000110100110101110010001100110111110100001011001100001010110010110110111000101111001100001100001001110100110111110110110011111000001100001100001100001100001100001101001100110110001101111000
111011000101001011001001110101000110110111111000110111001011000101000111110101110101110110111001110111110000110101110100110011110111001000000101001000000111001001111000110101001010000110110011
010000110011110100110000101111110101000111001001110011001101110011110001001110001100001100110101001101001101110100001110110001110100001101001001001111001101001011001101110011001101001101110001
001111101111110010001110001100001111010010001100110001001110001100010010110001110101110001001100110001110001110101110011001100110010110010110011001111001100001110001001110001110000001011110000
110000001100110011001101110001001010110010001100101111001011001100001000101110001111110001110010110011001110110000110010001111110000001101001111110010110010111000001011010000001100110001010001
001110110011110011001100110011001110110100110010001000001011001100101101110101001101001110110010001101110011110101110001001111001100001101110110110011001010110100110011001100001011101111001110
110010001011001111001110001101001111001111110000001100001011101111110110101111110011110011010000110011110010000110001101001100110010110110001011001011001100110001110010001000001011110001001101
001101110010110100001011111001001001111000110000110001110100001110110111001100101111110001110100001010110101110100110010110101001100000110001110001001110011110111110011110001110010110111110110
001111101101010000110011001111010010001110110010010000110000001110110001001001001101110010110011010000110001101101110001001110110010010011101110110001010010010000001111010000001110110011010001
110110110001001000010000001100110100110011110100101110001110001100001000001100000111000101110011001110110011110000001100110010001100001011001001110101001111110010110001001001001101110101001011
110101110111110100110110001010001011001010110100001101110100110001001011110010110110001110110000001011001001001101110101001011111000110111001111001010110110001111001100110110000110110101001100
110010110001001101001000110001110010001101010010001101101111110010001110110011101111010001001111101110001011110111111011001111101111110001110101001110001100001100001111001001001100110011110110
110010001001001101110010110100110010101101001011110100110100001000001111110001001111001100110101110110001101001110001101110011110001110011110001110001101110110100010000001110001001110011001110
110010110101110110001101001000001001010100111010001001110110110100110110001100001011110110001000110111111001000111110010001000111000110011001100001001110100110011110100001000000111110111110100
110101001010101110001111001010110010110001110100110011001011001110001001001001001100110010001100001100001110110001110010101111001100110000110110001101001110110100110011001010001101001110001101
000111001000000100110110110111111110001011000110000110000101000001000100000111110110000100000101111000000101111010111011110111000111000011111001000101000100001010111000111011111001000110001001
110010110001110001010001110011001111001111110000001011110101110001010000110010001111001011001001001001001101001110110011001010110001110011110010110001101111101111110011110001110001001111001100
110011110110010000110001110001110010110101010000110110001111001011110100110101110010001100001001110001001110110101001101110001001101001010101110001101110101001010110110110010110011110011101111
001101110011110100110101001100110101110100001110101110001101110101101110110010001100010000001110001110110010110100001011001001001010001111001011001010110010000111001011110100110001001101001100
110110001000001001000110110100110100110101000110001001110110110011001010001100001100001010110101110011001001001010110010001001001100110110110111110010110010001010001001110111110100110100001101
110001110011110100110010001110001011001010110010001011110011001110110110110000001010001111001011001011001110110010110001001111001110001011001101010000110011110110110100001100001110000111110010
110100110001001111001011001100110011010000110010001111110101110010001101010001001110110001110010010001110011001011110010010011010001110010001110010000001011110011001101001110010000110110110011
001011110110110111110111001010111001001010110101110011001011001000000111000011101111110101110110001011110100110101111010001000001011110101001001110110110111110011111001110110110111000110110100
110011001011110100110100001101110100001100001010001010110101110011110011110011110010001011001101001010001011110111110010110010001011001001110100001001001011001001001100001001001000001001110011
001011001011001101001001001001110010001001001100001001001010001100001000001101110110001010110100111000110110000111001100110100110011111000111000001001101111000100001001110110110100111000111000
001001001100110110000111110111001100110110001010110101001010110101111100110101001001110101111001111010001011010000000111001001001001001011110111110111001001001011110111001000001001110111001010
101111010001001011110011010000110000101110110010010000110010010001110100110010001101110000110000101101001011110000110101001101110000001101001110001110001111110000001010110100010001001011001100
001101010000001111010000101111001100010001001010010000101101110000010000101111001110110011001101001110010010110000110011001101110011001101110010001101110100110101001100110001010010110010110000
110101110101110001110111110100110100001011110111001100110101001011110111001001110100110010110010110100001011001101110010001011110111001011001001000111110110000110001011001000001000110111110011
001101010000101111010000001111001011001111001111001111001100001110110010010000001111101111001110001110001110101100110000001110001111010001101110010011010011010010101100001111110010110010110010
001001001000001000001100110000110101110100001010110100110100001011001101110100001010001011110010001110001001001100001111001011110110001011110111001011001100110011110100110011110101001100110010
110101110010001101001100001110110110001111001011001111110001110101001101110001110010010000110100110010001100110010001011110011000111110101001010001110110011001010001001001001101101001010001011
000111001010000111110011001011001111110100110110000111000111000111110111001001001100110101000110001101000110110111000111000110001011110011110101001100001001111011001001111001001010111000110011
001100001001111000001011001011110100001100001100110110001010110011000111001010001001001111101111001100001011001010110011001101001011110011110011110010110011001100001000001101001000001101000101
001111001100001100001111110010110111110010001001110011110101110100110100110000110011001011110011110011001100001000010001110101001010111000110111001100001001110110110010110010110100001000000111
110010110011001010110100001110001110000101001011001011001100001001001101101100110010110001001011001011110000110000110100110001110001110001001011010001110110001100001011110110001110110011101111
110010110000110001110011101111110010001110110010110011101101001101110100001100110010101111101110110001001100101111110001110000101010010000001110110100110010101111101110110010110001110011110010
001011001111001100110010001100001011010000110011001011001011110000001110001011001111001101001100110111110000010001001101001110110100001101001110110011110010110001110100110101110001001000001010
110110101111010010001001001010001110110111001010001011110011110001001101110010010000110010001010110001001110001011001011010000110110110010001010110010110001001010110101101110110100110011001101
110001110010110010001001001111101111110010110101110000001101001010110000001011001011001111001110001011010000110001001100001100001010001101001001110000110011001110001110110011110001010010110011
010001001101001011001101010000110010110001110000001110001110101111110001001101101111110011101101001111001101110000110011001100101111101110001111001110101101001111110100001101101111101101001011
110001110101001110110101001010110011110011110010110011110000110010110101110100001101001010010000001100001010001011110100101101110100110100110011001011110100110100110110110011110000001001110001
001101110000110000110001001100010001001001001110110000110000001110010000110001001111010010001100001100001011001111010000110010001110101110001111101011110010110010110000001011001100001101010000
001110110011110110101110101110001110001011001010111000110100010000110011001010001100001010001101001010110100001011110011110100110101001101110001001001110011001100010001101111001011110010110000
010011001110010001010000101110101111001111110000001111001100001101001110110010110001001111010001110010110001001011001101010011101111001110001111010101001110010100001101010010001111110001110001
001010110100110101001011001011001001110110110100001001110001110010110011110010110001110011110101110111001010110100001101110110110101110101001001001001001000001001110100110010001010110011110100
001011110100110100110111110110110000001010110100001110001100110010001101001011001010001010111000110011001010110101110101001010001001110100001000110110001100110100110111001001001001001110110110
110011110111001111110011001010001101001101001010001011110110001110001001001100000111110110001100001100001010110001110110001001110100110001110000001100000111110101101111110101110010001010001101
010000110000001010110001010000110011110000101101110000110010010001101101110000010000110101001110010011010011101110110010101110001111010000001110101111110001010011010001101110101111001010101110
111000001100001011110011001111110100001100110011001101110100001001001011110101110100001010001001110100001000001010001010001100110011110101111000001101001011110101001110110100001100110100001000
001100110001001100110011001101110001110110111010000100110101001011110001110101110000001010110100110001001001001001110010110101000110001110001011001001001010001111110011110101110100000111001000
001101110001001000001010110001001110001101010001110000001001110011110010110010110100110001110000110011001110001011110100001100001011001101110100001010110100001001110100001100001110001101001111
110000001110001101001101110100001110110110110000101111010001110001001111101110001111101111010001001000101100110000110100101101110101001100110010110101001101110010110001001111010000110000001111
110101110011001001001100110111001010110011000111110110001010001101110111111000001001001101110101110101110111110100001000001100001001001101110011001010001010001010001011110110001010110111001100
110011110100001100110001001110001111010000110001001101001101001110001100001011001110110011110101001101001111110010001011101111110001110100110001110000110100010000110001010001010011001011001111
110001001110001010110000001011110010001100001100110100001100110011001111001101001100001100001100001011110100001101001100110111110111110000010000001111101110110011110011110101001101110101001111
001010110011001011110011110011110111001100001000110100010001110010001100001010001001001011001001001001001100001011001101110101110101001000110011001010110100110010110100110000111000110001110011
110001001010110101110100001011001100110100001100110110110100110001001010001100001000110101110100001010110011001110001101001100110010010011110101001011001100001101110010001010110000001001001001
001101110010001111101101010010110100001110010010110010001101010000101110001100110000110010101110110010001100101111001100010010001101101010110000001100110011010000001110101110001100001111001000
001010001111110010110010110001001111001101001100110010001111001111110001101111001101001011001100001100110000110001110100001110110011110100010000110101110000101111001001101111001001001111101100
110011101110001110110011111000001110010001110011001101101111101110101110001110001101010011001101001111001111110101010000001101110001001010101111001011101111010000001111010000001111010000001101
001101001011110001110010001101001101001101110000110011110011110101001101001010110000110010001011110011001101001100110000001101001011001111001011110010110101110010001100110010110001110011001100
110010110111001000001101001100110010001011001111101111110001001101001101110011001100110011001011110011110001110011001101001101001101110000001100001110001100101111101101001100110101110011110001
110100001110001100110011110010110101001110010000110011110011001100110001001010110111110100001101001011001001110010110011001010110010001110110100110011001100111000101111110100110010110010110100
110010110000001101001101110000110100000111001010110000101110110101001001110011001110110011110110001101110100110001110001001111110010010000001011110000101110110100001011001111001111110100010000
001101110010001101110000110001110000010000001011001100010001110101101101110010110101110001110001010000001100001110110010001100010001110010010000110001001110010001110011001100110001110010010000
110001001101001000001101110100001001110101110100001011110011001100001001001000110010101111001101001001110011001101001011111000001011001110001011110011001001001010110010110100110111001011110001
001111010000110010110011101101010001110001001100001101110000110000001101110001110001001110110100101101101110010000001111001110010010001100110000001101010000001100110011101101101111101101001111
010000110101001110001011110011110101001101001011110010110100110101110001010000001100001101110100101111110101000111110010001000001010110011101111110001001001001101001010001000001010110000110101
110100110110001100110011001110110100110100110011001110110100001101110101110000101110001110001100001101001100110100110101110100001100001010110100110010001011110000001100001111110000110101001110
111111111001000000000011000011000100111010000011111100111110000101111111111101111111111010111010111111000010111101111001111011000110111010000011111001110101000010111100000011000100111101111011
110011110011101111001110110001110000110000110000110000001011001110001111001110101101110001001101110000110010110010010000110101010001110000110110001111010010001111110011010010110100001101010000
110010110101110001001110001100001110001110001110110010110000101111110000001011110010001110101111001110001110110010110011001101010000110011110011110110110010110001001110110101001010001101110100
001101001101001100110001001110110011110001001101001110001010110000110000001010001100010000001100001011001111110100110000110000001001110100001110001100001100110000110011001100001100001011111010
001000110101001110001000111000001000000110001001111000001001001011110011001010001010001000001001110010110111001100001010110111001001001011000101110100110110000110001010110110001110001101001001
101110001010001011000011111000001000110101110011110011111000001100001100111001111000001011001010001100001010110101101111001111110110110100000100001010110101001011001001111000001011111010110011
001100101111110001010001001111001011001101001101001100001101001111010001001101110011110001110001001110001100110001001111110011010000110011101101110100001010001101010000001011110001001111110100
000101001010001101001101110100110011000101001001001101110111111000110111001011001010111000000111110110001010001000001001001100110100110101001011110011111000110100110010110010001010001010001100
101111001110010000001010001101110010001101001010001101001111110101001110110011001000001110001111001100110110110001001100101111010000001111001101110100110001001100110010001110001010010101001101
110000101110001110001110101111001100110010010000110010110001001100110000001100010000110001110000101111101111001111110000101111010000010010101111110001101110001101101111110000110001001110110011
001100110010001010110101001101110001001010010001001110001001001000110100101111110100110101001101110011110010110101110110001000110101110011110011110100001000110101110101110000001001110011110101
110100001000110100001000110101000111001010001100001101110100001100001010110101001001110011001011110001110101101111110101110011001010110110001101001100001001001101110111001010001010110100001010
001010110101001010001011110100110101001101000111110110110100001100001011001110110001001100001110110001001001110110110111110111110011001010001101110101001101001001001001110011001101001011110100
001101001001001100001101110110001100001110110011001110001111001100110111001001101111110011110011000111111000000100001111110011001011001010001100001010001100110010001110110011110101110011001100
001110110010001111110001110010101101001111110010001101110001010000001111001001101110001101001001110000110001001101110011110011110011001110110011110000001100110010110011110000001011001101110100
001110001001001100110001101110001101001011110011001011110011110011001110001010110100111000000100001101110110110010001011110011001101001110001100110111110010001011001101001011110110110010001100
001110000111110001001100110000000110110011110011110010001100111000001011110101000010110011110110001001110001110110010000110011001101110011001100110010110101110010001011001100110011001011110011
110011110011001100110000001111111010110001001101110101001100110101110010110001001110110000001100001001001010110001110101110010110011110010001101110110110100001101010000110010110011110000001010
110001001110001110001100001010001100001011001100001101111000001100110001001110110011101110001011001101110001010000001010010000001110001010001010001101010001001000110011001100001101001101110001
110001001101110000110101101111001101001110001011001100110000001010110010001101001100101111001100101111110010110010110000110010001011001100110001001100001110110000000111110101001011001110110010
110110111000110010110101000101001000110101110001110010001001001010110101110011001000001011001011001000111000001000001100110111001000110100001010111001001100001001001011001100001100001010110011
110010001011101111101111110101110110001101110101110100001011110110110111111010110101001101001010110100001110001110110101110000110011110010001101110000001101001011001100001101001101110001001100
110010001010000110001100001100001001001110001011001100001011110100001100110101001001111001001010110010110100001011110011001100001101001011110010001011110010110101001010001010110100110101001101
101111101111110010001110001100110000001011010000110101010000110010110011110000001101001111010000001110110011001111001111001110110000001110110000110001010100001101010010010000010000010000010000
110110001101110000110000001011001100001110001100001101110000110100001101001101001100110010001111001111001111001010001100001110110100010100001111001101001101010000110011101110001101001010110010
110001001100110011110100110100001011110011001101001111101111001111110001001011001111001010110000001101001111001111001101001010001011110001110101110011110110110100001110001101001000001101110010
110101010000000111110100001101110010001011110001110101001001110011110100110100110010001010000111001101001010001110110011001100110100000110001010001001110010110101110101110100001101001101110011
110110001110001010010000000111001101001010001101001001001011110010001100001101001001110110110011110100001101001001001100110001110001001100110001001101001011110100001101001000110100110111110010
110100110011001011010000110010110100101101101110010000110111001111001110110011001101001101110101001101110011010000010010001110101110001110101111001100001100001101001101001110001100110011110001
110101110101001010001101001011110101001001110001001001001011110100001101110101111000110101001100001110101111001110110010001100110010110101110101001110001011001011110100110101001010001011110001
110001110100001110110001110100001000110000110100001101110010001100001111001110110010001111001100110101001110001111001011001110001101001101110001010000001110110011001101110000110001110000001111
110011110000001111110001010000110000110010001110001100001101001000001101001100110000001010001100001100001011001100110101001101110101110011110011110011110010001101001101110000110101001110001111
110110110011010000110000110011001100001101110101010000110001110100001101001100001000110100001101110101110011001111110011110101110011110100001011110010110101110011110011110100110010110010110100
110100110001110101110010001001001001110011110100001100001010110001110101110011110001001011001101101101110010110010110011000111110101110101110101001011001101111010110110110010001110001011001101
110100001001001010110010001010001110001011001100001010110110001010110001110111110001110100001011001100110110001100001010001101110110001010110101001010001011001110111010110011001100001100001100
111000001000000101110011111011110101111000111001110111110110001010001111000110110100111010110100111010001010001001110100111000000101110100001010001111000111001011110011001000001000110101110101
111001110100001011110101001110001011001001110101000111110110001000000011000110110111001000000110001001111001110100001011110101001100001010000111001000110101001001001101000111001010001011001100
110000101101001010001100110111110001001100001010001101101001001011110011110000001001001000001011001010001101001100001010110010001100110001001101110100001100110001110101001001110010110011001010
001110110011001010001111001100001101001100110001110100110001110100001010001001001100110101001101110110110100001011001010110011110110001101110100001100001010110101110100110010001011001010001100
101010110010001000001000110000001100110010001010110000001011001111110100101111001011001011010100110001001101001101001000001101110000001110110001001011110010110110001010010010001010110000110010
001011001010001011001011110101110001110000110010110100110010001010001110001011110100001111001101001010110010101110110001110100001010110110001101001100110011001011110100001111110001110101001110
110100001101110010001100110000001010110000001011110110001110001111010000010010010000001111001111001100110010001110110011010001110011110001001000110000001100110010001100101111010000110011110101
110101001100001011001011110001110001110010110100001110110100110010110011001101110001110001110110101111001110001100001100110110001110110000001110001100010000001101001101000100001110110010110101
001001110001110011001001001011001011110100001000110000001011001100001011110011000111001011110101010010110101110101110101001010111000110100110010000111001000001100001000110010110101001001001010
001100110111001101001010001011110110110100110100110011110011110100001110001100001100110010001010110100101111001101110101010010001110001010001100001101110011110011001100001101110000001110001100
110011010000110000110001101111001011010010001101001101001010110000110010110010001100101111110010110010110111110011110010110100001110110001001111001100110011110001001110110001010001010000010000
110000110100001101110000001011110100001011001100110000110111001111110000001110001101001010001110001111001101101111001100110100001101001101001101110010010000001110110001001110001011110001001100
111001000111111100110110110110001001111010110101000101111000111000001010110110001001110101111011111000110011000100110101110100110110111001110111001010111000000111001001110110001001001101001001
001100110011001100001111101111110010110100110011110010110000001110001100001110001010001100110010110011110001110101001101110001110100110000001101001100001100101111001110001001110001001101001001
001011110101001011110001110111110110000110001000001010001001001011110110001110001000001011001110001100110111110100001100110100110010001100001010110011110100001101001100001010110011110110110101
010000110011001101110001101111001010110000001100001011010001001100110010110110001110101101001101001101110001101101110011110000110010001101001110010010001010101110001101110001110101101111001110
001110110101110000110011001101101111010000001100001101110001001110001111110011001110110110001001001111101111110100001110101111001101001111110001001111001100110011001111110011110000110001110001
101110110110110100110011110001110001001110001101001110110011110100110101001101001010001100110010001110001110110100001100001011001101110011001100110110001001001011001011110001110100001011110001
001000001100110100111001001001001100000110110011001011110110110101001011110111001001110011001011110101110100001010010000110111110111001011001001001100001001110110001001000111110100001001111000
001100110100001100110001001110001101110010001111001011010011110010001111110010001111110010101011101101110000010000001000010000101111001100101111101110110001110001110001001110110000110010101100
010000110000001100001000001100110010110010110010001011001100110010101111110010110001110001110100110001001101010000110011110001001111001011001011110100110011110011110011001101010000001011110010
110100001011001110001111010000101111110101001110110100001001110000110100001100001100110001001100110000110101101111001111110001110101001110101111001110001011110011110010110101001111001101001010
110011110011110100110100110011110100001010001110110000000011110100110000001110001000001011110011001011001101001011110110110101110000110110110100000100001010110010001101001110001011110011110001
110010101110001111110011110000001100001100101110001110101111010001101100110001101110010000110001110110001101001110010001010001101110101101001110101111001101110000101100101011010001010010110001
001011001010110100001010001000110101001010110011110100110100110100001100001101001000110011001110001010110001110100110100110110001001110000110100110101110010110001110100110101000111001110001110
001010110000101111110100110010001000110010110100101111001100110011001101001010001101001110001011110010001111001001110100110000110011110101001101110010001111001110001011110110001010110001010000
001001001000111000110101111000000111001010110111110100000110001001110110110101110110001001001000001010111001001000110111001011001000110111110100110010001101110101001101001011110101110110001000
001011110100000111001010001111001100110111001010110110001001001100110101001001001100001001000111001001000110001000111000001010110110111000001100110011001011110110110100110101110101001101001111
001100110100110001110101110110001110001111001010001011001101110000110010001011110100001100001100110011001010110111110101110010101111110010001011001011110110001100001100110011110011010000001110
001101110001001101010000110101110101001010110111000101110100001100110010001000110101110111001100110011110010110001001101001010110011001100001100110111111011110100001011110101001010111000110010
001100001101001000001100110010001101001011001101110101001010110011001010110101110011110101110011111000110100110101110100110011110001110111110100001011001010001101110011001100001010110010110011
110100001101110100010010101100110001110110001100001111110001001001001110110100001011110110001101110000001100110110001101110100110100001100001100101111001110010010001110001111110010001100001111
001011110011101111110011110011001100001100110011001101001100110001110101110011001010110000110000110001110010001100001101110100010000001100110000001001001011110011001110001110101111001010001101
110011110010110110110100010000111000001001110101110110001000110011110001110100110010001011110100111000001100110100001001110010000101110011110000001111111000001010001001001101110011001001110101
110010110101110100110011110011110011001011101101110011110001110101001011110100001011110001001001110100110101111000001101110100001101110011110011110100110100000111110010110011110100001101110101
110011110011001100110111001011110001110010110010110101001001001000110010001011001011001011001111110111001000001101001110110101001101001110110100110110001110110010110000110101110111110110110101
110100110011110011110011001011110011110011110011001011001101001010110111110111101111001111001011110000001110110110010000001110001010110100110001010011110111110101110000110000110111001011110101
001111001001110100110101110011001110001010000111110101001001110000110100001010110101001011110011000110001010001011001000110101110111110011110100001100001110110100001001110001001000110010110010
001010101001001110001010110011001110110101110011001010110101001111001100001110001110001100110010110011110100101111110010001101110100110110101101110011110001001100110100001000001100001110001110
001101101111001110001111110100001110110000001110001010001110110100110001110010110100110010001101110100110010110011001111001100001110110010110001001001001110001011110011001101110011001101110100
101111001100001110110011110000110010110010001111110010001111001011110000001101001111110100001101110101001101010000110010001111001011110011110110110011001000110010110010001111001001110101010001
001011001111001100110100101111110000001110001100101101110001110100110010110001001100110010110100101110001011001110001011010000001100001010001100001001001101110011010010001000101110110010010001
110011110000110001010001110001110101001010110110110101110101001000001001001100110101001001110101110011110100110011110010110011110011001101110010110110110010001101001101000111110110001010001001
001101001011010000110100111000110101110000001010001100001010001011001010001110110100001100001010110111110100110101001100110001110011001100110001110010110101001010110001110110001000001000110011
001110001000110000101110110010001110110100110110110100010000001111001100001100001100101111001110001110001100001011001100110011010001001100001111110010001110001011110011110000001110110001001010
001010001110001001001100110100110011110100110100110001110000001011001001001110110010110000110000001010110011001011001100110010001100001110001001110001001011110100110010001001110011010000110101
001101001010110010000111110101110100001010001110000111001000110110111000001010001110110111001100110011001100110101110101001011110101110101001010110011110011001001110100110101110100001100001011
110001010000110010110010001100001110101101001101001010101111110100010010001010110001001110110000110001001100001100101110110101001101110010110010101101110001001100001010110100101111110101001111
001011001001001100001110010000110110110011001001110101110101001001001100101110110100001001110010001010110010001110110011001100110111001100010001110100010001000110001010001011001011110010010001
110110001100110001110010111000110010111010001101001100111001001010110110001100110011001010001010001101101110110110010010110010101010001010001101110010110011110001000111001011110100001100110110
010001101111110000101110110000001111010001110100101101110010110000110000110011110100110010010000110000001001110000001110110010110110001101110000110011010000110000110000001110010001101110110001
110101110110001011000111001011001110110000001000001011110110001001001010110011001111001011110110110011001010001101001101001100110101101111001001001110001011110111110011110011001100001101000111
001100010001110011110010001101110001000111110100110011110001010001110010001101110010001100010011110100001011101111110010110100001101110001001011001000110011001100110111111000010001110010110000
001110001111101111001001110001110101110001110110001101001110110101110001001010010000101111001011110000110000001111110010001101101111010000001100001100001100110100001100001101001010001100101110
110101110000110000001100110111110000001100001100001110110110111000001101110011001000110111001010001011001101001101110101110111110001110110110110000111110001110011110101001110110010001010001011
000111110110001100110010000110001000001000001100110000001011001101110100101111110101110010001110001111001110001000001010001010001111001110001001110001110110001101101111001010001010110011110100
001011001100001001001100110101001001001100101110110000110011000111001100110101001100001100110111001000001001110010110100001101001100110110000110001011001000110111001101110100110101110011111000
101111110000001110110011001111001110010010110010110100110001001101001110001100001100111001110101001110110010110000110010101111001101110010010010001010110101001110110010000111110010001101001110
001101001111110100111000001010001100001100001001001100110111110110110011110101001111110101001100001101001010001100110101111000110011110101110011110100111000110001110010110001110110001100001001
010000001110110001110100001110001100110011001110110001001111110011001110001111010000001100101101001010001100001100001101110001110000001011001010001101001101010000101101101111001110001100001101
110010110010110000001010001111010001110000001101001100110001110001110000001101110010110010001110010001001111010000001011001110001101001111001110001010110000110010110000110110001111110010001010
001100001001001011001011001001110010001111001000110110110001110000110101110011001100110010001111110010001001000110001110110101001100110011110101110100000111001100001110110010001101001101110100
110000110011110011001101010010101111010000010000110010110000101101001110101111010000010000110000110000110001101111101110110000110101101111110001101110010000001111010001001111101010101101010000
000110110111001011001000110100001100001010110011110100110110110001001000001101110100110100110010001100110100110100001110110001110010110000110100110100110010110110110011110101110100111000001011
110011110011110011110001001011001010001011000101110101001011001001110101000111001010110011001001001010001001111000000111110010110101001110110110001100110100000111001010001011110101001001111000
110101001100001011001101110010110100110100001011001001111010110010001101110110001011110011001100001010110110001011001001110101001011001011001101110011111001000110110101110101001101001010001001
110101110001001101001101110010110001001100001100010001110000001011110001101111010011110000110011110010101110110010110100001101110010110010110000110000110010001110110100101111110100101111001000
110011110010110010001010001001101110001011001101001010110001110100001100001111110110001111110010001100101111001111001100001110110100110101001101101111001110110001110100010010001010110011101111
001001110001110100001011110010001100110011110000001101110010001011101110001011110100110101110001110110110100001011101110001101110100110011110000110101001101001101001111110010110011110110000111
110101001001001100110001111110001110000011001000001100001011001100110011001100110001001000001100110010110100001101110111001101001010110110001010001100110101001011110010110010001101001011001111
001110101011110000110011001111001100110000110000010001001100110000110010110110110000001100110110101111001110110000110000010100101111010010101101001100001011010010001010001110001101110100001110
110001110100101111110001110010001101001110110010110100101111001110110011001111001100000101001100001111101110001011110010001101001110001101110011101110110001110000010001001111110001010000001110
001100000101001101001100110101001010001101001011001101110110001001001000110010110001001001110010110111001011001110110110111000001011001100001001001110111001001011001010110111110000110010001011
110101110011001001001100110100001110001001001001001111001010001111110100001100001101001001110010110011110010001110110010001100110011110011111000001001001101001100110011001011001010001100001001
001101101111001101001101001011010000110011110010101111110011110000001100001100001110001110001110110011101111001001001101010000001100110100001011010000001110110111110011001011110001110011101111
001101001100001001001101110011110001001101001101110011110010110010101101001010110010110101001101001010001001110111001011110100110110110100001110001001001101001010001000110111001101111000001011
001110110011001011110010111001001100001001001111110001001100001001110010001110001111001011110001001010110010110111110010110011001011001010001100001011110100001010001010001011001000001011110011
110101001011110111110001110100001011001010110101110011001110110001001010101111001100110010001011001001110000110100000111001100001000001000000111110101110110110011010011001100110110001001110101
110111110010010001001110110010110001010000110100101110001101110010110001110010001011110110001001001101110011110101010001001100001101001010101111010010110000001111101110110011110011001011110010
110010101101110010110010001100001110010001010000010001010001101111110111110110110011001101110000110100001110101110010010001110001101110100001110110010001101001011110001010001001111001011001100
110000110001110100001111110000110101001100001011110011110000110010001110001001010011110100001111101111001111010001110001010100001010010001110011001100001100010010110001110010001010010010001100
110101110111110011110011001100110101000111110100110000001011110001110011001101110111111001001010001010001011110010110010001001001100001000110100110110001110000110110010110100001011001010110110
110010110001110001000111110100110001110011110010110100001100001110110010001110001010110000110001010001110001001011110001110111001010101111110101110101110001001111110101110000110010110011001110
110101001001110100001100001011001010110010110100110100110100001010001010110100001001001101110101110111001110110100001010001011001001110111000110001010110011001011001100111000110101110010110110
001010110101001011001101110101110100110011001011111110110000110111001001001111001100110010110110110010001001110010110111110011001010001101110000111000010000001001110001001010001110001011001011
110100001010001100110011110110110100110011110101001011110011001011001011001010110101001110110100110011110110110110110110110101110011001110110100110001001001001000110111101111001010001101110010
110010001000010000010000001111110000001101110001110000001111010000001100110010001110110010001111101111110001110001001111110110110000010000101111101110010000110010001101110000001011001110101111
001010110001001110001101110100110110001100110011001010001010111000110011001100110011110100110101001011001101001100001010110111110100110111111000001000110010001011110111110100001010110101110100
001010110110110101001011110111001010001011001000001001001010110101111001001001001001000110110110001010110111110110001100110110110111001000110011001001001011110101101111110111111010110100001100
001100110011001010110011001110110100110001110010111000110001110101110100110011110010101111001110110101110011001101010001110010110010000111110110001101110100110010110111110010010000010000110100
001100001000110100110110110010001100110101001110001101101101001110001101110010001111110011001000001010001001111000001001110001110000001100001011001100001100110111001010111001001001110100110110
110110110011110011110110001011110010001011001001110111001011000111110011110010110100001011110010001010110101001110110000001111000111001010001100001100110010001010001010110100110110001110110011
001010110001001011001100001110001100010000101110001111110010001111001101001111110000101110110001101111010000101111001110110100001110110010001011110010110000001111010000110000001111001110110011
101110110110110010110001101111110000001100110100110001001010110100001011010000110011001100111001101110101101001011110010110011001100001100001011110101110100110001001110001001101101110001001000
110001001011110100001010110010110010001101001110001001101111001010001001001011000101001010110101110110110010110101110101001000001001001100110111110100110100001010010000001011001010111000001100
001111001011001110110011110011001010110001001110110100110100001011110000101111110000001110101111001100110011001011001010001100110000001111001011010001110001110100001100110100001101001101001100
001011001100110010001010010001110001001101001110110100001100001101111000001101101111101101110101001011001010001011110100110011110001001011000111001110110011001000110100001111001110110111110010
010000010001101111001111001110110000101110101111001111101111001011110000001111001100010000110000001110001101101111010000001000001101101101010001001100010000101111001011001100110010110010001011
010000010000110010101111101111001011110001001110110001110101001010110000001100110000001100001011001110001100110001101111101111001011110010001001001101001110110100010001001110010001110010001110
001111110101001111001100001001110010110100110011110011110101110101001101110001110001001101001010110100001010110010110110110011101110001111110011110010001011110010001001001000001101110000001110
001110010000110001110001110000001111001110110001001100010011100111010001110001110101010001001110110000110000101111101111110100010000110011010000010100110010101101110000110001101110110000110000
110100001000001010110010001101111000110101110100001100110100111000110100001010110110110101110101001101110100110001110010001010001011110000001011001101110001001100001110110101001100010001110101
001010110010001100001000110011110111110100001010111000110111001000001011000111110110111000110011110001110110001010000101001010111000110010110110110110111001001011110011110011001001001010001010
001011001010001100001100110100110011001100110011110000110001110010110100010000001111001100110010001110001010001001110010110010110111110111001100110010110100110100110011001001001110110001110001
010001001001001100110111110001110100111001110000001001110010110010101101110100001110001110110101110011110010110101110101001101110100110010001001001011001110110011110101110100001101001100110101
101111001100010000001111001110010010110101101101001011001100110001110001110000110111001001110001110010001110110011110010110110110010110000010000001100110010110010010010001011110101001011110100
001010110011001101001010001110110100001010001100001011110110110010110011110100110011110100110001110101110010001011110011110001110000110100111000001011110100110000001100001011001100110011110011
001101110000001101001101001010110100110001101110010000110001001110001100001111010000110000001011110001001111110110001110010010001100001010010001001110101111001011010011000111001101001110101111
001111001111001110001110001111001011001010001011110000110011110100001001001001110100010001001101110011001100001110001100010000110010110000110000110010010000101101110011001101001001110000001111
001110101111101101001010110010001101110010010000101111110010110011001011001110001011110101001100001001001101001011110000001011001100001100001101110101001011110010110000110000110011110100110100
001011110010110101001101110111110101001011110110001001001100110100110101001100110011110101001101001011010001001010001001110011110010001011110100001101001011001000001100001100001000001011001010
010000001101110011110011001100010001110100110011001011110001001111001010001001001100001100001011001101110001001011001101001110001100001100001110001011110010001100110101001011110001001111110100
000101110101110110110100110100001001001000001011110111110111110100111000001000001001001001001010111001001010001001110110111010111000110100101111000111110101110010001001001000000110110000111000
001011110000110011001010001111001010110100110010001011110000001000110001110000001111110100001111001110010000110001001011110100101111110100001101110101110001110010110001101110001110001100110000
001111110011110110110011001110001101001101110110110010001100110010110000001101110010101110110010000101110010001110001011110100110001110000001101001100110000001100110101001100110011001100110000
110000001110001010110100001101110011001100110011001101110101110101001100001101001010001100001100001101110111110110001011111000111000001100110011001010110011110011110110001111110110001001110011
001011110100110001010000110010101111110101110001110001001110001101001110110000001110001101010010001110001011110100001110010000001100001011001101110010110010001100001101001101110001001101001100
110101110100111001110100110101110100110011001100001010110011001010110001001100110000001011001011110010001001110111110100001010000111001000110010110011110010001100001010001011110101110111001111
110101110111001101001010110100001100001000001100110110110111110110110100110111001100001011001001001001000111110000110010001011110001110101111011001100110100001000110010110011001011001101001001
001011110000110010110001110000010000001100110001110110110011001011001111001110110100001101001111001110001111001101001100010000001101110010101110010000001011110000110010110110001011110110001101
110101001100000111001000001001000110001100001100110110001000110100110100110101110101110110110010110011001100110001001100001110001010110110001100001000110011110101001011001011001011001011111000
110011110001110010101100010001110011001101001101101001001011001101001010110010110000110001110011110100001111110001110010110010001100001101001101110011110010010011001011110011010000001011110011
001111110001110000110010110101110000110011110011110001110010110100001101110001110101001101110011001011010000001101001100010001001110110010001011110011110010001100110100001100110001101111110001
110101001110001101001001110100110100001111001100001011110010001101010000001100110010110100001101110110001101001111001111110110010001110001110000010000110000110110001011001110110010010000110000
001100110011110011110000000100110000110010101101110010110011001111110010101110001100110100001101001011001101001101110001110100001011001011001110111000001110001100110101110001110011110001001011
001111110100111000001110110000110010001110110011001110110111001100110100111111110011001100001101001011110011110010110000110010001011110101001100001100110001110101110011110011110010101111001010
001011001110001101001101001110001101001110110111110100110010111001001011101101110001111010110001010010110101001010110010001011110011110001110011110100110011110100001101001010001110110001110101
001100110011001000001100110011110011101110001000001011001010001001110001110010010000001101110101001011110100110010001011001011001001001011001001001010110111001011110100001011001100110111000111
000110001010001001001110001000001111110011110010110011001110001110110011001100001010101111110101001110110110001010110100001000110000001101001001001100110010001010001010001011001010110011110100
001110110010110010001011001000110110110100110010001010111000001101001010001010110011001100110110001001001101001100001010110000110011110010001011001001110011110010110011110011110000110101111000
001011001111001011110011001011001011110111001100110111110101001011110101111000001011001001110010001100110011001110110110000111110111110101110100001001110110001011001010110101101111110101001101
110110101110101111010000110011001001001010110000111000110001110010110000110011110010001010001100000110110101110111110100101111001111110001110100110001001101110000110100110010110100110011110000
110010001011110011110110110010110010001010110010110000111000001100001011001010001010110001001011001011110001110011001110001100110110001100110010110011001011110011110011000111110010110011001101
111000110111001010001000001100111000110111001100001001110010111000111000001000111000000111000111001100111010001011110011110111000111110111000110001011001001001000001000001001110110110111001101
001111001110110100110010110001110100001101001111010001001101010010110011010000001011001111110010110000001110110000110010001101001011001100001110001010110101110100001111001101110100001110001101
001101110000001110001101000111110011001100110101110001111010110011001110110100001101110000001111001100110010110111110001001010001011001010110011001101110011001001001011001111001011000110110010
001100110010110010001111110101001011110100110011110011101111001101010000001001110000001101001111110000110011001101001101110011001010110001001011110010001110110001001101001100101111001111110100
110001001101110011110110001100101111110010110101110110001100110100001011110001001110001011110011001110001111110001110010001010110001010010010000001111010001101110001100110100001011110011001101
010010010000010000010001101101101111001111101101010011110001110000001111101111101111001110110010010000001111101111110001001110101010001110110000001101001110010010010011101100101111001101001110
110001110101000111110001001101001011110110110010001100110011001100001011101110110100110011110101001101001011001011001100110011110100110101110101001011001011010001101111001100001100110100001011
001001110110110110110101000110000110111001110011001001001000110011110111110100110100001001110110001010000101001001110101001000110110001001111000110110110010111000001110001000110111000111110110
110010111001110111000110111010111101111011000111000011001001110101000110000010110111000100000100001011001010111001111011110111001010000110000100111011110011111010000010111100111011110110111001
010000110011001101110010001100110000001010110011101111001100001100110001001110110001110110110011110100001100110000001101001110101111001110001100001010001000001100001010001110110110000110110001
001000110101110100001011001101110101110011001110110100110111001001001010110011110011001100001100110001001011110101110010001000110100001100001100001110001101001110110110000111001010001001110101
110101001101110110110111001000001100110010001111001100110101001100001010001100111000001011001111001010110001001001110010001011001110110110000101001011001011001101001011001101001101111000001010
001000110101001011110100110110111000001100001100000110001100000111110100001000001110001100110110001010001000110011111011000110110101110101001001111000110110110101001011110001110000110111001010
110111001010110011001001001001010001110101110110001001001001001101001001110101001011001011001000001010110101110011110011001100101111110110110011110100001011001001110111001101001100001011110101
110010101111001110000111110000001011001110001010001101001101110011001110001001110101001010110001010011001100110001001101110011110101110110001111001110110010110010110000110010001011110010110100
001100001010001011001000001100001001001001110110110100111010001010110110001101110100001010111011001000001001001000001011110100001001110011110110110111110110111000001100001010001011110111110101
110100001110001111110011001011110001001100110100001010001101110001000111001100111001010000110010001001110010001011110010001111110100110011001011001110001010001101001101001100110010110010110000
110000101110110001001110110010110101000101001110110001001110110001110001001111110100001111110011001110001100110001110001110010001111110010001110110001110010001100110001001100001110001100101111
110001110010101111110101001101110001001101001101001100001111001100010010110010001111001011110000101100101111001010110010010000110011001110101110001110110001001001001101001010001101001010110100
001000001000001000000111110100110110001001001001001000110100001011001000001001110110110100000111110111001100111000111010110101000110001100001001001000110101001011111000001101000110111000001010
110011110101001101010001110101001100001010001101110001110011110010101101001101110001101101110011001111110011110011110010001100001011001101001111001101110101001110001101101111001100001101110010
000110001001000111111000001000000111001100110100001001001010000101110110111000110001110101110101110100001001001010001100111001110101001000110101110010111000111000001001000110001001001000000011
001101110010111000001011110000101111110101001000001101110011110011110111110010110100001001001100001100110100001000000111001101001001001100110001110101001100110100001011001101000111110011110111
010010001001001100110110001100010000110100110100001001001011001100110001110000001011001100001100110011001010001100110101110101110001110101001100001110110101110001110011001110001101110011001110
110100000111001010001010001001001111110101110110110101110110001100001000001000110111001011001100001100110110110101110011001010110111001000110110001011110011110111110010001010111001001000110100
110001110011110001101111001110001010110101001100001110110010001100001011110001110001001100001101110000110000001101110010001100110101001100111001110011001111010000110011110001110001110011001100
110001001110001100001001110101001110001100001100001111010001101111001110110001001100110100001101001111110100001101110000110111110010001000110010110001001101110010001111001100110011010010110010
