100010011101011101011101100010011101100010100010011101100010011101011101011101100010011101011101100010011101011101011101011101100010011101100010100010011101011101100010100010100010100010011101
100000100000100000011111011111100000011111100000011111100000011111100000011111100000100000100000100000100000100000011111011111100000100000011111100000100000011111011111100000100000011111100000
100000100000011111100000100000011111011111011111100000011111011111011111011111011111011111011111011111011111011111011111011111100000011111100000011111011111100000011111011111100000011111100000
100000100000011111100000011111011111011111011111011111011111100000011111011111011111011111011111100000100000100000100000011111011111011111011111011111011111100000011111011111011111100000011111
100010100010100010011101100010100010011101011101011101100010100010011101100010011101100010011101011101011101011101011101011101011101100010011101011101100010100010100010100010011101100010100010
100000011111100000100000100000011111011111011111011111011111011111100000011111100000100000011111011111100000100000100000011111011111011111011111011111011111011111100000011111011111100000011111
100000011111011111011111100000100000011111011111011111100000100000100000100000011111100000011111100000100000011111100000011111100000011111100000011111100000100000100000100000100000011111011111
100000011111100000011111100000011111011111100000011111100000011111011111011111100000011111011111100000100000100000011111011111011111011111100000100000100000011111100000011111011111011111100000
100000011111100000011111011111100000100000011111100000100000011111100000100000011111011111100000011111011111100000011111100000011111100000100000100000011111011111100000100000011111011111011111
100000011111011111011111011111011111100000011111011111100000100000011111011111011111100000100000100000011111100000011111011111100000100000011111011111100000011111011111100000100000100000011111
100000011111011111100000100000100000011111011111011111100000011111011111011111011111011111011111100000100000100000100000011111100000100000100000100000100000100000011111011111011111011111100000
100000011111011111011111100000011111011111011111011111100000100000100000011111011111100000100000100000011111100000100000100000100000100000011111011111011111100000100000011111011111011111100000
100000100000011111011111011111100000100000100000100000011111100000011111100000011111011111011111011111011111100000011111100000100000100000100000011111100000100000011111100000011111100000100000
100000011111011111011111011111100000011111011111011111100000011111100000100000011111100000100000011111100000100000100000100000100000011111100000100000011111011111100000011111011111100000011111
100000100000011111011111100000011111011111100000100000011111100000100000100000011111100000100000100000011111100000011111011111100000100000011111100000011111011111011111100000100000011111100000
100000011111011111100000100000100000100000100000011111100000011111011111100000011111011111011111011111011111100000011111100000011111011111100000100000100000011111011111011111100000100000100000
100000011111011111100000011111100000100000011111011111100000100000100000011111011111011111011111100000011111100000100000100000011111011111100000100000100000100000100000100000100000100000100000
100000011111011111011111100000011111100000011111011111100000011111100000011111011111011111011111100000100000011111100000011111011111100000100000100000100000100000011111100000100000011111100000
100000100000011111100000100000011111100000100000100000011111100000011111011111011111011111100000100000100000100000100000100000100000011111011111011111100000011111011111100000100000011111011111
011101011101100010100010100010100010011101011101011101100010011101011101100010011101011101011101011101100010100010011101011101011101100010011101100010011101011101011101100010011101011101100010
100000100000011111011111100000100000011111011111011111100000100000100000011111100000100000100000011111100000100000100000100000100000100000011111011111011111100000100000100000011111011111100000
011111100000100000100000100000100000100000100000100000100000011111011111011111011111100000100000011111011111011111100000100000100000011111011111100000100000011111100000100000100000100000011111
100000100000011111100000011111011111011111100000100000100000011111100000011111011111100000011111011111100000100000100000011111011111100000011111011111011111100000011111011111011111100000011111
100000100000100000100000011111100000011111011111011111011111011111011111100000100000100000100000011111100000011111011111100000100000011111011111011111100000011111011111100000100000100000011111
011111011111011111100000100000011111100000011111100000100000100000100000100000011111100000100000100000100000011111011111100000100000011111100000011111100000100000011111011111011111100000011111
011111100000011111011111100000011111011111100000100000100000011111011111100000011111100000011111100000100000100000011111100000100000011111011111100000011111011111100000100000011111100000011111
100000011111011111100000011111011111011111100000011111100000100000011111100000100000011111011111011111011111100000011111100000100000011111100000011111011111100000011111011111011111011111011111
100000100000011111011111100000011111011111100000011111100000100000100000011111011111100000011111011111100000011111011111100000011111011111011111011111011111100000100000100000011111100000011111
100000100000011111011111011111100000011111011111100000011111011111100000011111100000011111011111100000100000100000011111100000011111011111011111100000100000011111100000011111100000100000100000
011111011111100000100000011111011111100000100000100000011111011111100000100000100000011111011111011111100000100000100000100000011111100000011111011111100000011111100000100000100000100000011111
011111100000011111011111011111100000100000100000011111100000100000011111100000100000011111011111100000011111011111011111011111100000100000100000011111100000011111011111100000100000100000011111
011111100000011111011111011111011111100000100000100000100000100000100000100000011111100000100000100000100000100000100000100000011111100000011111100000011111100000100000100000011111011111011111
011111100000100000100000011111100000100000011111011111011111011111011111100000011111100000011111011111100000011111011111100000100000100000100000011111011111100000100000100000011111011111100000
100000011111100000100000100000100000011111100000011111100000100000100000100000100000100000100000100000011111100000100000100000100000100000011111100000011111011111100000011111100000011111011111
011111011111100000011111011111100000011111011111100000100000100000011111011111011111011111100000100000011111100000100000011111011111011111100000011111100000011111011111011111011111011111100000
011111100000011111100000011111100000011111011111100000011111011111011111100000011111100000011111011111011111011111100000011111100000011111100000100000100000011111011111100000100000100000011111
011111011111011111011111011111011111011111100000100000011111011111100000011111100000100000011111100000011111011111011111011111100000100000100000011111011111100000100000011111100000011111011111
100010011101011101100010011101011101100010100010011101011101011101011101100010100010011101011101100010100010100010011101011101100010011101100010100010011101100010100010100010100010011101011101
100000011111100000011111100000011111011111011111011111011111100000100000100000011111011111100000100000100000100000100000011111100000100000011111100000011111011111100000100000100000011111100000
100001011110011110100001011110100001100001011110011110100001100001100001011110100001100001100001011110011110011110100001100001100001100001100001011110100001100001011110011110100001011110011110
011111011111011111011111100000100000100000011111100000011111011111011111100000011111011111011111100000011111100000100000011111100000100000100000011111011111011111011111100000100000100000011111
011111011111011111100000100000100000011111100000100000011111011111100000100000011111011111011111100000100000011111011111011111100000011111100000011111100000011111100000100000011111100000100000
011101100010011101100010100010100010011101011101011101100010011101011101100010100010011101100010011101100010100010100010011101011101011101011101011101011101100010100010011101011101011101100010
011111011111100000011111100000011111011111100000011111100000011111011111011111100000011111100000100000100000100000100000011111011111100000100000100000100000011111100000100000011111100000100000
011101011101011101100010100010100010011101100010100010100010100010011101100010011101100010011101011101011101011101011101100010011101100010011101100010100010011101011101011101011101011101100010
011111100000011111100000100000100000011111100000011111011111100000011111100000100000100000011111100000100000011111100000011111011111100000011111100000100000100000100000100000011111100000100000
011101100010011101011101100010011101100010011101011101011101011101100010100010011101011101100010100010011101100010011101011101100010011101100010011101100010100010100010011101100010011101011101
100000011111011111100000011111100000100000100000100000011111011111100000100000100000100000011111011111100000100000011111100000011111100000011111011111100000011111100000011111100000100000011111
011100011100100011011100011100100011100011100011100011100011100011100011011100100011011100100011100011011100011100011100100011100011011100011100100011100011011100100011100011011100011100100011
100001011110011110011110100001011110011110100001100001100001100001011110011110100001011110100001011110100001011110100001100001011110011110011110100001011110100001011110100001100001011110100001
100000011111011111011111011111011111100000011111100000011111100000011111100000100000100000011111011111100000100000100000100000011111011111100000100000011111011111011111011111011111011111100000
100010100010100010100010100010100010011101100010100010100010011101100010100010011101100010011101011101011101100010100010011101100010011101100010100010011101100010011101011101011101100010100010
100000011111100000011111100000100000100000011111011111011111011111011111100000100000011111100000011111100000011111100000100000011111100000100000011111100000100000011111011111011111100000011111
011111100000100000011111100000100000011111011111100000100000100000100000100000011111011111011111100000100000011111011111011111100000100000011111100000100000100000100000011111011111011111100000
011111100000011111100000011111011111011111100000011111100000100000011111100000011111011111011111100000100000011111100000100000100000011111100000100000100000100000011111100000011111011111011111
011111100000100000100000011111011111011111100000100000011111011111011111011111100000011111011111100000011111011111011111011111011111011111100000011111100000100000100000011111100000011111011111
100010011101100010100010011101011101100010011101011101100010011101100010100010011101011101011101011101100010100010011101011101100010100010011101100010011101011101100010100011100010011101100010
011111100000100000011111100000011111011111100000100000100000100000100000100000011111011111100000100000100000100000100000100000011111100000011111100000100000011111100000100000011111100000100000
100000100000011111011111011111011111011111100000100000100000100000100000100000011111011111100000011111100000100000011111100000011111011111011111011111100000011111011111011111011111100000011111
011101100010011100011101100010011101011101100010011101011101011101011101011101011101100010011101100010100010100010100010100010011101011101100010011101100010011101011101100010011101011101011101
011111100000011111100000100000100000100000100000100000100000100000100000100000100000011111100000011111100000011111011111100000011111100000011111100000011111100000100000011111100000100000100000
011111100000011111100000100000100000011111011111100000100000100000100000100000011111011111011111100000011111011111100000100000011111011111011111100000011111011111100000100000100000011111011111
011110011110011110100001100001011110011110011110100001100001011110100001100001011110100001011110011110100001011110100001100001100001011110100001011110011110011110011110100001100001100001100001
100000100000011111011111011111011111100000100000011111100000011111011111100000100000011111100000011111100000100000011111100000100000100000100000100000100000100000100000011111011111011111011111
011110100001011110011110011110100001011110011110011110011110011110011110100001011110011110100001011110011110100001011110011110011110011110011110011110100001100001011110100001100001011110100001
100000100000100000100000100000100000011111011111011111100000100000100000100000011111011111011111011111100000100000011111100000011111011111011111011111100000011111011111100000100000100000100000
011111100000011111100000100000100000100000100000100000100000100000011111100000011111100000011111100000011111011111100000011111011111100000011111011111100000011111011111100000100000011111100000
100000011111011111100000100000011111011111011111011111100000011111100000100000100000011111100000100000011111011111011111100000011111011111100000100000100000011111100000011111011111100000100000
011111011111011111100000100000011111011111100000100000100000011111100000011111100000011111100000100000100000011111011111100000011111100000011111011111100000100000100000011111100000011111011111
011111011111011111100000011111011111011111100000011111011111011111011111100000100000100000100000011111011111100000100000100000011111100000011111100000100000011111100000100000011111100000100000
100000011111011111011111011111011111100000100000011111100000100000011111011111100000011111011111100000100000100000011111011111100000100000011111100000100000011111100000011111100000100000011111
011111100000011111011111100000011111011111011111100000100000100000100000011111011111100000100000011111011111100000100000100000011111100000011111011111011111100000100000100000011111100000011111
011111011111011111011111100000011111011111100000011111100000011111011111011111100000011111011111011111011111011111100000100000011111011111100000100000100000011111011111011111011111100000011111
100000011111100000100000011111011111011111100000100000011111011111011111011111011111011111100000100000100000100000100000011111100000100000011111100000100000011111011111011111011111011111011111
011101100010011101100010011101100010100010011101100010100010011101011101011101011101011101100010011101100010100010011101011101100010100010011101011101100010100010100010011101011101011101011101
011111011111100000100000011111011111100000100000011111011111011111100000011111100000100000011111011111011111100000100000100000100000100000100000011111100000100000011111011111100000011111011111
100000100000011111100000011111011111100000100000011111100000011111100000011111011111011111011111100000100000011111011111011111011111011111100000011111011111011111011111100000011111100000011111
011111011111100000100000100000100000011111011111011111100001011111100000100000011111011111100000011111011111011111011111100000011111011111011111011111100000100000011111011111011111011111100000
100000011111011111100000011111011111011111011111011111100000100000100000100000011111100000011111100000100000011111011111100000011111100000100000011111100000011111100000100000100000011111011111
011111100000100000100000011111100000100000100000100000011111100000100000100000100000100000011111100000011111011111011111100000011111100000011111100000100000011111011111011111011111100000011111
100001100001011110100001100001100001100001011110011110011110100001011110011110011110011110100001100001011110100001100001100001100001011110100001011110100001100001011110011110011110100001100001
100000100000011111011111100000100000100000100000100000100000011111100000100000100000011111011111011111011111100000100000100000100000011111100000100000100000011111011111100000011111100000011111
100000100000011111100000100000011111011111011111100000100000011111011111100000011111011111011111011111100000100000011111100000100000011111100000100000100000011111011111100000100000011111011111
100000100000100000011111011111100000100000011111011111100000011111100000100000011111100000100000011111100000100000100000011111011111011111100000100000011111100000011111100000011111011111100000
011111100000100000100000011111100000100000011111100000100000100000100000100000011111011111100000011111011111100000100000100000100000100000100000011111011111011111100000100000100000100000100000
100000011111100000011111100000100000100000100000100000100000100000011111011111100000011111100000011111011111011111100000011111011111100000011111100000011111011111011111100000100000011111011111
011111100000011111100000100000100000011111100000100000011111100000011111100001011111100000100000100000100000100000011111011111011111011111100000100000100000100000100000100000100000011111011111
100000100000011111011111011111011111100000100000100000011111100000011111100000100000011111011111100000100000100000100000011111100000011111100000011111100000100000011111011111011111100000100000
011111011111011111100000100000100000100000100000100000100000011111011111011111011111100000100000100000011111011111011111011111011111100000011111011111011111100000011111011111011111011111011111
100000100000100000011111100000011111011111011111100000100000100000011111100000100000100000100000011111100000100000011111100000100000100000011111011111011111011111100000011111011111011111100000
011111100000011111011111011111100000100000011110011111100000100000011111100000011111011111011111011111011111011111100000100000011111011111011111011111011111011111011111100000011111100000011111
011111100000100000011111100000011111011111011111011111100000011111100000100000100000100000011111100000011111100000011111100000100000011111100000100000011111100000011111011111100000100000100000
011111011111100000100000100000100000011111100000100000100000100000100000100000100000100000100000100000100000100000011111100000011111011111100000011111100000011111100000011111011111011111011111
100000100000100000011111011111100000011111011111011111011111011111011111011111100000100000100000100000100000100000011111011111100000100000011111100000100000100000100000100000011111011111100000
100000011111011111011111100000011111011111011111011111100000011111011111011111011111011111100000011111011111011111011111100000100000011111011111011111011111100000100000011111011111100000100000
100000011111100000011111011111100000011111100000100000100000100000100000011111100000011111100000100000011111011111100000011111100000011111011111011111011111011111100000100000011111100000011111
100001100001011110011110011110100001011110100001011110011110100001011110100001100001011110100001011110011110100001011110100001011110011110100001100001011110011110011110011110100001011110100001
100000011111011111011111011111011111011111100000011111100000011111100000100000011111011111100000011111100000100000100000100000011111100000011111100000100000011111100000100000011111011111100000
100000100000100000011111100000100000011111100000011111100000011111011111100000100000100000100000011111011111100000011111011111100000011111011111100000011111100000100000011111011111011111011111
100000011111100000100000100000011111100000011111011111011111011111011111011111100000100000011111011111011111011111100000100000100000100000011111100000100000100000011111100000100000011111011111
011111011111100000011111011111100000100000011111011111011111011111100000011111100000011111011111100000011111100000100000011111011111100000100000011111100000100000100000011111100000100000100000
100000100000100000011111011111100000100000100000100000011111100000011111011111100000011111011111011111100000011111100000100000011111100000011111100000011111011111011111011111100000011111100000
100000011111011111011111100000100000100000011111011111100000100000011111100000100000011111100000011111011111011111100000011111100000011111011111100000100000100000011111100000011111100000011111
011111011111100000100000100000100000011111011111011111100000100000011111100000011111011111100000100000011111011111100000011111100000100000011111100000100000011111011111100000011111011111100000
011111011111100000100000100000011111100010100000011111011111011111011111100000011111011111100000100000011111011111011111100000011111011111100000011111100000011111011111100000011111011111011111
011111100000011111011111011111100000011111011111100000011111100000100000011111100000011111100000011111011111011111100000100000011111100000011111011111100000100000011111011111011111100000100000
011111100000011111100000100000100000011111011111011111011111011111011111100000100000100000100000011111100000011111011111100000011111011111011111100000100000100000100000011111100000100000011111
100000011111011111011111011111011111011111011111100000100000011111011111011111011111100000100000011111100000011111011111011111011111011111100000011111011111011111011111011111011111011111100000
011111100000011111100000011111011111011111100000100000011111011111100000011111100000011111011111011111011111011111011111100000011111100000011111011111100000011111011111100000011111011111011111
100000100000100000100000011111100000011111011111011111011111011111100000100000011111011111011111100000100000011111011111100000011111100000100000100000100000100000011111011111100000100000100000
100010011101011101100010011101011101011111011101011101011101100010011100011101100010100010011101100010100010011101011101100010011101100010100010011101011101011101011101100010011101011101100010
011111100000100000011111011111011111011111011111011111100000100000011111100000011111100000011111011111100000011111011111100000011111100000011111011111011111100000011111100000011111011111100000
011111011111011111011111100000011111100000011111100000100000100000100000100000011111100000011111100000100000011111011111100000011111011111100000100000100000100000011111100000100000100000011111
011111011111100000100000011111011111100000011111011111011111100000100000100000011111100000011111100000100000011111100000011111011111100000011111100000011111011111011111011111100000100000011111
011110011110100001100001100001100001011111100001011110100001100001011110011110100001100001011110011110011110100001011110011110100001011110100001011111100001100001100001100001011110011110011110
011111011111011111100000100000100000011111011111011111011111100000100000011111011111011111100000011111100000011111100000011111011111100000011111011111011111100000100000100000011111100000100000
011111011111100000011111011111100000100000100000011111100000011111011111100000011111011111011111100000011111011111011111011111100000100000011111011111100000100000100000100000011111011111100000
100001100001100001011110100001011110011111011110011110100001100001011110100001100001100001011110011110100001100001100001011110011110011110011110011111011110100001011110011110100001100001100001
011110011110011110011110011110011110011111011110011110011110100001100001011110011110011110011110011110100001011110011110011110011110011110100001011111011110100001100001011110100001011110100001
011111100000100000100000011111011111100000100000011111100000011111100000011111100000011111011111100000011111011111011111100000100000011111011111100000011111100000100000011111100000011111100000
011101011101100010100010011101100010100000100010011111011101011101100010100010100010100010011101011101100010011101011101011101011101100010100010100000100010100010011101011101100010100010100010
100000011111100000100000100000100000100000011111100000100000100000100000100000100000100000100000100000100000100000100000011111100000011111100000011111100000011111011111100000100000100000011111
011100100010011101100010011101100010100000100010011111100010011101011101011101100010011101100010100010100010011101100010100010011101011101100010100000011101100010100010100010100010011101011101
011110100001011110100001100001100001011100011110011100100001100001011110011110100001100001100001100001011110011110100001100001100001011110100001011111011110100001011110100001100001011110100001
011110100001011110100001011110100001011111011110011111100001011110100001100001011110011110011110100001011110100001011110011110011110011110100001011111011110011110011110100001011110011110011110
011111100000100000100000011111011111100000100000011111011111100000100000011111100000100000011111011111011111011111011111011111011111100000100000100000100000100000100000011111011111100000011111
011101011101100010011101011101100010011111011101011111011101100010100010011101100010011101011101100010100010100010011101011101100010100010100010100000100010011101011101011101011101011101100010
011100100011100011011100011100011100011101100011100000011100100011100011100011011100011100100011011100011100100011100011011100011100100011100011100010011100011100011100011100011100100011011100
011111011111011111011111011111100000100000011111011111100000011111011111100000011111011111100000011111011111011111100000011111011111100000100000100000100000100000011111011111011111100000011111
011111011111100000011111011111011111011111100000011111100000011111011111011111100000011111100000011111100000100000100000100000011111100000011111100000011111011111100000011111011111011111011111
011111100000011111011111100000011111011111011111011111100000100000100000100000011111100000100000011111100000100000011111011111100000100000100000011111100000011111100000100000100000011111100000
100010011101100010011101100010100010011111011101100000100010011101100010100010100010011100100010100010011101100010100010100010011101100010100010100100011101100010100010100010100010100010011101
011111100000011111011111011111100000011111100000011111011111100000011111011111011111100000011111011111100000100000100000100000100000011111011111011111011111100000011111011111100000100000100000
100000100000011111011111100000100000100000011111100000011111011111100000011111100000100000011111100000100000100000100000100000100000100000011111100000011111100000100000100000011111100000100000
100000100000100000100000011111100000100000011111011111100000100000100000100000011111011111011111100000011111011111011111100000011111011111011111011111011111011111100000100000011111011111011111
011111011111100000100000011111011111100000100000011111011111011111100000100000011111011111100000011111100000011111011111100000100000011111100000011111011111011111100000011111100000100000011111
100000100000011111100000011111100000100000011111011111100000011111011111100000100000100000011111011111011111011111011111100000100000100000011111011111011111100000011111011111100000011111011111
100011011100100011011100011100100011011100100011100001011100011100100011100011011100100011011100011100100011100011100011100011100011100011011100100001011100100011011100011100100011100011011100
011110011110100001100001100001011110011111011110011100011110011110100001100001100001011110100001011110100001011110011110011110100001011110100001011111100001011110100001100001100001011110011101
100000100000011111100000100000011111011111011111011111100000100000100000100000100000100000100000100000100000011111011111100000011111100000011111011111100000011111100000100000100000100000011111
011111011111011111100000100000100000011111011111100000011111100000011111011111100000011111100000011111011111100000011111100000100000100000011111100000011111011111100000011111100000100000100000
011111100000011111100000011111100000100000100000100000100000011111011111011111100000011111100000011111011111011111100000011111100000100000011111011111011111100000100000011111011111011111011111
011111100000011111100000011111100000011111100000011111011111011111011111011111100000100000011111100000011111011111011111011111100000100000100000011111100000011111011111011111011111011111100000
011110011110011110100001100001011110100010100001100000011110100001011110011110100001100001100001011110011110011110100001100001100001100001011110100001100001011110011110100001100001011110100001
011111011111100000011111011111100000100000011111100000100000011111100000011111100000011111011111100000100000100000100000011111011111011111011111011111011111011111011111011111011111011111100000
011101100010011101011101011101011101011101011101011111100010011101011101100010011101011101011101100010100010100010100010100010011101011101011101100010011101100010100010100010100010011101100010
011111011111100000100000100000011111011101100000011111011111100000011111011111011111100000100000011111100000100000100000100000011111011111100000011111100000100000100000100000100000011111100000
100000011111100000100000100000011111011111100000100000011111100000100000011111100000100000011111100000011111100000100000100000100000011111011111100000011111100000100000100000011111100000011111
100001100001100001011110011110100001011100011110100000011110011110100001100001100001100001100001011110100001011110100001011110100001011110011110011111011110011110011110100001011110100001100001
100000100000100000100000011111100000011111100000011111100000011111011111011111100000100000100000011111011111100000011111011111011111100000100000100000011111100000100000011111100000011111100000
011111011111100000100000100000100000100010011111100000011111011111100000100000100000100000100000100000100000100001011111100000100000100000100000100000100000100000100000100000100000011111011111
011110100001011110011110100001100001100000100001011111011110100001100001100001011110100001100001100001011110011110100001011110011110011110100001011101011110011110011110011110100001011110011110
011111011111011111100000100000011111100010011111011111100000100000011111011111100000011111011111011111011111100000011111100000100000011111100000011111011111100000100000100000011111100000011111
100000011111011111011111100000011110011110011111100000011111100000100000100000100000100000011111011111011111011111011111100000011111011111011111011111100000011111100000100000100000100000011111
011101011101011101011100100010100010100000100010100000011101100010011101011101100010100010011101100010011101100010011101011101011101100010100010011011011101100010100010011101011101011101011101
100000011111100000011111100000011111011110011111100000011111100000011111100000100000100000100000011111100000100000100000011111011111100000011111100000011111011111100000100000011111100000100000
011111011111011111100000011111011111100000100000011111011111100000100000100000011111011111100000100000011111011111100000011111100000011111100000100000100000100000011111100000011111011111100000
100000100000100000100000011111011111011111011111011111100000011111011111011111100000011111011111100000011111011111100000100000100000100000011111100000011111011111011111011111011111011111011111
011111100000100000100000100000011111011111011111011110011111100000100000011111100000011111011111011111100000100000011111011111100000011111100000011101011111011111100000011111100000100000011111
011111011111011111100000100000011111011111100000100000011111011111100000011111011111011111011111100000100000100000100000100000100000100000100000011111100000100000011111100000011111100000100000
100000100000100000100000011111011111100001100000100000100000100000011111011110011111100000011111100000011111011111100000100000011111100000011111100010011111011111100000011111100000011111100000
011111011111100000100000100000100000011111100000011111100000011111011111011111100000011111100000011111011111011111011111100000011111100000100000100000011111011111100000011111100000100000100000
100000011111011111011111011111100000011111011111011111011111011111100000011111011111100000100000011111011111100000011111100000100000011111011111100000011111011111100000100000100000100000100000
100010100010100010011101100100011101011011011101100100100010100010011101011111011101011111011101011101011101011101011101011101100010011101011101100100011101100010011101011101011101100010100010
011101011101100010100010100000100010100000011101011111011101011101100010100100100010011111100010011101011101011101011101011101011101100010011101011111011101011101100010011101011101100010011101
100000011111100000100000100000011111011111011111011110011111011111011111011111011111100001100000100000011111100000011111011111100000100000011111100000011111011111011111100000011111100000100000
100000011111011111011111100000100000011110011110100000100000011111100000100000100000100000100000100000011111100000100000011111100000100000100000100000011111011111011111011111100000011111011111
100001011110100001100001011111011110100000100001100100011110100001100001011111100001100000011110100001011110011110011110011110100001011110011110011111100001100001011110100001100001011110011110
011111100000011111100000011111100000011111100000100000100000100000100000100000011111011111100000100000011111100000100000100000011111011111100000100001011111011111100000100000100000100000011111
100000100000011111011111100000100000011111011111100000100000011111100000011111011111011111011111011111100000011111100000011111100000100000100000100000011111011111100000100000011111011111100000
011111100000011111011111100000100000100000011111100000100000100000011111011111011111100000100000100000100000011111011111100000011111100000100000011111100000100000011111100000100000011111011111
011111100000011111100000011111100000011111011111011111011111100000100000011111011111011111100000011111100000011111100000100000100000100000011111011111100000011111011111011111011111100000100000
011110100001011110011110011111100001011111100001100000011110100001011110100000100001100000100001100001100001100001011110100001100001100001100001100000100001011110011110100001100001011110011110
100001100001011110100001100000100001011111011110011111011110100001100001100000100001011111100001011110011110100001100001011110100001011110100001100000100001100001100001100001011110100001011110
100000011111011111100000100000011111100000100000100000011111100000100000100000011111100000100000011111100000011111100000011111100000011111100000011110011111011111100000100000011111100000011111
100000011111011111011111011111011111011111011111011111100000011111011111100000011111100000011111100000100000011111100000011111100000011111100000100000011111011111100000100000100000011111100000
011101100000100000100000100000100000011111100000100000011111011111100000011111100000011111011111100000100000011111100000100000011111100000100000011110100000011111100000100000100000011111100000
100000100000100000011111100000011111011111011111100000011111100000100000011111100000011111100000100000100000011111011111011111011111100000100000011111011111011111100000100000011111100000011111
100000100001100001011110100011100001100011011110011100100001011110011110011111100001011111011110100001011110100001100001100001011110100001011110011111011110011110011110100001100001011110100001
100000100001100001100001100000011110100000011110100000100001011110100001100011100001011111100001100001100001100001100001011110011110011110011110100000011110011110100001100001011110011110100001
100000011111100000011111100000011111100000100000100000100000100000100000011111011111011111011111100000100000100000100000100000011111011111011111011111100000011111100000011111011111011111011111
011111011111100000100000011111011111011111100000100001011111100000011111011111011111100000011111100000011111011111100000011111100000011111011111100000011111011111011111011111100000011111100000
011111011111011111100000011111100000011111100000011111100000100000011111011111100000100000100000100000011111100000100000011111100000100000100000100000100000100000100000100000100000100000100000
011111100000100000100000100000011111100000100000011110100000011111011111100000011111100000011111100000011111011111011111100000011111011111011111011111011111011111100000011111011111011111011111
011111100000100000011111100000011111011111011111011111100000011111011111100000100000100000100000011111011111011111011111011111011111011111011111100000011111100000100000011111011111100000011111
011111011101011101011101011111100010100000011101100001100010011101100010100000100010100000011101100010011101011101011101011101011101100010011101100001011101100010011101011101011101011101011101
011111100000100000011111100000011111011111011111011111100000100000100000100000011111100000011111100000011111011111100000100000100000100000011111011111100000100000011111011111100000011111011111
011111011111011111011111011111100000011111100000100000011111011111100000011111011111011111100000100000011111011111011111011111100000011111100000011111011111011111011111100000100000100000100000
100000100000100000100000011111011111011111011111011111100000011111011111011111011111100000011111100000100000100000011111100000011111011111011111011111100000011111011111100000011111011111011111
011111100000100000011111011111100000100000011111011111100000011111100000100000100000011111100000100000011111011111011111011111011111011111011111011111011111100000011111100000011111011111011111
100000100000011111011111011111011111100000100000100000100000011111011111100000100000011111100000100000100000100000011111011111100000100000100000011111011111011111011111011111011111011111100000
011111100000100000011111011111011111100000011111011111100000011111011111100000011111011111011111011111011111100000100000011111011111011111011111100000011111100000100000100000011111100000011111
011111100000100000011111100000100000100000100000100000011111100000011111100000011111100000011111011111011111100000100000011111100000011111011111011111011111011111011111011111100000011111011111
011111011110011110100001011111011110011111011110100011011110100001100001100001100001100000100001100001100001100001100001011110100001011110011110100000100001100001011110011110011110100001100001
100000100000011111100000011111100000011110100000011111011111100000100000011111011111100000011111100000011111011111100000100000100000011111100000100000011111100000011111011111011111100000011111
011110100000011111100000011111011111011111100000011111100000011111100000100000100000011111011111011111100000100000100000100000100000100000011111100000100000100000100000011111100000011111011111
100001011101100010011101011011100010100010011101011101011101100010100010011110011101100000011101011101011101100010011101011101011101011101100010011110011101100010011101100010011101100010011101
100000100000011111011111100000100000011111011111011111100000100000011111100000011111100000100000100000100000011111100000100000100000011111011111100000100000011111100000011111100000011111011111
100000100000100000011111011110100000011111011111100000100000100000011111100000011111011101011111100000011111011111011111011111100000011111100000100000100000011111100000011111011111011111011111
100000011111100000011111100000100000100000100000011111100000100000100000011111100000011111100000100000100000011111100000100000011111011111011111011111100000100000100000011111011111011111011111
011111100001011110100001100001011110100010011110100000011110011110011110100000011110100010100001100001011110100001100001011110011110100001100001011111100001100001011110100001011110100001100001
100000011111100000100000100000011111100000011111100000100000100000100000100000100000011111011111011111100000011111100000100000011111100000011111011111011111100000011111011111100000100000011111
011111100010011101011101100010100010100000011101011101100010100010100010100100011101011101100011011101100010100010100010011101100010011101011101011101100010100010011101011101011101011101100010
100000100000100000100000100010011111011111011111100000011111100000100000011111100000011101011111011111100000011111011111100000100000100000100000100000100000011111100000011111011111011111100000
100000100000100000011111100000100000011111011111100000011111011111100000100001011111011111011111100001011111011111100000011111011111100000011111011111100000100000100000011111100000011111100000
011110011101011101100010100100100010100001011101100010011101100010011101100000011101100100100010100000011101011101011101011101011101100010100010100000011101100010011101100010011101100011011101
100000011111011111011111011111100000011111011111100000100000011111011111100000100000100000100000011111011111100000100000100000100000100000100000011111100000011111100000100000011111100000011111
100001100001100001011110011011100001011111011110100000011110100001011110100000100001011100011110100000011110100001011110100011100001100001100001011110011110011110011110011110011110100001100001
100000100001100010011110100010011110100001100001100000011110100001100001011011011110100000100001011100100001011110100001100000100001100001011110100010100001100001100001100001011110100001011110
011111100000011111100000011111100000011111100000011111100000011111011111011110100001011100100000011111100000100000011111100000011111100000011111100000011111100000100000011111100000011111100000
011111100000100000011111100000011111011111011111011111011111011111100000100000100000011111100000100000011111100000100000011111100000011111011111100000100000011111100000011111011111011111011111
100000100010100010011101100000011101011111100010100010011101100010100010100100100010100000100010100000011101011101011101011011100010100010100010100000100010100010011101100010011101100010100010
011111011111011111011111100000011111100000100000011111011111011111100000100000011111100000011111011111011111100000011111011111100000011111011111011111100000011111011111100000011111100000100000
011111100000100000100000011111011111011111100000011111100000100000011111100000011111011111011111100000100000100000100000100000011111011111011111100000100000011111100000011111100000100000100000
011111100000011111100000011111100000011111011111100000100000011111011111100000100000011111100000100000011111011111100000011111100000011111100000100000100000011111100000011111011111100000011111
011111011111011111100000011111100000011111100000011111011111100000100000011111011111011111011111100000100000011111100000011111011111100000011111100000011111100000011111011111100000100000100000
011111011111100000011111100000011111011111011111011111011111011111100000100000011111011111011111011111100000100000100000100000011111100000011111011111100000100000011111100000011111100000100000
011111100000011111100000011111100000011111100000011111100000011111011111100000100000011101011111011111100000100000100000100000100000100000011111011111011111011111100000100000011111011111100000
100000011111100000011111100000100000100000011111011111100000011111100000100000011111011111011111100000011111100000011111100000011111011111100000100000100000011111011111100000100000100000100000
011111011111011111100000100000011111011111011111011111011111100000011111011111011111011111100000011111100000011111011111100000100000011111100000011111100000100000100000011111100000011111011111
011111011111011111011111100000100000100000011111100000100000011111011111100000011111100000100000100000100000100000100000100000011111011111100000011111100000011111100000011111100000100000011111
100000011111100000011111100000100000011111100000011111011111011111011111100000100000011111100000100000100000100000100000100000011111100000011111100000100000100000011111011111100000011111011111
100100011101011101100010011111100010011100011101011110011101011101100010100011100010011111100010100000011101100010011101011110011101100010011101011011011101100010100010011101011101100010100010
011111011111100000011111011111100000100000011111011111100000011111100000100000100000100000011111011111011111011111011111011111011111100000100000011111011111011111011111011111011111011111011111
011110011111011111100000100000100000100000011111100000011111100000011111100000100000011111100000011111011111011111011111011111011111011111011111100000100000011111100000100000011111100000011111
011100100010100010100010100001011101011110011101011111011101011101100010100000100010011100011101011111011101100010100010100000011101100010011101011101100010100010011100100010011101011011011101
011111100000011111011111100000100000100000011111100000011111100000100000100000011111011111011111011111100000011111011111011111011111100000100000100000011111011111100000011111100000100000100000
100000011111011111011111100000011111011111011111100000011111011111011111100000100000100000011111011111100000100000011111100000011111011111100000011111100000100000100000011111100000100000100000
011111011111011111100000011111011111011111100000011111011111100000100000011111011111011111011111100000011111100000100000100000011111100000100000100000011111100000011111100000100000011111011111
100000100000100000011111011111100000100000100000011111011111011111100000100000011111011111100000100000011111011111011111011111100000100000011111011111100000011111011111011111100000100000100000
100000100000100000011111100000100000011111011111011111011111100000011111011111100000100000100000011111100000011111011111100000100000011111011111011111011111100000011111011111011111011111100000
100000011111011111011111100000100000100001011111100000011111100000100000011111011111011111100000011111100000011111011111100000100000011111011111011111011111011111011111011111011111011111100000
011101100000100000011111011111100000011111100000011111100000011111100000011111100000100000011111100000100000100000011111100000100000100000100000100010011111100000011111100000011111100000100000
100000011111011111011111011111100000100000011111011111011111100000011111011111011111011111011111011111100000011111100000100000100000100000100000100000011111100000011111011111100000011111100000
100000011111011111011111011111100000011111011111011111011111100000011111011101011111011111100000100000011111011111100000011111100000100000100000011101011111011111100000100000100000011111011111
100000100000011111100000011111100000011111011111011111100000011111011111011111011111011111100000100000011111011111011111011111011111100000011111011111100000011111011111011111100000100000100000
100000011111011111100000100000100000100000011111011111100000011111011111011111011111100000100000011111100000100000011111011111011111100000100000011111100000100000011111011111100000100000011111
100000100000100000011111011111100000011111100000011111100000011111011111100000011111011111011111100000011111011111100000100000011111100000011111100000011111100000011111011111100000100000100000
011111100000011111100000011111100000011111011111100000100000011111100000100000011111011111011111100000011111100000011111011111011111100000011111100000011111011111100000011111100000011111100000
100000100000011111100000100000011111100000011111011111011111011111011111100000100000100000011111011111100000011111011111100000100000011111100000011110011111011111011111011111011111100000100000
100000011111011111011111100000011111011111100000100000100000100000100000011111011111100000100000100000100000100000100000100000100000011111011111100000011111011111011111100000100000100000100000
100000100000011111100000100000100000100000011111100000100000011111011111100000100000011111011111100000100000011111100000011111011111011111011111011111100000100000100000011111011111100000100000
100000100000100000011111011111100000011111100000100000011111100000011111100000100000011111011111100000011111100000100000100000011111011111100000100000011111011111100000011111100000100000011111
011111100001100000100001011111011110011111100001100010100001100001100001100001011110011110100001011101011110100000011110100000100001011110011110011100011110100001011110011110011110011111011110
011111011111011111011111100000011111011111011111011111011111011111011111100000011111100000100000100000011111100000100000100000011111100000011111011111011111100000011111011111100000100000011111
011111100000100000100000100000100000100000100000011111100000011111011111011111100000011111100000100000011111100000011111100000011111011111011111011111100000011111100000100000100000100000011111
011111100000100000100000011111100000100000011111011110011111100000100000100000100000011111011111011111100000100000100000100000100000011111011111011111011111011111011111011111100000011111100000
100000011111011111011111100000011111100000100000100000011111011111011111100000100000100000100000100000100000100000100000100000100000011111011111011111011111011111100000100000011111011111100000
011111100000100000100000100000100000011111011111100000011111100000100000011111011111011111100000011110011111100000011111100000100000011110011111011111011111011111011111100000011111011111100000
011111100001100000011110011110011110011100011110100000011110011110011110100000100001100000011110100000100001100000100001011100100001100000100001011011011110011110011101100000100001011111100001
100000011111100000011111100000011111100000011111100000011111011111011111100000011111100000100000100000011111100000100000011111100000011111011111100000100000100000011111011111011111100000011111
011111100000100000011111100000011111100000100000011111011111011111100000100000011111011111100000011111100000100000100000011101011111011111100000100000011111100000100000011101011111100000011111
100000011111011111011111011111011111011111100000011111011111100000100000100000100000100000011111100000100000011111011111011111100000100000011111011111011111100000100000011111011111100000011111
011111100000100000011111100000011111100000100000100000100000011111100000011111100000100000100000011111100000100000100000100000011111011111011111011111100000100000100000100000100000100000100000
011111100000011111100000011111011111011111100000011111100000011111100000011111011111100000100000011111100000100010100000011111100000011111100000100000011111011111011111011111011111100000011111
100000100000011111011111011111100000100000100000100000011111011111011111011111011111011111100000011111100000100000011111100000011111011111011111100000011111100000100000011111011111100000011111
100000100000100000100000011111011111011111100000011101100000100000011111100000100000011111100000011111011111011111100000011111100000100000011111011111100000011110011111100000011111100000011111
100000100000011111011111100000100000011111011111011111100000100000011111100000100000011111011111100000011111100000100000011111100000100000100000011111011111011111011111011111011111100000100000
100000011111011111100000100000100000100001011111100000100000011111011110100000011111011111100000100000011111011111011111100001100000100000100000100000100000100000011111011111011111100000011111
100000100000100000011111011111011111011111100000011111100000100000100000011111011111100000011111100000100000011111100000011111100000100000011111011111100000100000100000011111011111100000100000
100000011111100000011111011111100000100000100000100000011111011111011111011111011111100000011111011101011111100000100000100000011111100000100000011110011111100010100000011111011111011111011111
011111011111011111100000100000100000011111011111011111011111011111011111011111100000011111011111100000011111100000100000100000011111011111100000011111011111011111100000100000100000011111011111
100000100000100000011111100000011111011111100000011110100000100000011101100000011111011111011111011111011111011111100000011111100000100000100000100000100000100000100000100000100000011111011101
100000100001011111100001100001100001100000011110100000011110011111100000100000100001011111011110100011011110100000011110100011011110011111100011011101100001011111100000100000100001100001100001
011111100000100001100000011111100000100000011111100001011111100000100000100000011111011111011111011111100000100000011111011111011111011111011111011111100000011111011111100001100000011111011111
100000011111011111011111100000100000100000011111011111100000100000011111011111011111011111100000100000011111011111100000011111011111100000100000100000100000011111011111100000100000100000011111
100000100000100001100000011111011111011111100000011111100000011111100000100000011111011111011111011110011111100000100000011101011111011111011111011101100000100000100000011111011101011111100000
100000100010011111011101011111100010011011100010011100100010100000011111011111011101100000100010011111100010011111100010011111011101100100011011011110011101100000011111011111011110100011100100
011111100000100000100000011111100000011111100000100000011111011111011111011111100000100000100000011111100000100000100000011111011111100000011111100000100000100000100000100000100000011111100000
100000011111100001100000011110100000011111011111011111100000100000100000100000100000011111011111011111011111100000100000100000011111011111100000011111011111011111011111011111011111011111100001
011111011111011111011111011111100000011111011111011111011111011111011111011111100000011111100000100000100000011111011111100000100000100000100000011111100000011111011111100000100000100000100000
011111011111100000011111100000011111100000011111100000011111100000100000100000011111100000100000100000011111011111011111011111011111011111100000100000011111011111100000011111011111100000011111
100000011111011111100000011111100000100000100000011111100000011110100000100000011111100000100000100000011111100001100000011111100000011111011111011111011111100000011111100000011111011111011111
011111011110011110011100100010011110011111011110011100100001100000011111100001011110100000011110011111011110100001100001011111100001011111100000011111100001100000011111100000011111100001100100
100000100000100000100000100000100000011111100000011111100000011111100000011111100000100000100000100000011111011111100000011111100000011111011111011111100000011111011111011111011111100000100000
011111011110100001011011011111011110011111011110011111011110011111100000011111011110100010011110011111011110100000100001011111011110011111100000011100011110011100100000011111100000100001100000
011111011111011111011110100001100000100001011111100000100000011111011111100000011111011111100000011111011111011111011101011111100000011111100000011101011111100000100000100000100000011111100010
100000100000011111011111011111100000011111011111011111100000100000011110100000100000011111100000100000011111100001011111100000011111100000011111011111100000011111011111011111100000011111011111
011111011111011111100000011111011111100000100000011111011111011111100000011111011111100000011111011111011111100000011111011111011111100000100000011111011111100000011111100000011111100000100000
011111011111100000011111011111100000011111011111100000011111100000011111011111011111011111100000011111011111011111100000011111011111100000100000100000100000011111011111011111011111011111011111
011111011111011111011111100000100000100000011111100000100000100000100000100001100000011111100000100000011111011111011110100000011111100000100000011111011111100000100000100000100000011111011111
100000100000011111100000011111011111011111011111011111011111011111011111100000100000100000011111011111100000100000100000100000100000100000011111011111100000011111011111100000011111100000100000
100001100011100011100001100100100011011011100011100101100011011101100001011010100011100010100011100001011100100001100001100010100011011111011010100000100011100000100001100001100000100011100000
011111011111011111100001011111011111011111100000011110011111100000011111011111011111011110011111100000100000011101011111011111100000011111011111100000100000100000100000100001100000011111011111
100000100000011101011111011111011111100000011111011111100000100000011111100001011111100001011111100001011111011110011111011111100000100000011111100001100000011111100000100000100010100000011101
100000100000100000011111011101100000100000100000100000011111011111100000011111011111011110011111011111011111100000011111011111011111011101011111100001100000011111011111100000100000011111100000
011011011101011111011011011010100010100001100010011100011101100010100000011011100010100000100010011101011101100100100000011111100010100010011110011101100010011111100010011111100011100100011111
100001100001011111100000011111100001100001100001100000100001100000100000100100011110011100011110011110011110011111100000100010100001100010100000011111100001100001100000100000100000011111100010
011111100001100011100000011111011110011111011110100000100001011111011111100000011110011011011110011111011110011111011111100000011110100000011111100001100001100000100001011111011110011111011111
011111100000100000100000100000011111011111011111100000100000011111100000011111011111011111011111011111100000011111100000100000100000011111100000011111100000011111011111100000011111100000100000
011100011101011111011111100100100010011111100010011111011100011011011111100000100010011111011101100010100010011111011111011101100010011011011111011100011101011111011111011111011101100100100000
011111100000100000011111011111011111100000100000011111100000100000100000100001100000100000100000100000011111100001011111100000100000100000011111011111011111011111100000100000011110100000100000
011111100000100000100000100000100000011111100000011111011111100000011111011111011111011110100000100000011111100000100000011111011111100000011111100000011111100000100000011111011111011111100000
100000100000011111100000011111011111011111011111011111100000011111011111011111011111100000011111011111011111100000100000011111100000100000100000011111011111100000100000100000100000011111011111
011111100000011111100000011111100000100000100000100000100000011111100000100000011111100000011111011111011111100000100000100000011111011111011111100000100000011111011111100000100000011111100000
100000011111011111100000011111100000011111100000011111100000011111011111100000100000011111011111100000011111011111011111011111100000100000100000011111011111100000011111100000011110100000011111
011111100000011111100000011111100000100000100000011111100000011111100000100000100000011111100000100000011111011111100000100000011111011111011111011111011111011111100000100000100000011111011111
011111100000011111011111100000011111011111011111100000011111100001100000100010100000100000100000100000011111011111100000011111011111011111100000011110100000011111100001011111011111011111011111
100001011111011111011111100000011111100000100000100000011111100000011111100000011111100010011111011111100000100000100000100000100000011111100000100000011111100001100000011111011110100000011111
100000100000011111011111100000011111100000011111100000011111011111100000100000011111011111100000100000100000100000011111011111011111011111100000011111011111011111011111100000011111100000011111
100100100011011110100010011110011100011010100011011100011100011110011010011111011100100000100011011011011100100001011110100001100011100000100101100010100011011010100001011101011111011111011101
100000011111011111100010011111100000011111011111100000011111100011011111011111011111011111011111011111100000011111011111100000100000100000011111011111100000100000100010100010011111100000011111
011101100000011111100000100001100000011111011111100000011111100001011101011111011111011111011111011111011111011111011111100000100000011111100001011111100000100010100000100000100000100000100000
100010011111100001100000011111011111100000011111100000100000100000011111011111011111100000100000011111100000011111011111011111100000011111100000011111011111011111100010011111100001011111011111
011111100000011111100000011101100000011110011111100010011111011101100010011111100000100001100000100000011111100000011111011101011111100010100000011111100000011100011110100000011111011111011111
011111011111100000100000100000011111011111011111100000011111011111100000100000011111011111011111011111100000100000100000011111100000100000011111100000100000100000011111100000011111011111100000
100000100000011111100000100000011111011111100000011111100000100000100001011111011111011111011111011111011111100000011111011111100000011111100000011111100000011111011111011111011111011111011111
011011011101100001100011011100011101011101100010100001100010100000011100011111100010100010011101100001011011011101100010011111011111011011011011100001100010100100011111100010100000100000011101
100000100000011111011111011111100000011111011111100000100000011111011111100000011111100000011111100000100000100000011111011110011111100000011111011110011111100000100000011110100000100000100000
100000011111011111100000100000100000011111011111100000100000011111100000011111100000100000011111011111011111100000100000011111100000011111100000100000011111100000100000100000100000100000100000
100000100000011111011111100000100000011111011111100000100000100000011111100000011111100000100000011111100000100000100000011111100000011111011111100000100000100000011111011110011111100000011111
011110100011011110100010100010100011011011011100011110011100100000100000100100100011100011100011011110011010011100100000011110011100100001011001100010011100011010100001011110100100100001011100
100000011111011111011111100000011111100001100000011110100000011101011111011111100000100001011111011111100000011111011111100000011111011110011110100001011111011111100010100011100000011111100000
011010011101100001100010100100011101100010011101011101100010100000011111100010100010011110100010100001100000011111011011011111011111011111100000011111011101011111100000100011100001100000011111
011111100000011111011111100000100000011111011111100000100000100000100000011111011111011111100000100000100000011111100000011111011111100000100000100000011111011111011111011111011111100000100000
100000100010011101100000011111100010100100100010011011100010011100100000100001100010011011011101011101011111100011100011100000011111011111100000100010011101100000011011011011100000100001011101
011111100000100000011111011111011111100000011111100000100000011111100000100000100000100000100000100000011111100000100000100000011111100000011111100000100000011111100000011111011111100000100000
100000100010100010011101100010100010100000100010100010011101011100011011011111100010100000011101100010100000100010011101100000011011100000100001011011011101011100100000011111100000011101011101
100000100010100000011111011111011101011111011101100001100010100000100000011101100010011111100010011100011111100010100100011111011101100000100000100000100010100000011100100000011111011111100000
011111011111011111100000011111100000100000011111011111011111100000100000011111011111011111011111011111011111100000100000100000011111100000011111011111011111100000100000011111011111011111100000
011111100000011111011111100000011111011111011111100000011111011111100000011111011111011111011111100000100000011111011111100000011111011111011111100000100000011111011111100000011111011111011111
100000011111011111011111100000011111100000100000100000100000011111011111100000100000011111011111011111011111100000100000011111100000100000011111011111100000011111011111100000011111100000100000
011101100010100010011101011011011101011111011101011101011101011111011100011111100010100000100010011100011110100001011011100000011111100100100100100000011100011111011110011111100001011110100001
011111011111011111011111100000100000011111011111011111100000100000100000011111011111100000011111100000011111011111011111011111100000100000011111100000100000100000100000100000011111011111011111
100001011111011111011111011111100000011111011111011101011111100000011111100010011111011101011111011101100000100000011100100000011110011111011111100000100000011111100000011111011111011111011111
100000100011011100011110100011011100100000011100100001100011011100100000011101011100100101100011100010100001011100100100100001011011011100100100100000100011011110100000100000100001011011100000
011111100000011101100000011110100000011101011111011110011111011111100000100000100000100000011111100010100010100000100000011111100000100000100000100000011111100000100000100001011111100000100000
100000011111100000011111100000011111011111011111011111100000011110011111100000011111100000011111100000100000100000100001100000011110100000011111011111011111011111100000011111011111100000011111
011111100000011101011111100000100000011111011111100000100000011111011111011111100000011110011111100001011111100000100000100000100000011110011111100000011111011111011111100001011111011101100000
011111011111011111011111100000011111011111100000011111011111011111100000011111100000100000100000011111100000011111011111100000011111011111011111011111011111100000011111100000100000100000011111
011101100000011101100000100000100000011111100000011101100000011111011111011111100000011111011111100010100000011111100000100000100001011111100000100000011111100000100010100000011111011101100000
011111011111011111100000100000011111011111100000011111100000100000011111011111100000100000011111011111100000100000011111100000011111011111011111100000100000011111011111011111100000100000011111
011111011111100000011111100000011111100000100000100000011111100000011111100000011111100000100000011111100000100000011111100000011111100000011111100000100000100000011111011111100000011111100000
100000100000011111100000011111100000100000011111100000011111100000100000100000011111100000011111011111011111100000100000100000100000100000011111100000100000011111011111100000100000100000011111
100000011111011111011111011111011111011111011111011111100000011111100000011111100000100000011111011111100000011111011111011111011101011111011111011110011111011111100000011111011111011101100000
100010011111100010100000100000011111011111011111011111100000011111100000011111011111100000011111100010100000100000100010100000011111011111100000011111011111100001011111100000011111011110100010
100000100000100000100000011111011111100000100000100000011111011111100000100000011111011111011111011111100000011111011111100000011111100000011111100000011111011111011111011111011111011111100000
100000011111100000100000100000100000011111100000100000011111100000100000100000100000011111011111100000011111011111100000100000100000100000011111100000011111011111011111011111011111100000011111
100000011111011111011111011111011111011111011111011111011111100000011111100000011111100000011111100000100000011111100000011111011111011111100000011111100000100000011111011111100000100000011111
100100100100100000011111011111100010011110011101100000011101100010100000100011011101011100011101011111100000011101011111011111100001011111100010100000011101011110011101011110011101011111011100
100000011011100100100010011101011101011111011101011111100010100001011101011111011101100011011101011111011101011110011100011110100000011101011101011111011101011111100001100010011111011111100000
100000011111100000100001100000011111100000011111011101100000011111100000011111011111011111100000011100011111011111011111011101011111100000100000100000100000100000011111011111011111011111100000
100000011111011111100000011111100000011111100000100000011111100000100000100000100000011111011111011111011111011111100000011111100000011111011111011111100000100000100000100000011111011111100000
100000011111011101011111011111011111011111011111011111011111100000011111011111011111100000100000100000011111011111011111100000100000011111100000011111011111100000011111011111100000100000100000
100000100000011111011101100011100001100000100001011100100010011111011110100000011110011110100001011111100011011111011111011111100100011101100000011110011110011111011111011101011111100000100000
100000100000011111011110011111100000011111100000011111011111100000011111100010100001100000011111011111100000011101100000011111100001100000100000011111011111011111100000100000011111011101100010
100000100000011110100000100000011110100000100000011111100000011111011111011111100000011101011111100000011110011111011111011101011111011111100000011111011111100000011111100000100000100000011111
100000100000011111100010011111100000100001011111011111011111011111011111011111100000011111011111011110011111011111100000011111100000100000100000100000100000011111011111100000100000011111011101
100000100010011101100000100001011110011111100001011111100001100001011110011111011110100000011110100000100001011110100001100011100000100000011111100000100001100000100001100000100000100010100010
100000100000100000100000011111011111100000100000011111011111100000100000100000100000011111011111100000100000100000100000011111100000100000100000011111011111100000100000100000011111011111011111
100000011111011111100000011111011111011111011111011111100000011111100000100000100000100000011111011111100000011111011111011111100000011111100000011111011111011111100000100000011111011111011111
100000011111011111100000100000100000100000100000100000100000011111011111011111100000100000100000100000011111011111100000100000011111100000011111011111011111011111100000011111011111100000100000
100000100000011111100000011111011111011111100000011111100000011111011111011111100000011111011111011111100000100000011111100000011111011111011111011111100000011111011111011111011111011111011111
100000100000011111011110100000100000011111011111011111100000011111100000100000011111011111011111011111011110011111011111100000011111100000011111100000011111100000100000011111100000100000011111
011100100010011111011011011111011111011111100001100000100001100000011101011110011111100010011100100001100000011111011111100000100000011111100000011111011110100000100000100001011111011111011111
100000100000011111011111100000011111100000011111100000011111011111100000100000011111011111011111100000011110011111011111011111100000011111100000011111100000100000011111011111011111100000100000
011111011111011101011111100000100100100000100010100000100010011110011111011011100000011110011111011110100011100001100011100000011111100000011111011111100010011110100000011101100001100000011011
100000011111100000011111100000011111100000011111100000011111011111011111011111011111011101011111011111100000011101100000011111100000100000011111100000011111100000011111100000011101100000100000
100000011111011111011111100000100000100000100000011111100000100000100000011111100000100000100000100000011111011111011111100000011111100000011111011111011111011111011111011111011111100000100000
011111100000100000011111011111011111100000011111100000011111011111011111100000011111011111100000011111100000100000100000011111100000100000100000011111011111011111011111100000100000011111011111
011111100000011111011111011111100000100000100000100000100000100000011111011110011111100000011111100000100000011111100000011101011111011111011111011111100000100000011111011110100000011101011111
100000011101100000100000100010011111011111011111011111011111100000100000100000011111100001100000100000100000100010100000100000011101100000011111011110100000100000011111100000011110011111011111
100000100000011111100000011111100000011111011111100000100000011111100000011111011111011111011111011111011111100001011111100000011111011111011111100000011111011111100000011111011111100000011110
100000011111100000100000100000011111100000100000011111100000100000011111100000011111100000100000100000100000011111100000100000100000100000100000011111100000011111011111100000011111011111011111
011111100000011110011100100010100000100000100000100000100000011111011111011111011111011111100000100000100000100000011111100000100000100000011111011111011111100000011111011111100001011111011111
011111100000011111100000100000100000011111011111011111011111011111100000011110011111011111011111011111100000100000011111100000100000011111011111100000100000011110011111011111100000100000100000
011101100000011101100000100011011111100010011101011111011101011111100010100000011110100100011111011111100100100100100010100011100000011100011110011101011101100010011011100000100000100011011111
011111100000100001100000011101100000011101011110011111100001011111011101100010011111100000011111011100100000100000011111100000011111011111100001011111011110100000011110100000100011100000100000
100001100000100000100000100001100000011111011110011101100001100011100000011101011111011101100000011100011111100000011110011101011111100011011111100000011110011110011111100001100000011110100010
011111011111100000100000011111011111011111100000011111100000100000011111100000011111100000011110100000100000011111011111100000100000011111011111011111011111100000011111011111100001011111100000
011111100000011111100001011101011111100000011111011111011111100000011110100000011101100000100000100000100000011111011111011111100010011101100000100000100000100000100001011111100001100000100010
011111100000011111011111011111100010100010100000011111011111100000100001100010100000100000100000100001011110011111100000100000011101011110011111100000100000100000100000011111011110011111100000
100011011100011111011100011111100000100000011110100000011110100010100000011111011111100011011111100000100000100100011101100000100000011101100000011110011110100010100000100000011111011110011111
100000100000100000100000100000100000011111011111100000011111100000100000011111011111011111100000011111011111011111100000100000100000100000100000011111011111100000011111011111011111100000100000
100000100000011111100000100000011111011111100000011111100000011111100000100000100000011111100000100000011111011111011111011111100000100001011111100000011111100000100000100001011101011111100000
011111011111100000011111011111100000011111100000100000100000100000011110011111011111100000011111011111100000100000100000100000011111100010100000100000100000100001100000100000011111011111011111
011111100000100000100000100000011111100000100000100000011111100000011111011111011111011111011111100000011111011111100000100000100000100000011111100000011111011111011110100000011111100000011111
011110011111100000100000100000011111011111100000100000011111011111100000100000100000011111011111011111100000011111100000011111011111100000100000100000011111100001011111011111100000100000011111
011111100000011111011111011111011111100000011111100000011111011111100000011111011111011111011111011111011111011111100000011111100000100000011111100000011111100000100000100000100000011111011111
011101100000100000100000100000011111011110011111011111011111100000100010011111100000011111011111100000011111100000100000100000100001100010011111011101100000011110011110100000100000011111011101
011111100000011111011111100000100000011111100000011111100000011111100000011111100000100000011111100000100000100000011111011111100000011111011111100000100000100000011111100000011111100000100000
011111011111011111011110100000011111011111011111100000011111100000011111100000100000100000100000100000100000100000100000100000100000100000100000011111011111011111100000011111011111100000100000
100000011111100000011111100000100000100000011110011101100001011101011111100011011110100000011111100010011111100000011111100000100000011111011111100000011110011011011100011101100000011101011111
011011100010100000100000100000011110011111100001011111011110100000100000100000011111100011100001100010100001011101011111100000011110011111100011011111011110100000011011011111100000011111011110
100000100000100000100000011111100000011111100000100000011111100000100000100000100000011111100000100000011111100000011111100000011111100000100000011111100000011111011111011111100001011111100000
100000100000100000100000100000100000011111100000100000100000100001011111100000011111100000011111100000100000100000011111100000011111100001100000100000100000011111100000100000100000011111100000
100000100000011111100000011111100000100001100000100000011111011111100000011111011111011111011111100000011111011111011111100000011111011111100000100000011111100000100000100000100000100000100000
100000100000100000100000011111100000100000100000011111011111011111100000100000100000011111011111100000011111100000011111011111011111100000100000011111100000100000100000100000100000011111100000
011111011111100000100000100000011111011111011111100000011111100000100000011111100000011111100000011111011111011111011111100000100000100000100000011111011111100000011111100000011111100000100000
011111100000011111011111100000011110100000100000011111100000011110011111011111011111011111100000100001100000100001100000011111100000100000100001100000100000011111100000011111011111011111011110
011111100000011111011100100000011110100011011110011111011110100000100100100000100010100000011111100000100001100000011101011110011110100000100100011111011110011111100000011100100010011110100000
100001011111011111100001100000100000100000011111100000011111011111100000011111011111100000011111100000011111011111100000011111011111100000100000100000011111100000100000011101011111100000011111
011111011111011111100000100000100000011111011111100000100001100000100000100000011111100000100001100000011111011111011111011111011110011111011111011111011111100010011111011111100001100000011111
100000100000100000011111100000100000011111100000100000100000011111011111011111100000011111100000100000100000100000100000100000100000011111100000100000100000011111011110011111100000011111011111
011101011111011101100001100000100010100010011111011110011111011111011111011111100000011111011101100000100000100000011110100000100000011111100010100011100000011111100001100000011111011111100000
011111011111100000100000100000011111100000100000100000011111011100011111011111011101100000011111011111011111011111011111100000011111011111011111100000011111011111100000100010011110100000011111
011111011111011111011111100000100010100000100000100000100010011110011110011111100000100000100010011111100000011111011101100000011111011110011111100000011111100000100000011111100000011101100000
011111011111100000011111100000100000011111011111011111011111100000100000011111011111100000011111100000011111100000100000011111100000100000011111100000100000011111100000100000100000011111011111
100000011011100011100000011111011011100000011101011111100000100000011011011111100000011111100101100010011111011011100100100000011111100010100000100100100010011100011111100001100011100000011100
011110011111011111011110011111100000100000011111100000100000011111011111100000100011011111100001011111100000011101100001011111100000011110011111100001011101011111011110011111011111100000011111
100000011111100000100000100000100000100000011111011111100000011111100000011111100000011111011111011111100000100000011111100000100000011111011111100000100000100000011111011111100000011111100000
011111100000100000100000100000011111011111100000100001100000100000100000100000100000100000011111100000011111100000011111100000100000011111100000100000011111100000100000011110011111100000100000
100000100000011111011111011111011111100000011111011111100000011111011111100000011111011111100000100000011111011111011111011111100000100000011111011111011111100000100000100000011111011111011111
011111011111100000100000011111100000011111100000100000100000011111100000011111100000011111011111100000011111100000100001100000011111100000011111011111100000011111100000100000011111100000100000
011111011111100011011111100000100000100100100001011110011111100001100010011111011111100010011111100010100000011111100000011111100000011111011111011111011111100000011101011111011111011101100010
100000100000100000011111100000100000011111011111011111100000100000011111100000011111100000011111011111011111011111100000100000100000100000100000011111100000100000100000011111100000011111011111
011111100000011111100000011111011111011111011111100000011111011111100000100000100000100000011111011111011111011111011111011111011111011111011111100000100000011111100000011111011111100000100000
011111011111011111011111100000011111011111100000100000100000011111011111100000011111011111100000011111011111100000100000011111011111100000011111011111011111100000011111100000100000100000100000
100000100000011111100000011111011111011111100000100000100000011111011111011111011111100000100000011111100000100000100000100000011111100000011111011111100000011111100000011111100000011111011111
011101011111100000100000011111011111011111011111011100100000100001100000100001011111100000011101011101011111011111100000100000100010100000100000100000100000100010100000100010100000011110011111
011110011101100100100010011101011111100000011111100001011111100001011111011111011011011100100000011111011110011111011110100000100010011111011111011110011111011110100100100010011011011100011011
100010100000100101011111011111011011100100011011011111100100100010100010011101100000100000011111011100011101011101011111011111011110011011011100011111100000100000100001100000011011100000011111
011111011111011111011111011111100000011111011111100000100000100000100000100000011111100000011111100000011111011111011111100000011111100000100000100001011111011111011111100000011111011111100000
100000100000100000011111011110100000011111011111100000100000100000011111100000011101011111100000100001100000100010100100100000100000100000100001100001011111011110011111011111100001100100011111
011111100000011111011111100000011111011111100000100000100000100000011111011111100000100000100000011111100000100000011111100001100000100000100000100000100000100000100000100000100000100000011111
100000100000100000100000011111011111011111011111100000011111011111100000011111011111100000011111011111011111100000011111100000100000011111100000011111100000011111011111011111100000011111100000
100000011111011111011111100000100000100000011111011111100000100000011111100000011111100000011111011111100000011111011111100000011111011111011111100000100000011111100000100000011111011111011111
100000100000011111011111100000100000011101011111011111100000011111100010100000011111100000100000100000100010100000100000011111100000100000100010100000100000011111100000100000100000100010011111
100001100000100000011111011111100000011111011111011111100000100000011111011111100000011111100000011111100001011110011111011101100011100000011111100000011100100011100000011100011111100000100010
011111100000100000011111100000011111100001100000011101100000011111100000011111100000100000100000100000100000011111100000011111100000100000100000100001011111011110011110100000100000100000011111
100000011111011111100000100000011111011111011111011111011111011111100000011111100000011111011111100000100000011111100000011111011111100000011111011111100000011111100000100000011111011111011111
011101100000100101100010011101011111100100100000011101011110100100100001100000100000011101100000100010011100100000100100011100100000011100100010011111011111011101011110011111011101100000011011
100000100000100000100000100000011111011111100000100000100000011111100000011111011111011111011111011111100000011111100000011111011111011111100000100000100000100000011111011111100000011111011111
011111011111011111011111100000011111011111011111011111100000011111011111100000100000011111100000100000011111011111100000100000011111011111011111011111100000011111011111100000100000100000011111
100000100000011111011111100000011111011111011111011111011111011111100000011111011111011110100010100000100001011111100001011101100000100000100000011111011111011111100000011111011111011110011111
011111100001011111011111011111011111100000100000100000100000100001011110011111011101011111011111100000100001011111011111011111011111100000011111011101011111100000100000011111100001100000100001
011111011111011111011111100000100000011111011111100000100000100000100000011111100000100000011111011111011111100000011111100000100000100000011111011111011111011111011111100000011111100000011111
011111100000011111100000100000011111011111011111100000011111011111100000011111011111011111100000011111100000100000100000100000011111011111011111011111100000011111011111011111011111011111100000
100000011111100000100000100000011111011111100000100000011111100000011111100000011111100000011111011111100000100000011111011111011111011111011111100000100000100000011111011111100000011111100000
100000100000011101011101100000100000011100100000100000011101100000100000100000011111100000011111011101100010100000011111011111011101011111100000011101100000011111100001100000100000011110100000
100000100000100000100000011111011111011111011111011100011111100001100000100000100000011111100001100000011110100000011101011101011111100000011110100010011111011111100000011111011111011111011101
100000100000100000011111100000100000011111011111100000100000100000011111011111011111100000011111100000011111011110100000011101011111011111100000011111011111011111100000100000011111011110011111
100000100000100000100000011111100000011111100000100000011111100000100000011111100000100000011111011111011111100000100000011111011111011111100000100000011111011111100000100000011111011111100000
100000100000100000011111100000100000100000100000100000011111011111100000011111011111100000100000011111100001011111100000100000011111100001100000100000100000011111100000100000100000100000011111
100000011111100000011111011111011111100000100000100001100001011111011111100000011111011111100000100000011101100000011111011111011111100000011111011101100000011111011111100000100000100000100000
011111100000011111011111100000100000100000011111100000100000100000011111011111011111100000100000100000011111100000100000100000011111011111100000100000011111011111100000011111011111011111011111
100000011111011111100000100000100000100000100000011110100001011111011111011111100000011111100000100000100000100000100000100000100000011111100000100000011110011111100000100000011111011111100001
100000011111011111011111011111100000011111100000100010011111011110011111100000011111100000011111100000100000100010011111100000100000011111100000100011011111100000011111100001011111011110100000
011111100000011111011111100000100000011111100000011111011111100000100000011111100000100000100000011111011111011111011111100000100000100000100000011111100000011111100000100000011111100000100000
011111100000100000011111100000011111011111011111011111011111100000100000011111011111011111100000011111100000100000011111100000100000011111100000011111011111100000100000100000100000100000011111
011111100000011111100000011111100000100000100000100000100001100000100000100000100000100000011111100000100000011111011111100000100000011111100000011111100000100000100000100000011111011111100000
011111011111100000100000100001011111100000011111011111100000011111011111100000011111100000011111011111011111100000011111100001100000011111011111011111011111100000011111100000011111100000100000
100000100000100000100000011111100000011111011111100000011111011111100000100001100000011111100000011111100000011111100000011111011111011111011111011111100000011111011111100000100000011111100000
011111100100011111011111011101011111011011100001011101100100011011011111011110100010100101100000100000011111100011011100100000011111100001011111100000100100011110011111100011011011011111100000
100000100000100000100000100000100000011111100000100001011111100000011111011111100000011111100000100000100001011111100000100000011111011111011111100000100000100000011111011111100000100000011111
100000011111100000011111100000100000011111011111011111100000011111011111011111011111011111100000100000100000100000100000011111011111011111100000100000100000011111011111011111011111100000011111
011101011111011111100000100011011111100000011100100001100000011110100011100100100010011101100011011111100000011011011111011111100000011101011101011110100000100000011111100001011110011110011111
011111011111100000011111011111100000011111011111100000011111011111100000011111100000100000100000011111011111011111100000100000100000011111011111011111100001011111100000011111011111100000100000
011111011111100010011111011111100001100001100000011111100010011111100000011110011111011110100000011111011111100000011110011111011111100001011101011111011110100001011111011111100000100000011111
011101011101100000100011100011011111100001011100100001100000011111100011011111100000011101011111011111011111100000100010100011011111100000011111011111011111100001011101011100011100100011011111
011111100000011111011111011111100000100000100000100000100000100000011111100001100000011111011111100000011111100000100000100000100000011110100000100000011110100000011111011111011111100001011110
011111011110100001100000100000011111011111100010011111011101100001011111100000100000011101011111100000100000100000100000100000011111100000011111011101100000100010100000100000100000100000100000
100000011111011111100000011111100000100000100000011111100000100000100000011111100000100000100000011111100000100000100000011111011111100000011111011111100000011111011111100000011111011111100000
011111100000011111011111100000100000100000011111100000100000011111011111011111100000100000100000100000100000011111011111011111100000100000100000100000100000011111100000100000011111011111011111
011111011111011111011111100000100000011111100000100000100001100010100000011111011111011111100000011111011111011111100001100000100000100000011111100000100000100000100000011111011110100000100000
011111011111011111100000100000100000100000100001011111100000100000100000100000011111011111100000100000100000100000100000011111100000100000011111011111011111100000100000100000011111011111100000
100000011111011110011111011111011111100000100001011111011110100000100000100000100000011111100000100000011111100000100000100000100001100001011110011110100000100000011110011111100000011111100000
011101100000011111011111011111100000011111011111011111100000100000100000100000100000100000100000100000100000011110100000100000100000100000100000011111100000100001011111011111011111100000100000
011110100011011111011111011111100000100001100010011101100000011110011101011111011111100000011111100000011110100000011111011101011111011111011111011111100010011111011101011111011101011110100000
011111011111011111011111011110011111011111011111100000100000100000011111011111100000011111011111100000011111011111011111011111100000100000100000100000011111100000100000011111011111100000011111
011111100001100001011111100001011111100011011111100001100000100011011101011011011111100000011100011111011110011111100011011111011111011111011111100010011111100011100000100011100000100001100000
011111100000100000011111100000100000011111100000011111011111100000100000011111100000100001011111011111011111011111011111100000100000011111100000011111011111011111011111011111011111011111011111
011011011100100010100000011111011100100000100000011111100000011111011110011110011110011110011111011111100000011111011111011110011111011111011111011111100000011101100000011110100000011110100000
011111100000100000100000100000011111011111011111100000100000100000100000011111011111011111011111100000011111011111100000100000100000100000100000011111100000100000011111011111011111100000100000
011111100001100000011111011111011111100000100000011111100000011111100010100000011111100000011110011111011111100000011111100000100000100000011111100000100000100000100001100001011111011110100000
011111100000100000100000011111011111011111100000100000011111100000100000011111100000100000100000011111100000011111011111100000100000100000011111011111100000011111100000011111100000011111100000
100000011111011111100000011111100000011111100000011111100000100000011111011111011111011111011111011111100000100000011111100000100000011111100000011111100000100000100000011111100000011111100000
011101100010100011011110100010100001100000100000100100011101011100011110100101011110011110011011011011011101100001011100011010011100011111011101100001100000011111011010011100100001011100011110
100000100000100000100000100000100000100000011111011111100000011111100000011111100000011111011111100000011111100000100000011111011111011111100000100000100000011111011111011111100000100000011111
100000100000011111011111100000011111011111011111100000100000100000100000100000011111011111011111011111011111100000100000011111100000100000100000011111100000011111100000100000011111011111011111
011111100000100000100011100101011100011011100000100000100000011111011101011110100000011111011011011101011011011101011111011101011100100100100011011111011111100000100000100000011111100000011111
100000011111011111011111011111011111011111011111100000011111100000100000100001100000100000100000100000011111100000011111011111011111100000011111011111100000100000011111011111011111011111100000
100100100000100000100000011100100011011101011111100000011101011111011111100001100000100100100011100000011111100011100000100000011111011111011110100001100000011110011111100010011100011111100000
011011100010100011100001100000100010100010100010100100100000100001011110100101100101011100100100011101011100011111011110011110011100100101011110100011100101011110100011011100100001100001100010
100000011111011111011111100001100001011111011111011111100000011111011111011111100000100001011111100000011111011111011111100000011110100000100001011111100000100000011111011111100000011111100000
011111100000100000100000011111100000100000100000100000100000011111100000100000011111100000011111011111011111011111100000100000011111011111011111100000011111011111100000100000100000100000011111
011111100000100000011111100000100000011111100000011111100000011111100000100000100000011111011111011111100000100000100000100000011111100000011111011111100000100000100000100000100000100000011111
011111011111011111011111011111011111011111100000100000100000100000011111100000100000100000100000011111100000011111100000011111100000100000100000100000100000100000011111011111011111100000100000
011111100000011111011111100000100000100000011111011111011111011111100000100000011110011111100000011111100000100000011111011111011111011111011111011111100000011111100000011111011111100000011111
011111011111011111011111011111011111100000100000100000011111011111100000011111011111100000100000011111100000011111100000011111100000011111011111011111100000011111011111011111011111100000100000
011111100000100000011111011111100000100000100000011111100000011111011111011111100000011111100000011111011111011111011111100000100000100000011111011111100000100000100000100000100000100000100000
011111011111011111100000011110011111100000011110100000100000011111100000100000011111011111100001011111100000011110100000011111100000100000100000011111100000011111011101100000100000100000011111
100000100000100000011111100000011111011111100000100000100000100000100000100000100000011111011111011111100000100000100000100000011111100000100000100000011111100000100000100000100000100000100000
100001011101100000100000100000100010011111100000100000100000011101011111011111011111100010011111011111100000100001011111011110100000011111100000100000011111100000100000011111100000100000011111
100000100000011111011111011110100000100000011111011111100000100000100000011111100000011111011111011111100000011111100000100000011111100000011111011111011111011111011111011111100000100000011111
011101011111100000100001100010100000011111011111011011011111011111100010011010011110011101100000100000011100100010100000011101011111011111011011011111100010100000011111011111100000011101011110
011111100000011111011111011111100000011111100000100000100000100000011111100000011111100000011111011111100000100000100000011111011111011111100000011111100000011111011111011111011111011111100000
011111100100100001011110100001011111100010100010100010100001011111011110011111100000011110011011100000100000011100011111100001011111100000011111100000011111100001011111011111100000011110100000
100010011101100001100000011111100000100000100000100001011100100000011111100010011010011110100011011101011101100000100000011111100000011111011011011110011111100000011101100000011111100011011011
011010011010011010011100100011100110011100100001011100100010100001011111100000100100011100100000011100011101100000100011011010100110011111100001011101011100011100011110100101100001011101011100
100000100000011111100000011111011111100000100000011111100000011111011111100000100000100000100000011111011111011111011111100000100000100000100000011111011111011111100000011111011111100000011111
011111100000100000100000011111011111100000100000011111011111100000100000100000100000011111100000011111011111011111100000011111100000011111100000100000100000100000011111011111100000011111100001
100000100000100000011111100000100000100000011111011111011111100000011111011111100000011111011111011111011111100000100000100000011111011111011111100000100000100000011111100000100000100000100000
011111100000011111100000011111100000011111100000100000011111011111100000011111100000100000100000100000011111100000011111011111100000011111011111011111011111011111011111011111100000011111100000
011111100000100000011111011111100000100000011111100000100000011111011111100000100000011111011111100000011111100000100000011111100000011111011111011111011111011111100000011111011111011111100000
100000011111100000100000011111011111100000011111011111100000011111011111011111100000011111011111011111100000011111100000011111011111100000011111011111011111011111011111011111011111100000011111
011111100000011111100000100000100000011111011111011111011111011111100000011111011111011111100000011111011111100000100000011111100000100000011111100000100000100000011111100000100000100000011111
100000011111100000011111011111011100100001100000011111011111011111011111100000011110011111011111011111100000100000100001011101100011100001100010100000011111011111100000011111011111011111100011
100001100001011111011111100001011111011111011111011111011111100000011111011111100000011111100000011111011111100001011111100000100000100000011111011111100000100000100000100000011111100000100000
011111011111011111011111011111011111011111100000100000100000011111100000011111100000011111100000011111011111011111011111100000011111100000100000100000100000100000011111011111011111100000100000
100000011111011111100000011111100000011111100000011111011111100000011111011111100000011111100000011111100000011111100000011111100000100000011111011111011111011111011111011111100000100000100000
100000100001100000011111100000100000011111011111100000011111100000100000011111100000011111100000011111011111100000100000100000011111100000011111100000100000011111100000011111011111011111100000
100010100001100010100000011111100001011110011100011101011100011111011101100000011101011111100001100000100000011111100011011110100000011111100001011101100000011111011111011111011111011111100000
011111011111011111011111100000100000011111011111011111100000011111011111011111100000100000011111100000011111100000100000100000011111011111011111011111100000011111100000011111011111100000011111
100000100010011110011111100010011110011101011111100000100000100000100010011100100010100100100001011010100000100000100001011100011110011111011110011110100001011100011110100000011111011111100000
011111011111011111100000011111011111011111100000011111011111011111100000100000100000100000100000100000011111011111011111100000100000011111100000100000100000100000011111011111011111011111011111
011111100000100000011111100000100000100000011111011111100000100000100000100000100000011111011111011111100000011111011111011111011111011111100000100000011111100000011111011111011111100000100000
011111011111011111100000011111011111100000100000011111011111011111100000100000011111011111011111100000011111011111100000100000100001100000011111011111100000100000100000011111011111100001011111
100000011111011111011111011111011111100000100000100000100000011111011111011111100000011111011111011111100000100000100000011111100000011111100000011111100000100000100000011111100000011111100000
100000100000100010100001011111011111100000011111011111100000011111011111100000100000011111011111100000100001011111100000011110100000011111100000100000011110011111100000100000100000100000011111
100000011111011111011111100000011111011111011111011111011111100000011111100000011111100000011111011111100000011111100000100000100000011111100000100001011111100000011111011111100000011111100000
