011111110110110001110110001001110101001000001010101111001111110110110101101111001110110110110000001000110110110111110011110011010001110010001000001101111010110010001101010000000111010010110000
011111001001000101110011110001000100111001001010110111001011110110001010111001001100001001000110001110000111001100110011110011001001001010110011001110001001110011110011001110001011110001001111
011111010011101101010110010010101110110101101110001111101101101110101110110011110010101111110001101111101010101101101011101100010000101110010101110110101111011000101100101101001101110110001011
011111001000110010001101101110110001110001110001110111101101010000101100110010101111110100110010001101010001001101000110110101110010110011110010110111110000001010111001110111110000001011110111
011111001011010000110000001011001001110110110000110000001001010000101101001111110011001001101100110110111010110000110101110110110100001000111001110010001110000111001110001010111000001011000110
011111110111001010000101001100110000110110110101101110111000110000001011110100001000001010000001110100001001001011001010110111110001101111111000110100110010000000001010110110110100000110110001
011111110001110111110010001001001001110100101111110100000111001100010100000100111100001010110101010100001001110010001010110111001011110010001011110000000101001110001010001101010001111000110111
011111101100001001101101001111110101111000001110110010010000110011110010101001010001101101110001010001000111001010110010110001101100110011001110001001010010101100010011101110101111110100001100
011111110001000111110101110010001100001011101100001011010000110100001010010001101011110100000110110010110110001001110000001110101101010011001010001110110100101011001010001111110001110100101111
011111101110111001110001111000110000010011110010101010001011001111110001110010101111001010010110001000110111001010110011101110001100010011111000110011010001110001101110001010010110010000100111
011111110000111010010001000111001100110101110111110001010011110001110010110001110100111000101111001011011000000110010000110110001110001111001111001011001110001101110010101110101000101111010100
011111110010110000110001001110101111101101101110110101010000010110010001110101110111010000001110010100101111010001001001001011001110010011110010110010110100001100001100101100110100110101001011
011111001010111001111100110111001001001100001011001011110101000101101111001100110011110001110001110001101101000100110010001101001000001010001101110001001110000110110000001110110011001101001110
011111101100101011110000110100001110101001101101110100001110101011001101001000110010001101001011110011001110001010001011010001001101101111001110001000110001110100001011101001110111001111101100
011111001001110001101110001111110110111001001101001001110100000010001011001001110011001101001000001010110011001111110101110111001001010001110110001010111010110010101111001011001110110111000101
011111110000110111001110000010001101000110001000101110001100110101110011001111110010110111111100111001110011010100110100001101111000101111010011000110001100101110101111110101001001001111000101
011111110010101100001101101111001100001000101111110010010010001101001011101110101110110010110010010000101101010011001111010000101001110000001110001111001111001000010010001011000111010000001010
011111110010110101111001001011111100001110110010110100001001111001001111110101110111101111110110001000001100110000001100111101110000001110001010010001001000001010110011010111001001110010010100
001001010000110010001000000101110100001001001100010001111011001001110110110000110010110100010000001011000101001010001110000110010000110011110011110101000110110100110010001010010000110111101111
111000111011001011001101000111000111111000110001110001000111111010101101001011111010110011110101110010010000001011110100110010110100010001110011001010110010110111111000001011110010110011001010
000011001001110110110111000100000111110001111010110010001010010000001101111000000111010000001000110000001101001111001101001010010001001011110001110010101101000100000111000111110010110000001101
110111001001000001001011001100001000001101001100010001001000110011110001110011101111001010001111110101110001110110001100111110000001110000101001001011001001110111001111001011000111001110110010
001101001111110010011000110011101111110010010100001110001010110010001111110011110100010111101011101111001011001110010011110000111000001110110000110001110001010101110000110010110001001000110010
010010010000001110001101101110010111110111110101100100110100110000110101001010001011001101001111111000001011110000110100000111001110110011110110111001010010110011110001001011001011010010101010
101111101110101110001110010000101010010010101110010011010001010000001111010100101101010100010010011100001111101101101000010101010011101110001110101111011000010011101100110010101010010110101100
110000010000110101101011011000101011101010010001001101001111101101110010001111111001010011110010010001010001001101111000010011010001101001101101010010110000101110010000001011110010001011110110
010000110000110010001100110101110010110111001101110000010001001011110110001110001100110100101110101111110011001110101101010010010000110101010000110000110110001010110110110100101011110000110011
010000001110110100110000001110110011110011001011101100010000010011010010110000101111001101110010101111001011110100110000001101101101101000110000110101101101001101010001001111110011010000110010
001101000111110000110111110011001000110011110000001101111000110010001100110011001101110001110110001100001010001010111000000111110100110100111000000100001000110101001001110011010001000011001101
111000110011010010010100101100110101001100010011001011110010110001010101001011001000110011110111110010010001001111001011001110111001001101110001101101001111110110001011001110010100010000101011
101101001001110011101111110101001000010010001001111000000101001011111000001011000101110001110101001111110000111000110000101100010000010001001100110000010010110000110101001011000110001111111000
101111001010111000110100110100110001001111010010001110010011001110010100001100101100001101001110001111010001001100001010001001110100001000110111001000110011001001001100001110110001101110101110
101011001001001101001101110010001101001010110000101111101101110011101101001000110010001101110010110101001011110111101011001111010001001110001101101101101110001101001001000111110001101011010000
001111101111010000001011001110001010101100010001100110010001001101010010010001010010001111001101010010110011010000001011010001001101010000101110010100101110101110010100100011001011101101110110
110101101111010000110000110111001000111010101101000010001101001000110110110101110111111110001011010000110110001110001000110010110001111000001001101110000111111011101111110100110001101111010000
110100010011101111001101110000001001110000101010000111111000101101110000001010110001010011110010110100110010110010001011101001001101101011001011010001010000110011110100001010001110001100110100
110001110111110011101100110111110000101111001101001011110100111000001000110010001000001110101111001111101011101110101010101101010100001101001000101110110010001100001100110101001011110111101110
010100110001110010001101110101101111001100010000110011110000101001110011010000001011110000110000001111001101010010110101101100001010110000010001001010101111001101010000010001010101101101101101
001111110000001010110010001111101100101001111010110010110101001110001011001101101110101111001000001110001111010011001010101001001010000110110110001001101111101011001000010000001100110110000111
001101110011110011001010101111010010001000110011100111001011000110001100101111000110010000010000101110111000110011010010001000001010001011010000110001010011001010110100101100001010110010110010
110101110000110001110111001011001101001010110010001010110101110111110001001110110111101101110000001110110011001010000011110001000011001001001001110100110011110110110100000100001011010000110111
110101101101110110001110010010010000110001001001010101110011110011001111010010101001110010110100001101010000110001110000101110001011110100010000101110001100110101010101001010110001001110011001
110001010011101110001010001100010000100101111011101100001111110101110111001111001010110110010101110101001110000110001010110010110101111000111011111001110110001000001010111001110110110101001011
110000110110001111111000010010110100110100001001110011010011101101101110110000010010110010001010001111001110010010001101101001101110010001010010010110010111110101001111010001110001001001000111
110010110011101111001101001111010000101111010000010110001110001101101100001101101010010100101010110001101000101101110010010011110001010011101010001110001110110000110001101111110010101110001110
110100001111110011000111000110010100111101001111110001111000001111110011001010000110000100110111001011001010110010000010110000110110001001111000001000010000001010001001001010110000010010010001
110010001111110001110100010001110111010010110010110111110001101111001000001001110001110100001101001101110011001110110100101000010011101111001111101010010111010011010010101100001010110001101110
001101110100110110001100110111001101001111001010001011110110110100000111010100001110010100110100111000001000001010110001001110110001001001110100111000001010111010001010110001001011001110110100
110000110110001101110001110111001010001011001001001111001111001100010001110101001101101010001101001001110011110101101111001101010000110100111000010001001111110000001111001110110100110010001101
001100101101110000110101001001100101101110001000001101010001001010101100101111010000110100010100101110001101101100010011010000101111101110110011001000101100001000110001010011001101110001010011
001101101110110010101001110010110011001010101110010001110000001011110000010001010001001100110000101100001011001110010001001111110001101111010010010010101101110111110000110000101011110110001111
000111001101001011001101010000000110110001001111001010001100110110001111001101110100001001110110111001110111010010001010110010010001110010000111001000110001001111110011110100110101001011001001
001101110011001100111000010010001111010011110101110011110001110011101100001110001011110011001101110101010001110110001101001110111000001100001001110100010010000111110011110101101100010000110001
110111001010010000101111001110001011110010101011001101001001001010001010010000110000110010110010010101011000101111110100101011010000001100110000010001011001010110010001110010101111101011001110
101111001111110000001101101101110000110000001000110001010001001001110000001100101011110000101111001100010000110001010000001100010000110100010000001101001100001110110111001101101001110001111000
110001001101001110010110110001111000111001001010001001111001110100110011110100001010101110110010001101110110110000110010101100110101111010001000110111001111001100001000110011010001110001101011
000111111001010001010001111010101110001111110110101111001100110000001000001011110000110110110000101011000110001001101101111000000111000011110000001010110101110100001110010001001011110110000011
110001001110010000110001001101111010110100001000001111010011001110001000001010111000111000001111001000001111010001001110010000110011001000110111001111001010110110001101010001111001001110010000
001001000100110100110110110100110011110100001011001000001100001111001100001011111101110101010011110010001001000011110111010000111000110100101110111001000011110010110001101110110101001100110101
110110010000110011101101001101110100110011000110110011111000110100101111110011110110001111111001000110010011001101001100001100101010110010001010110000000110110010101101001110101111110000110110
110000001001110001001101001000001001001101000111001110010010010010011000001011001100110001001100110000010001110010101110001000111101001110110001010000110010000011001110101111001100001000001110
101101010000101101010011001101010010110001101110001110010110001001001010011001110101110010110111001011101111110100001111001111110000101110101101001100110010110000001001001110001010110001110011
110010101011110100000111010011110000110010101111001111001101110101001001001110101111001000101101110000001100110100001100001101001100101111001011101010110011110011101001010000001101001111010011
001111001011110111101111110011111000001100001101110001001001111000110111010001001011110000010000110000010000001101110000001011001111010010001101010011001111010101010001110011110110101111101011
110110001101110001110101110110001110110010101100110000101011110010110001010011101101110001001111110101101111010100110010110011101100110001110110110100010001010000101110001011001111110000001110
010010001111010000001000001010001010101101110001110001001110001010001111010100110001110100110001110011010000010111110001010001101101110110110100110001010000110001110001001101001111000111001100
110011001110110000001111001000001000001000001101001111001001010010111000001000111011001000110100001100110110110011001101110000101110001011110101110110001100110000111011001010001010110010000111
001100110100110010001100001011101110110100110100110011001010110011001101001010010010110001001110001111101111110101110101000101110011110011001111010001000110110010001101110011110010001000010100
110110101111110110010000001111110000110000001100001110010000110110010010110011010011110000011001001100001111110100110001010011101011001100101111101110001101010001010100101001010000110000101110
110100110001101111010100110011110010110100001011101111110001110001101011000111001011001111001011110010110111001001001000010010110000010101110000010011010010110101001100001101101010001011010000
010001110001101110101001110100110110001010001010111000000101001100110010101001000101110011110100001000001101001000101101111000001010001001110001010100010010110001010001110000010001001110101110
110101010000101111110011010001101100101100110101001111001110001111001100101111110101010010001101110101110000001110001011010001110100001110110010101110110001010011001011010001101111001100110011
101110101110110110101101001111110100101110010001101101001011101110101110110000001011110100101101110010110010100110001010010010110010110110001101001101001011101100110001110000110011010010110100
010000110001001101001011110001110100111001001100001110110001101111110011110011101111101010001000010001001100001111010101101100001110001011110011001110010001110011110011101011110000110001110110
110110001001101111010100110001010010001111101111001110001111101110110001101101110011110111001110101111010001010001110010110011010101001110110001101011010101001101010101101101110000110011110101
110011111000001000010101111000101101001110010000101111110111101011001110110100001111001010110011110010110100010101001001001111001110010101001111110100001001001111110111101110010101101111110011
010101010001110010001001101111110110001111010001110101001101110011010001110111110100110011110100001101010011111000110110110011111000111001001010110001110101110001101101000101110010000101110001
101110110110010000001101000111001100101010110110101101001111101111001110010101110000110011001111110011101101110000110001000111110011110100110110110001010010001110101011101110110000110110010001
010000110010110001001110110001110001110111110010110110010001001111010010001001101111001100110111001100001010110001101111010000101111001111010011101101001110110101001101001001001011110000110000
110111001100001011001101110101001111001111010000001101110101001100010001001001001111010000110000001100101110110000101100001110101111001100110101010000001111110101110101110011101100001011101100
001000010100110000010000001100010001010011110000110000110010001010110011101111111010110001001000001001110001001010001101001001000110111001001101101111001101001101110100101110110001001000000111
001111001011110000110010010001001100001101010001001101001111110101010000001111010101101111110100110001110111001100010001001100001100110100001111001010001010110101110100001001101101001010101111
001101010011101100010100010011110011110011101000010010001101110001101110010000101001101110100110110010010001001100110001001110001111101110001100010010010001101001101101001110010010101110110100
010001000110001001110000101110001011001101110101110100001100110001001110010101110010001000001111101101001100001011010000111001110111110000001100010001110100010011111001010000110001110101000111
110110001011010011000110110110001110001011110000001101000101010110000100010001110011110100010001111010110000001111001110010101001000010000001001110010101100110101001110001001001111000101001001
001100110010000111110111000111001000001100010000001101010011001011111010101110010010111100001110110100101110110011001111110111101110010000110100001111110000110110110010001100001111111001111011
110100010100110111001101001010001011110110001011001011110111001111110001001011111001001011001001000111001010001000110101110011110001110111010001001100001010001100001111001101001011110100111010
001100010001110001110111110100101101001101001101001101110110010001111000010000001010110010101110010010001111001000001100110100010010101010010001101111001001010100110000101011110010001100010011
111000101011110110001100001001010001000111001010001111001010110001110001110100110101001011010000001110101111110011110001101111110001010010110010110001110001001010110101110101110110110111101111
010001001010001010101111010000110000110110110110001110010001001010101011010010010000001011010000101100001000001110110010001011001100001101101011110000110110111001001101110001101110101110010001
110011001101111000110110110100010000001011110010110100001110010001110111001100110101101101110010111010110000110011001101001100101111110001110111101111110110110101110001000111101111001000110100
101101001110010100110001010010101101101110101011110010001100110011001100001100001110001110110000001000111000010000101011001100010001101010001010001111110011010011110110110110010011010000010010
110001111000001100001110010010001010101111001111001010001101001111001100001011001000001011010000001110001011001011110011001110101111111010001010101111000110101010010011101100101100111001101111
001011010001001011110100111000000011111000111100110110111000110110111010111001001001001100000101001011000101001010111100111010001011001011110010001101000000001100001100000101110111111011010101
001111111111111001110011001100111000110101110111110111001110110101110100110100110001111000000101110110110100110011110101001110001100110011110110111111110100001010010000110000110100001110001101
001111101100001011110011110110010001101101001001001010000110001111010010110010001000101111001000001101101111110111000110110110001100110010101111110000110110110011001001010000110110010010101010
001111001011101101110011110001001000110000001001111000101101001000101111001100000110111000001000110000110001000111110001001001110001110011010001001010101101111000101111110110001101110101001001
001101101011110001110011110011101010101110010010101110000110101101001101010000101111110010000110100111001010001101001111001100101101001101110100010010010000110101001011001101110001101111010010
001101001011001001110001001000001001111011000100111010001110110011110011001001001010001110001000110000110000001010111001110110001011101011110011001101110111000110001010111011110110110001110010
010001101100000101001100001000110110001110110001101111101111111011110010111010001011001000110010110011101110111011001101001010001100001000110100001101000110001110101111001101001100110100111001
110000101110001010101101101100010100010011110001101111110111110100001111101111010001110001101000001011101010001001010000110000110010001011001110110100010110001101001111110011010001001100001010
001111010001001110110001110100010000001111001111010000101110001010101010110110010001101110110000110000010001101111001110001111110110010001101001001110110000110001101101110100001111101110010100
001101101110111000110011010000001011010100110010110001001101000110110111001110010011110011010011110100101111110001010000100101000110101111110011000111001100000110110111001101110000001100110100
101000110011001111001000010101001011110111110111110111001001001110111000000110110011101011001101001110111000110000001100101111001001000110110110001001001010110111101001000111110101110001001110
110101110100001111000111010001110101001011001110110111101111110011110000001101110000110000001111001101110100101110110010001111110011111001001100101111010000110000110001010011101110101011101101
110000010010111001101111110111001110111000110001010000110101001100001100110010001100110010010100110001101111110100001000001010101111001011110011110100001110001110110011110000101111010001001001
101111000111110010001101001001001111110101110010110001110010101011110001001100001011001000001110101101001000101101101100001010101111110001110110001110001000001101001001110110001011001010110100
001101110011110110110011110011110100110000110011001001010000101100101110110011111101000011001110111001001100101110111000111000110011110000000101110001101110110101110011110000110001110010001010
110000001101101011001000110011110011110101001100001101110010101101001011110100010001110111110100110000110011101111110010010001110100001101101011110000001111110101110111001110110010101111101010
001011001111001001010000110001001010110101110101101111110010101111001010010011110010101101110101001111010101101101101010001011110101001010010011001011001101001010101100110111010010010000011000
001010110100111000001011101111111110110100110100110011110011001111110101111001001011001101110110000101001000111100110100001111110111001011001100110101110010110000110100000010110101110101001010
110100001110001011110011110101110001110111110000101011001010001100110100001101110100001101110110110110001110111001111100001100110000001000101100111100101111001010101101001101110000110011001011
110111101110101111101111001111101010001100110101010011001100010011001001001100110100011010110011001110010001110011110010001101110101101101001101001110001011010000101111001010001100011000101101
111000110100001110010001110001101101010110110010110011110110001011001111001110101111001000110001010001001111101110001011110011110010010110110011010001110010110001110000110110010000000111101100
101010111000010011001010010111001010110010001111110001001010001011101101110011010001001110101111110010110100001110110011111000001110110100001111110011010000001011001011010100110010110101110100
110101110011101110001100001110010011101011110010101110101101010000001101101100110000101110010011110010001011100111001101101000101100001110110010110100110001001100001100001111110011001100001101
101001110101001010110101101010010010001110001011110001010101101101110100001100110101110110110101001100101101110010101101110010001110001110110000110000001001001011001111001101110001101010001110
010000001000010000110000001000110010101000110111110110001001001111110001010001001100001110110110101100001101001001001111110011110001101100111001110011110001010000110110110011010110001111001101
110011110111101100110110101110111001110111111001111000101111010010010010110000101111110100110000101110010110101101101011110001111000110001001100101110101110010010001011110110001110101100010001
101111001101001100001000110010110010001000001111101101010011110101010001110000010001110001101001001111101101110100100100001100001111101110111000001011110001001101001001110011001101110011001100
110000101101001111010000110010010100001011010000110100110010110011001011001001001011001110101110110100010000110101101011111001101110001001001101010001010110001101110000110101010011001011001001
001011110000001100010000001110010001010001101110010010001100001111001110001000001110001100001111010011001111001010001111101110001000101110001001110000010000110100101110001110001111010000100111
110100001011110100010100110110001001001100010011110100001001110110101111101101001101110011010010001111010010110000001000001110110011110010001011001110101111001110001110010011001000110010101101
110011001001101011010000010011001100111000111000110000001110001010110100110110001101001101001101001100110010110011001110001101001011111000001011110010110001010001110101000111010010110110001100
110110010000110100001010110001001110101111111000101100001100101111001111001110101111110010110010001111110011010010111010110100110010101011001000101111110011110001110010000111111000110001110100
110101011011001011010001101001101110001111001101110010110000010001001111101001010000001111110101110011101000101101110110110000101100001001001010001010001111001000001110110010110101010110101110
110001101011010010110110101111001010101111101111101111110110001110001011100101001010101111101110010010001011010010110101110000001111001010001011001101010100110001110100101010101110101000001101
110010001111001010101101101110110101110101001011001101110011001011010001001110110011110011001101101110110111001001001110111001110001001011001011001000111000110110110001110001110001001100110000
101110110001100111101111101110010000010010101111101010001011110011110011001011110101101011001011110011101101110100001100101100110001001111001111001111010000010001101100110011110011001011110011
110000110011010001101110110000110001101001010000110000001100110111101100110001010001101111010001101011010000001010010000010010110010010000110000010010101111101110001001101110110101101111110010
110111001011111011110010000111110010110111110101110101001001000101001010001110110100000110010000110010000110001011110010101111001001010011000000110101001101110100000001001111001011101111001011
001000101110000011110001001001001011110010111101001100001011110011001011000111001111110110001111001100101110001010010001001111110110001000001100001011101111010000001000001001010111001110110011
110100001000110011110110110001001001110000010000110001110010001010101101110100110010010110101111110001010001010011001100001101010010110011110000101111101111001111110101110101001011010001001111
001100001110110110111010001010000111001100101101001001111001111001000011110000001010001100110111010011001110000111000101001111001001001001110000001011101110001001000110001100110001010110000111
001111010010001100001011110011010010010010101111101110001010001111001101001010110110111010110000001111110000110110111010010010101100110000101110110001110001110111001011001101110011101111110100
101111110111001111000110110110110111010000001010110001110011101011010011010001110101110001001100110000001001110100111000001110001010101100001100111000110111110001001101110100000101001001110001
010001001100110001010001101110001000001101101110110001001101110100101101010011001100001110101100110110110101101011101110010111001111010000110100101100110000001000101100110010001100101111110001
001100110101001101111011110100001111101100001111010001110000110110001100001010101100001010110001110011000101001110010001010000001100000111111000010010110010001110110111110000001010000101110111
110001110101001110001010010001101110111000110000110000110001101111001011001011001110110011010010110110010010101011101001110011010010110001010100101111010001110101010111001111001111100111110110
001011001011110010000101001110111010110000110111110010001011001100001001000100000100001011001000001111001011110110110011001001111000001001110101110101000110110100010000001000001100001100110100
110100110011110010010100001001001101101110110110010010101111001101110011101100000011110011010011111001110110001010110100001010001101000011110101000101101101110011001001110011010011001101000111
111000001011110010010000110011001100001101000110001111010010110100110100110001001000110001000111110100110011110111001101110010001110001100101100101100110010001011001001110101110011110000101011
101111010000101110001110101011010000100111010010100010110010101100101110110001001111010000101110001101101010101011101101110001001111010000010001101110010010101111110011101000101100101110001111
111000110101111001001001001111111101001000001001010011110110000111111001110100001010001100000100110011110100110111001010000110001111000110101111001000001100110100110100001010000110110101001000
110001110000001010110001101101010000001100101111001111001000110110010000110111001001101101111000001011010000001010001101110100110001101101101000101011110000110111101111101011110010110001001101
110011000111110111101110110001110011110000101110101111001110110110101111001110110011110010110010001011010101001100001000010001110000110011101110010101101101001100001101001010010100110010001101
110011110010010001010110001110101100100010001111101001110000010011101110110011101101010100001111110001001101010110010001010100110100101011001100101011011001001100001100001110010000101010001111
001101101100001111001011010101101111110010001110001111110010001100001110101110001100001100110000001001110001001100001010001111010111101111110010010011110011010011010001001011110011001000110000
010000010100010010110000110011001011101110101111001100110111110100001100001100010101001010001010110110001011111010001100110000001111101111101110101101110000110100110010001000111010001111000101
001101000111000011010001101110010001111101001010111000000111110011111000110011001011001110011000110111111010010001111000110011110100001011001011001010110110001011001010101101001001110100001000
101111101111001110001110010001001100010110101101010010110011101110001100001101010100001111001110010111001101001011101100010011010000010010001101001100010101010110001111010001010100110010110101
110000001111110001110111010000001101010000001011101110110000001110010001001111110001010001001110001110101000110100001111110000101100110010010000110000110110111000101100110000010000110011110111
110100110110101111001011001001101110001101101110100100001111010000101110101011001100110010110011110101101101001011110000001110001111110001001010110010110011010101001100010110110111010000110001
010000110101110110110010010001110100101100110010000100110100001101001111001010001001010010110101101111110110110010110111010000111011101101110001101100001001101101010011001010001001001100111011
110001110000110001110010001110001001001101001011001010101111010100101110110010001000001011101111001110110111001010110010111000101111001011001111110110101110001101001111110000110010101001110000
000110110111001011111110010000111000110001111110001011110110001011110010001010001111001110000110110010010010010001001111110100110101001110110011010110110111110000001011001000110011001100001001
110010110011110000001110111010110001010100001000110010101111001100001010001100110001110010001111001101101100111000010011110000010101110110001111001111001001001000111001010100110010110000001000
000110010000001011001010110000110010110000111010110000001011110111110011101110001101110100110011001110110101101110001111001001010001001110110010001010110010110011110000101111110001101111110001
110100001010010110010010010101110010101111110001100110101011010110001100101000001010101010101100110110010101001110110000110010001101101110001101101001101101101101010110110101010011010101110001
101110101101110000001111001100110001110110001011001101101011110000010100110000110001110000110000001001001010010000010000010000001010010001001101110101010000010000101111010010110101001110010011
001011010000001110001011101111101011010001010011010111010010010111101110101101110101010010110100010000101101101110010010001011101000010010110011010011110000110101001111110001010001110001001110
110000110010000111000110010100001010110010000111101010001110101111111010110111001101110100001110110111110110110110110111000111110011001110001110001010101110110110001110110001001100001110001010
010001110001111001110110101100001111110010110011110001101110110100001101110001110000001011010001110101110000001100110000001110001101110101111000010100110001110010010000010100001100001100001101
000111001111001000110011001011000000110011110111010110001011000010110000110010101001101111111000111010110000110101101101111100000101110110111010001000110010010000110101110011110110001100001000
101011110011010000010010001101001011001110111000110000100111101100010010010000010100110011001100110001110001110011110110101111101101001011111000110011110011110001001011110101110000001100110011
001011110100000110010000001001111000110001110101110111110101110101110001110100110010001001001100000011110101010010110101110110001010010011110011010001110011110100110101000111111100000110001010
001001110110110000111001001111001001110010110110001011001001110010010010000011010000001010010001001001110011010011001011110111000111001010001100001101101111111111110101110011000100110011110111
001100110010001110001111110010110001001100001111001111110001010000001111101001001000001010110100001100101000110001101001110100001100110100110101110111000111010000110100001110010100110000110000
110010010001101110001101110101001011101111000111010000010010001010001011010100110011101010001100010001101100010101001000010001101000101100001110001101101100111000010001010101010100010010110000
001011001000110001110110000101000110101111110110001111000101110010000101110100110111110110111010111000010000111011000100111100000101001001001000001101111111110000000111000111111001111011010011
110011001011111000110011010000001101001010101111001100001101000110110001101111110110001100001100010100001111111010110010010010101111010000001001110111001100001110101000001111001100101110110100
110101001001110101001010110110001101110011110010110010110001001110001100110100110111110111001000110110001101110110001111010000000110001110101110101111001111110010110100110011101110001111000111
111100001110110110110000110011000111101111000111001110110011001010111000001101001101010001001110000110001111001010110010000110000111001101001111010001001100110000111100001001010000110001111001
001001010011111100001100010000010000110011110110110000110011010000001001001001010000110000000100110000110010001100001100101111001100110111001101001101000100010011001010001111111000001100101110
000110110100111001001001000101110001001010010000001001110001001110001110001001111001001101001100110100001111101010010000110100001010101110001001101010101111110110001101001110111010000101110001
001110111001110110110000101110110000101011110001101110011000110100110011010000111000001110110011010001001010101010001111110001010001110000010110010100110000110001001001010000001100110000001100
110101001010001001010100001100001011101101001100010000110000110110010000101101010001110110110000001100001010110010011000001011101111001100001110110011010001111000001101001010001010110001001111
001010000100000011110101000110110011111000101101001001110010001001001011110100001100110001001111001101000111110100110110110001110011001100001101110000101101110100000111001100111100000101110101
010011001011001001110100000111001000001111110011110011001000110000110101110000001100101111110001000110110001001101001001001011110000010000110010110110111000110000101101001110001111110001000110
001010001001001101001101000110101101010000110001010000001100110000001110001101001000110010001011001100001110001010001110110000111001110111110000010011110110110001001101010011110001101110001100
001101110011001011101111001110110011010001001101010000001110010001001101110110110011110001110000001011001011001101000111001111111000110110110101101100001110101101001110110101110010110010110101
110101110100010100010000110001110101101000001100010001110001001010101101110001101000010010110001001111110111101101001000110100001010101111110001010101110110110111110101101100001110110001001101
101110101111110100001101101011010000110100001101101110010011010010110011110000001001001101001111001010110000001000001001101111001011001100000111010111010000001011010011010010010001001010010110
101011001000001110001111010001110110010000010010101111001100110001101011001011110100011000110001001001110010110001101010010001111000110100110011101101110000101001001111110000110000101100110011
110000001111001111110110011001101111101111101010110000001010110100101111010101001100001110001010101101110011110011101111110101110010101101110100001110110011001011001110101011110001011000110001
101110110000110101110111110101001100010001101111001111001101110101010000001111010001010100111000001100111100110001110011110110110110000011110101001110110100010000110100110100110000110001110100
101110001100001111110001010000110001100110111010110001000111010001010000010000110110010101110111001110110110111001001000001101000111001101110101101001001010001111110101110110001100101111101001
101110110001101101101100101111010000110001001110010000101101110011001111101100101111110000010100010001101111101101101011110000010110101111010000110000101101101101110001010010001101001110001111
001010010001010011010001101100110111110000110011101111010000110001110101110011101110001101101110001111001001010001110011010000110000101111110000110001010000110000110101010011110100101111101111
101001010000001110110011110010010001010011110010110101001011110000001111001110010100101110010100010010101111110010110101110101101110110011110000101110101010010111110110001100110000101100110011
001101010001101110101111110000101111001111001010010011010000101101110000001111010000101111010000001110001101010100101101110100001100010001001110101001101001110000110000101010110110110011001111
101111001101001100110001110001110001001110110001101100010011110111110001001101101111110000101111110011101111010000001010110111110010110001101101010001110011001110010001010000101110001000101110
101110010001001110110000010010010000001110010101010010110001010001110100001100110101010001101000101111100111001100001011101101010010101101110001101011101111101101110001110100001100101111101110
110010111100111001001101110111111100110110101100001110110000000011001101010001000111001101001010000111001001001100001110111000000011110001110110001010001011001101111011110010110100001101001100
010010001011110011010011101110001100110000001010101101101110010001001101110011110010010001110000001011101111110010001101001101010000101010000111010100101100001000101101110001110110001001101010
111010001101101101000101110110110011101010001011110100000111110010000101001011001000111100111010101111000110001000001101001110001100010000110101010010001011011000001011110110000111110101110101
001010110010001111101100110100001010010000110000101100101100001111001101110001110010010100110010110010110101001101110000110010110110110001010010110001110011010011101110001100110110010101110100
001010001110110010110000010000001110111011110001110101010001000110110011010001111010001111000110010001010010110011010000001011010001110100101110010000010100110010001110111000001100101110110100
010001001001010010110100101101001001110101101110001110001100010001110110001111110001101110110000001111110100110101101101111000001111110100010010001110001011101110001101110001110000110000110000
010011110010001000110100001110001111001100001110101101001101001001001101101100001110101100001111001100010010101100010011001111110011101111110100101100001110001110001101110010110101110010101100
101110000101110001010000010010110110001001110110001101110010110011110100001110110010010000010001001010101011001110001110110011101111000101000010110001010001001011111110001110110111001101001100
010010101101001100010011001110101111010100110011010100001110001101001101010100010011101011110100110111010011101101001110001101101101001101111000101110110000001111110111110001010100010010101111
110000001010110010110101010010010010000110111000110100001000001110000100001111110011110010000111111000001011000110001100110000010000111000101111101111000110001001110011110101111001101110001110
001111010001001011011010010000110001110000110101001110110011010001001100101111001110110101101110110101010010110011110011001101000111001111001011010000010101101100001101111001110000110010001101
001010001011010000110100001001001010101110110100010000110000110111001110001111110000101111101011001011101010101111010011101110110000010011110011101100001110001001001001110100001011101110010000
110010110110101111001110010010010001010000110101001100101110001010101110001011110010010101010000001111111000110101101110101010110010001110001100001110110101010000110111010001110000010000111001
001001111110110010110111110111001000110010110100001101000110110101110001001001010001000100001101101111110110001111001010001011001010001111001110111110010000110101000111001110110001000110110101
001100001101001010110010110101001101110101110111010001101100001110110000010110001011110010101110001111110000001001110010010011001111001100001100101110110010101100101011101000110100010011010001
001100010000010000110011001011110100010000001110010000110000010001001100110011110001010110001010110100001010101111011010001001010101001010101101001100001011001001001100010001110011001100110111
101100010000110101001010101111001100101110010000110001010101101111101100101100001100100111001101110001001010010000110000010011101011010010110100010101110011011001001111101001010110110100010011
101100001101010000101101010011110010101111110000101111101110101101001100010100010001110001010011010111101100011000010001101111010110101101101011010000010001101100001111110011110100110001101111
010101010011010000101110010100110110110001001100001100101110010001001010001111010001001110001010010011101110110000110010110010001001001011010000001111001111001111110000001011110111001101001101
110110110011101111110010001110101000001100001110110110110001101110001001001110110001001001110100110010110001001011101011110001001100110010110100110100001010110101110100001011110000001001001011
110001000100001001001001101101110001110101001111110111001011001010111000010000110011110011110100001000001101001110001000001011110100110001110101001110001100110010010000101111001011001011001101
101111001000111001000110110000001001110011101111001011001001110110110100001101001001110001001110001100110010110011001001101011001001111001000101001000001110110001000111110011110001001110110101
110000101110101110000111110111010011101101001100110101110001001000001001110001110100101101110110010111010010110111001101101010110010001101110000001100110111010010110111101111001010001111010001
101101110000001110110000010000110000110010110100101011111001110011001101001110110011101011110100101110001001001011001011001111110010001100110000101100001000001010101110010000110010001010010001
101010000111110100001111110001001000101111001010110111010001101111110001001101001101110011110011110000001100000111001010010001010010010001110100110001110101110111001111001111101010101011001100
010011110011010000110011001101001011001111110100101111010011110001001011001011101111111000110101001010110101001111110000001110110011110110001101001110001110110100110110001111001010000111001011
110110101111110001000010001000111100110010111001101111110110001111110111110011110111110101000010111001001011101111110101001000001110110010001001110001001100001110000111110011001111101110101110
110010110010111010101010001110001111001100110010010001001101101011101110001100110011010000001110010001001101001110001011001110110000110000001110101111010010110010001011110110000111001100110110
010000101100010000101111010100001100110110010110110000101010110110101100011010010100110000010011001001001110001011001111001010110010010111101111001100010011010001101101101100001110110111110000
010010111001110101010000110000001111110110101101110100110000110100001011010001010011101111010010001110101010010000101100110101110000010001110010110010101111001000001110110011101101001110001101
110011110001001101110101110101000101010000110101110110001111101111010001010010001100001001111000110001110110110010110101101000101111001100010010111011110001110011110100110111110110110000101110
110101110001110101001110001011010000010001101101010001110101001001110010010100010011101111001001101111110011111000101101101111110100110010111000001100001001110110001100001010111001001111101100
101011010000001100010100001010110110101100111000101111101110110100001010010110010001101111110010110011101001001110010001010010101101001011111000110000001000010011101110010001110101101110110110
101100010100110111110010001101001100010101110010001011110011001000001110001010101111110010110011101101001110110110110010110010101101010000000110010010110000101101001000101111000110010001001010
001101111100110110110100001111110010111000110010001101110111110110110111001010001100001000101011111000001100001001110101010001110101110000001010110001001110000110001011101011001010001011001111
110011111000110011010001110011111000111000001100101111110111001110001100110011110110110001110110011100101011010000001001000100110001010000001001001001110100001000101101010000000101110111111000
001010001000010110111001110100001100001101001000110011101110110000001001000111101011110000001000010001110001111000111010111000010000001000101101110001001011110010110010110011001010001000001001
001111001001001101100010010001010100101111110001101011110010001111110011101001001011001111001011101111010111110011110100001110001110110111110011101110101100010000101001101101110000110001010010
010000100110101101101011010010001110001110101101010110101110001111001011101100101111110000010100101100010000110100101111010110001011101000101101101110110101101101101111110100101111110100010000
110111001111000111101101101111001110101101010000110001001111101111010001101110010011010100110001001110010010001101110110010011010000001001001011011000110011001110110100001011110101001110010000
001110110111110010110011110001001001010000110000110001110100001010110110110011110100110100101010110010001001110111001101010000001000001110001100010000110101010000111001110100001000101111001111
000110110011101101111011111000010000110101110000101110110010001001110001101101110110101010000110001111110011110001010001101101001101001110001110101111110010110101001010001010001100100111110001
010000001000110101001000101111010101111101111000110001010001111010101110110100101101110111000111001111110111110111110111110100110011001111110110110001001100111011111110101101000111010100001001
001011110100101111001011001000001010010010110101110100001110110101101101110101110110001100001110110011010001001110101100110111110011010010001010110001001001001100101101110000010010001101101011
001111010001010000101111110010001101101110001110110101001110101101110110010100110010110100110101010001110000101110010001001111110100010110110101001110101101001011110101101001010000001101001011
101010001011110000011010110100001101101110110100010100010001101001010000001011101110110010110000010001110000001110110011110011110000010000101010010101110010110001001100100110001001101011001100
001100001100111011001010001101110111001011101011110001110101110000110001001010010001001101110101110011010000101111110011010010001101101101001111110111111100111001110100110000110010000111010000
010000110011101101110000010100111000101011001010001111001001001111001010101100110001010011010000010010001111001110001100010000010110110010111000010011110101111001101011001010001100001000001100
001111001100101110001101010011001111001111110101001001001011110101110001001111001101110001110000001111001001110010001000110001110010110111110111101111001101010100010001101101110011001010010001
010000001101010000110010101100001100101110001111010000110011010010101110010010001011101101110001010000101110001100010010001111110000110110010010001111110100110001001010101110001010010110110000
110100001110001101010011110110101110110111010000001100010010001001001011010101101110101110010001101110110001001010101101010100001101110001100101101111101100001100101111101110101111101111110100
101101101011110111110010001001110111110100110011101110101000110101101110010011101101001010010100010000110110001100001101001100110010010101101001101101110100010101101101110100001001001100110001
110000000100001001000100001011001010000111001110110101001111110111101000101101001010110011001010001110111010000111110101001011101111110010110001101101001101110101001100001010010001001110110101
110000000111001110001100110011001000010011110110110010110010001110010001001100000011111100110110110100001010010010010101001011001101101100111100110000110010110101110101110000001001110001001010
010001110010110110110111001010110001001010000101001100101101110101101110010001001110001100001110010000000101000101001101000100001100110101110110110110110101101110000111001000110101110001001010
101110010011001011001101010000001110101111101101001100101110010111001110110100110001110010001000110001110000001010110111001011001100110010110111110000110010110000110101001011110101101010001111
101111010000011010101111110010101100101100110000001011101110110110101111010100001111001101110101001101001110010001001010110011001110001100001100110000110011110010110000001111010101101010001111
001101110001001111101111010100110110010001110001001101110011101011110000001110101011001101001101001111101110010110001111101100001110101100110011010011010010001111110010101110101111001011110100
110110001110010000101100010100110101010000001111110000110100101110000111001110101110101011001011110110001011010101001101101111110011110001010101001000110111010100000110110110110000010000110001
010100110011101000110100110101110110101100010000110110110011000111001010001110001110010001101100001100001000101101101101110011010000001011110000101010101011001011011001110001110000001011101111
110010001111010000101101010000110000001110001011001110010010110010010000110101001111001111001101101010010001001110010001010111101111101011110010101110010001010010001110010101001111001100010001
101110001101101100010001110010101101101001010100101111001100110010001111110000101110010000001110101000001100001111010011101101001101101110001111010110110100101101101100101011101011010011100111
001110001110110101110011101111001011001101001000001111110010101100110001110000101101110110001011110111010011010001110111010010110110110001110000001110110110001001001111101111110010000111110110
010101010100010101011011110010110010101101010101101111010001010001110000001101011001101110001010110100110000110101001011101110010110010100101111101111010011110001110010010111110011010110101101
001100010001101110110000001001010010110001110101110000001000010001110011010001010101111000110100010110110011001111010000110000010001010100010001101100110011110010101011100111110011001101010001
010101110011110010010000001010001001001101110010001101001111101110110011001011110011110000001110001110110101101110110000010011001101010001001101011011010110011010111000110010110001010001110100
000110001001001101110110101100110011111101001001101111001010001100001010111010110001001110110010001101010000101101000011111000001101010011110110110011001010001010001110110011110100001000010000
001110101111001011110000110001001110001011001011010101101101110000101011101100101101001011110011101000110001010000001000010011101100001101001110101101101100001010001101110100110001110000110001
110100110011110010000110001110010100111100110010110100110110110110101110111000001011110011110101000110101111001100000101001110111100110001000111111000111001000000001000001100001000111000110000
010100001110001101110011010101111010110001010001110110000110001111101101001110101111101110101110110010110000110100001001110101010000010001001011010101001010001110010011001001001001111001101101
010011001100101010010100010011010001001101110010001010110011101111001101001000001010110001110011001000110011001100111000001001110010101101001010110100001000101010001100001000001111001100001001
101010010000001110000111110111010011010100110100001111101001010111010101001110110010101010110011101111001010010000101101110010101100101111110010110010010011101010101101010001001010110110110001
001011110000101111110100001100001011001010110111101101010010001000101111101111110011101101001101001110101100110101010000110101110101010001011000001100001100101110101111010001010011010000110100
010001010000001110010111101111110001101111001110101110001101100111001110010000110010101110110011101100110011010000001101100110110100101111101110101010010100010001010000101001101110110010011101
001111001010110110110100110010001010110110000101110110001000000100110000110010110111001001000100101111001000110110000111111100110110010010111000110110110010001101101111110110110001001000001100
111000000110001110001011110001001101111000001110000111111001110101110010110100111110000011001100110101000111010000001000110000111011001011111000001001001010000110001011001010000111110110000111
010100110001001101010000101100001111110010101110110000001010010000010100010110010001110100110011110010101110010001011000001111101111101101001110101111110110110001101100110011101110101110010001
111101110011110111110111110100001100110101101101101111110011111000101110111000001110101100001001001101001110110001111001010000000110001111001111101100000110110001101110001110001100001110010010
101010110010001111100111010001110100010001110100010001110110001011001111001111101110001111010100010001110011101100110000101010110100110001001100010010101011101100010100101100101000010000101100
001110110001110011001010101110001110001010001101110001001101110111001110001111101010010000001100001111110111010101001010101010001000101011110101101101101111001011110000010010101111101111110001
101011110001110000110100010111110001110110101110101111001110010000110011001110110010011010110100110010110111010011010011101110001100101001001111101110010001001010110010001011101011001111001101
001110001010001110001111010001001111101100001011110011001101110000001100110000001101001100010010001011101011110000010011110000001011110010101111101110010001110001110101101011110000010001010110
101011110001001101110000101001101111110001110001101110110000110001010000101011101110001111110100110100101101001011001101101010110001100111001110110001110111110110001001101011010010010001010000
101101110100110100110100001001001110001000110100001100010001101111110101001101100111101101001101110001110010110000110010101111001101110011001111110010101011000110010000001111010101110110001010
010011010010110011100111101100010011110100110001101001001010010010101011010011010001110100010100010011110001001000110001001100110111001111110100110001010000110101101110100111001000101101101111
101100110101101010001111110000110100010010010000101001110101101011001111101110110100010000110010101101101101010100101001110010101010010011010101101101101101010111101111001101101111001101010000
110001110001001100110110110000001101101111110101010100110111001101101111101110110100110010001101110000110011101011001000110000110101001010010000001001000110110001101010110011101111110100110110
110011110011110001101110001111010011001101110010001111001101010100010000001010001010110000001100001110110101110001110100001111101110001111001011101011110001010100010001001100001011110110101010
010000001100110110001011111000110011101111110100110000110111110100110111000110000110001100110000110101000110001100001000010011001010001110110101111100010000110000111000010101110011010011000011
001010010000001110011000010101010000110001001001001101001011101111010001101011001100001110010100001110101111001100001100010000001011110110110001001110010001001100010011001100010000010111010010
110001101101101111010011101111110110101111001110100101101010001101110000110100110101110001111000001110001000110011110000110110001100101001101111010001001110001111001011001101001101101010110011
001100000011110010110010101010110111001100110000110110001110001101110111001101110011001100111011001000110101101101110001110100000101001100101010001011001101110110001010000110010100001001110111
010000001010000110110101101110001001001101001011001010110101110010010011101000110111110001110010110000110011001111110010101110111011101111101111000111010000110101110100001100001101111001001111
110100110000101101101101101110001000001101000110110001101111001101001100100101001000001111000100110010111000010010010000101111001100000110110110101111001010110000001100110010001010010010110011
010001001011101111010000101011001010010101001111010101000111001011011000010001110111101100110110101010101101110011001100001001001100001110010001101101010001001100001100001110001110101110010110
101100001011010010010101101110110001101000110010000111010011101011110110001101110110110001110000110111110111101101110000001110110100001011101011010011001001001111010110110000101111110101101001
110011001001001011001000001000110101101110101100001110001111110111010101110000101110101010110010110011001100110000001100010000001111110011010001101100001110101101101110001100110101001100001111
110101110000110100101100001100001110110110001110101110110101100110101010010001010001101100101111001010010100101101110010110100010100110101101101110101101111111000110001110001101110001110001111
110000001100001100110010101110101111010001001111110000001001010001010101001010010000001001010001010101110100001100110001001011010001010100110101110011110101110000001111010010101111001001001010
110010001011001010001011001101001010110000001110110000101110001000110011110001110100110011001101010001110010010100010010101011110000010110101110010001110100001111010011110000101101110101010111
001001001110111010010000110010110010110001101100110000001011110110101111101111110000010111110001101011110001000101001101110000010000001010001101110101101101001110001001001111001011110011101101
110101010000111000001110110100010001001100001000011010001001110001001001001100110101001110110001110111110010001111010000010100110110101101110101010010001000101001110010001101001101110010010010
010000110010101101010011101011001100101110001101101101010010110010110000010100001011110110110101001010101110101111110001101110001100001100010000101101110011001101110001010001110001010011101011
101100001110111000010101110011001011010110001101110001010000101100001100010100001011110000001011001111110111110011001110001101101010110011101101110010101011110101010110001010001101101110110010
101110001111101001100111010011110011101010101110001010110001001111001110001100001100010000001001001101110100110010001110101101101110101100001011110010001010110011001100100001101001110011110010
001110110011101110110000010001110111001101001100001111110111010010101110001110101111001101101111110011001000010000010110010100010100101100001110001101110011001011010010110001110010010000110011
001001001110110111101101001001110101001011110011001110110111101111001111000101110110110011001110001101001000010100110100101111110110110010001000101101110111110101110001001010101100001111110101
010010010100101010001101110001101110101110001011101111110000110010110101101010110001001101001101101110110010011001100110001101001101001110010011010010010001101110001011110100101101110101110001
011100101111110100010101101010001100110000101111010100110100001101101101110000101110110010110010100110001111110010110111001101001100001101110101101001001101001011010011010010101000010000110000
101011001111110010010101001111001010101110101110001100110001001100101100110001110010110001101011110000110010110101101101001100001110110100010000101001010001010011001010010000010001010000010001
010010110001001110001100101010110011010001110000001101001100001110110000110001110000010011001101110000001001110001101101101110001011110111001100110000101001110111010010101001001110101111101101
110000001110110101001110110000010000110101110001001110110101110101001001110110010110001101000111001100110101001010110111110010101100000110010001101110000111101111110000000101111000110110101011
110011111000000100001110001110110011110011110101000111101110110011000111001110110010101101110111110000010000001000001011110011001011001000111011001011001101001000110000001010110101110011000111
001101001100110000001111010111101001110110001011101011001110001011010011110001101110110000101010110010110001010000101110101010001110110010010100101010010101110101110001110110101101101110101101
101100110100010000010010110001110011110011001111010010010000001011101010101100001001010110101111010000110101100100001100110011110000110000101000001101010000010001110001010011001110010000110010
001011001101101011101111101011001101110001110111001110001100110001101101001111110011001111110000010000001010010010101000110011110011010001110101110000110110001001010100101100001101001011001010
010000101011110011010110010011010001110100110001010010010100101110010001110001001101001100110100101111101000010011001101110101001000101100010001010110111001010000011000001100001111010100001011
010100010000110000101110010010010000110010110000010101001110010000101010001111110000010000001000101011010011010111001001110101001011101101110010001101001011001110110101101010110100011000111001
110100001101110001001001001100001010110100110000101110111001010010001101010010010000010010010000110110110111110101001110101110110000010101110101010001110001110001001011101110010010001110110111
001110101110101110110101010011110110010000001010101110001011110010101110101001001111010011101100101110001011101110101000010000101101101111110001010011101110110100010000010000010001101110010101
110011110111010100001111010000110001010010101101101100001101010100110001001100001111110001001101010001001011101111110011101100101101110100010100101110101101110000001111010101001010010010101101
110100000111110010110110010001001010101111101101001000001111001010001001110001110101110100010011000110001000101111001011110101110010001100001000000111110000110001110000101111110001000110010010
001101001111110110001110111000010100001110010000101010001111110011001010001100001010101101101110110100110100001100010100001101110010110001001011010111110100000101101011110010010010010010110010
110011000011001101101111110000101110001110110001010001010000111000001100001100001001000110000100001110110111001100000011001101110101001100110000001110111111110000001110110101101010001111010010
001010001011001111110111010100001101001110000111001011110100110011110000101111001000001110110010010000010111001011110001010000111000010100001111110110111011110100001000110011010000101111110000
010001010000010001110000110000110100101110101001001110001011001011011001100111001101110010001101110001101110001100001011110110101111001010001000010001010100010110101000001110101110101010010110
110100110110101110001111101010010000001101110111110001110000010011001100101111110011101011110011110001101100010000001110001110110100001111101111110010110010010001010010110010110010101100001110
101100001110101111110000001011110011110000101101010010110001101111001101110001101110101100101100010000010010101111101110010100101110110010110011001111010010101101101010010101101100101011100110
000111110100110010110011001111110111001010000110001000001001110110110111001101010100110100110010101100110011001000000100111101001110001011101110110011001000110000110001010001110000001100001001
110010001011001010110011111111101110110100110001110011110110110001110001110000001010001110001100101110110011001000110100000110101100001110001010010001110000110010111011101110010101110111010010
101011101001110010110010001100001001110111101111101111001110001101010000101000110011010010110001010000101100110010110000110001001111010110110000010000010000010010001110001111110001101100110001
011000110100101101101111110100010110101110110001101010101101010011110101011000101101110100110110110000010000010010101011001110101101110101101001001110001101110001011000101011101100110010110101
000110001110110111110010001000110010010101110111000101001101101111001100110011111101001011001111010010000100110100010010000001111001110101001010001011001011110010001011001101001010110011001001
101100001110101011001111101110010111101010110010101001101011101100010101010011010001001111101110010010010011010011010100101101010010010010010000010001101101010110010100010011101001010011010111
010000110000010000101100001100101110110100110110101111001100101101101010001001110000010010110111001101001110001100001011001001101101001101110101110110110011101011001100110010110000001111110011
110100001111101101101111001000001011101011101101010111001110101001110000110001000111110010111010010001101111001100001111010111001010110111110010001010110010110001101111001101101011110011010000
110011111000110001110001001111110000110110001101101100110001110001001110110101010010001110001100110001001101110001110010010101110001110010110011110011111000001111110001001111010100001011101011
110000010001110001001000001101000101110010001001101110001111101111101110110110001100111010110000010010001011110111010000010010001011101110001111001110110101001111010101001010110001101110001001
110111101110110110001000000111110101110010001001110001001101001111110011110111001000001100110101101110001111000111110010001101110010110000101111001100010011110001110111110011001111010010110100
110000101100010000101100010011101101001111001111001110101101001111101110010000110010001011010101110000010100010000101010001010101001010011101101010101001100010001101010100110010010101110001011
010001001100101111001110110000001100001001110010001010101101001011001111010001101111001111101110101010110010001011001111001111010000010001110000010100001010110100101010001110001100001111101001
001100101111110000110001101110110100101111110101101111010011110011010011110111001001000110101110110000001101111001110101101010101111110101110000101101111010110011001111101110110000110000011010
011111101010001110001011001110110101101010101101110111001011101110010001110101101111001111101110001111001101001100001111001100101110100111010000101110111001010000110010010100110011101110001101
011111010011001111010011110000110100010011001110010100110011101110010101010100100101110000101110101110010100101100101011010010101111010101110000001100110011110011110001101101101011110011001110
011111110001010001001100001000010011101111010010010100110100010111010010001101011001101111110101010100101111110000010000010010001010001110110000001001101110101000110011101010101110001100101100
011111110000101111110010101100110111101111110010110101110101001100110010001101110011010000101110010000010010101111001101110001110110110000010000101111010000010100101100101100010100010001101011
011111010001010000101101110001001100110110110011001111101101010001010010001010101110101111110111101110001101101100101110100111010100101000001100010000110100110011110111101100101010101001110010
011111110001010011010011110011110010110011110101101000000110010011101100110001101101001101110000110100110001110010110000101011001011110111110100110010101101110100010000000111110101101111001111
011111110011010001001011010001110000001111110000101111001000110000001111100111110011101111001010110010110101101100110000101011101011001100010100001100010010001101110001101101110011110000001110
011111110110110100001100110110000111110100001110001111111010001010000101001001000111110001110100110110110010101110001101101001001010110011110101101100001011010100001111001001110110110110001101
011111110000110001110011101101110011101001110010110011110111010011111000110010110101010001001011010001101001101101110011001010010001110000001111110101110010001100101110110001001111010000010011
011111010100101110101101001111010011001101000111101011001101110000101110001111110000101110001111110110010000101010101110101110001111110000010010110000110111110110110010101011101110001111001111
011111001011101010110011101110010100110010010010110000110100010010110101010100001110001101110011110001010010111000001011101011010101010000001101110010101111110010010000001100110011101101001100
011111001101110010001010010010101101010001010001110101010000110100101111110100001110110110110001001111110110110111101011110000110110101001001110110000110101010101101111010000001110001010100101
011111001011110100010011110100001011010011110000110100101101110010101000101100001110110100101111110000110000110000001110100110010000001011001100001111010011100111110011010011010100101110101010
011111001111110000010001010010111000110010001110101101010000010000110110101101101110010101101100001100010001101101001011010100001111001100110011001010010100001101010100001010010000010000001101
011111010101010010010110101101110011010000001011110000110011001010001110010110011000101100110010001100010000010000010111101110010001010011010011101011110110001100001110001110101110101101110010
011111110001101101010011101110110011110011101100101011010110101010001110010011001111010111101101101110010001100100101111100101010010101100010100101111110000110000010011010000110010101101101011
011111110111110000001100010010001110000111010001010001010011110001111000101101010000010010001000001011100110110000001011010000101111001000110000111011110110110110001011101001101100001001001111
011111001100110100010011111010110011101011001000110010001101111001110010110011001110101101101111110100001100001011110100001111101110110111101001110011001100110011101101110011101101110000101110
001010000101101110110101001101000101101111110111110001000011110011010011001000110001100111110001110110110010101100110000010001110011001100110110001110101110000111001100110000001100001001110010
110101001110101011101010110000101011101110010100010100010000001101101100101111101100001101101001011010001011110001101100010010011010101110001101110001101100010001001101001001101110101101101111
000101001001101111101111001010110001001111110010001110110110110111001101001000110011110000000000001110110011110101101100110010001111110000001010101100001111001101101111110110110010001011001011
110100110000110011101011010001001100010011010001010001010111110110110000101111001011110111110010110010010000001101010000010001110001010000101111110001001110101110010010101001010101010001110000
010000110001010000101111001100101101001101111001010100110001101101101111110111111001101111101110101100001110101101010100101000010011001101110011010000101111001001101010001000110010001111010010
010011101110101110110000010000001010010101001010110100001101001101010000110000010010000111000111001111110110110010110000001101101011001100101110110001111000110110110110101111101111010011001000
101101001010001010110100110100110011001001101100001011110000101111101000010000101001101110011000110000010011010100010010101010010001001010010011110011110110101110100111010010001110101111110010
101110010001110000111000101101001110010111010001001101001101001000101100110000101101010001101101001111011010101011010000111001111000101011110010110000001010010000101111110100010010110001101111
010001101111010001001100010011101111110100110101110010110010001111001100010100110011010010001111001111010001010011010000010001101110010111110010110010010001001110110010001110110001101110110000
010010001110101111000110101111001110110000110011010100001101110001001100110001110101110010101111110100110100001011110011010010110011110010110010010100110010110011001011111001110001000111110101
010000101110001110010100001101101100001100001101100101010010001111110010010001110000001010001110001010001001110001001111001111011000010001010001110100010000110010110000010000101110110011110011
110110010011101110111001010011001011001101010001010001001110101001110010101110110000101100001010010010010001001100101111001010010011010000100111101001101101001100110101110001011000101110110010
101100010001101111001011001001001111110001101101110001110011101011001010110001110010101010111010110110001001001100110001010000001110101011110010010010001001101111101011110011001111001100001000
101111010001101100000110001101110110010001110000101101110010101101001111010001110010010000110010110101010011001010001101001101001010110001110110110100110100001010110100001101001101001000101011
101011001101001001010100110100001101110010110000101110010000101111101101001011101110001101110110111010010001010011101011001011101000101110001100110110101011010000101101001000010011001010001111
010010010100010110010011001111001111110001101111101011001111010010010000101110110100101011010011101110101100001010110000110000110000001011110000010110101101101110101100010110010010101011001011
110100111011001000001111110001111011110110001001110010010000001101110011001101110001001011110100000101001101110101111011010010001110101101110101110010110111001100101111101111001001110100001110
110010001101110101001011110100110010010000101111110010111001010101101111010011111000001111001010001011010010110010110011101110000111110000000111011000000111001110001101110100010100000110001111
101111001111101111101111100110001001000111001000110001101101001101010100010011001001010101010001001110101101101001001000000111101011110110101001001100001110001101001110101110110110110111010001
010101110001110101101101110000001000001111110011010011101111001011010010110000101110001011101010010010010001001111110000010100001011101010010100101011101110010001010000001111110100110011101111
010000001111001011010111001010001001101101110001001101110010010001001100110010110011110011010000110111110101101010010000010011001000001010001101111000111000010011110101110110101101001101001000
001101001001111000001011010011101111101101000100110010001110101101001110001001001011110100010010010100101111110110111001111000001100001010101100001010101100001101001011000100110001110111001000
110011110000010110101110101110011001110010001111010011010001010001101101110010101011010000110000110100010001001100001111010011100110001101001111001011010011001111001011001111110001101100110011
110011000111001110010011001010101000001111000110001010110011010100110010110001110111110100101100001000110101110101010010010100000111010001110001010101101101110010101110001100110011001010110101
101110101010001110010001001110101000101011001100010010101011110010010010010000001111110011101111101101010000101000010001101001101100010011010010001111110001010001101011110011001110010011101110
101110001100110111110101111010110000001101110011001100110001110001010001101101101101110001110100110010101110110101010010110001001000010101110000010110110011010011010000010110011001110111111010
101111010100001110001110010010110000101110110101101010110001010010001110110100010000110010110110010100101111001101001111010010001010001011101101101111010001101110110010010010001110111000101101
110100001011101101110010001100001000110100001001110110001110110110010001110011001000000101110101001100001100001100110010110011001100110011111001001010001001001000110010001101110001001110001001
110000110100101111110000010001110011101111111000001000110100001100110001010110000111010000010000001111010011011000001010001010001100001011001110110100110000101111010000110001110001010100001010
001101111110001001111110000101001000010000110011110011001010101111101100010011101100010011110010000110110100001100101100010000010001110000111000000110111011110110110100110110000101110101110001
101110001111000111010000010010101111110011001101100111110011010011001100001110110000010100001111001110010101111000110110010000101101101010001101101001101010010011101111110001001110101101101111
001111010011001101001101110011010000101111010000010101110010010001001110010110010101110101001110001110101010010100101111001100110000010011001100101100001100101011101001110010001101101110010110
010001010100010010010110010000001110110000001010010001001111001111101001010101110011001101101110010011001011001111100110010000101100001011001111010101010001110000001101010010010011110000010010
000111001101111000001111110010001000001001001001001000110100110011000011101111110001110010101111001010101110110100110100001110111001110001001011010001110000010000000010010011001100001100001010
001110010100010000001100110111001010001111000100111000110101110110001110001101001001110010101111001010110000001100111010111000110111001010001001110110001110010000001001001000010100101101001110
110111110011001111000110001100110000110000110011001010101111000101010011110110001011101011001000101101110111110010110010010101001010000100001010101011110111001001110101000111110011001100001000
101110000110111000110101010101101110001100001111110010001000110010101100101010101101110101010001001101010010001011001100110110001100001101001100010001001101110110000111110001101011110000110010
101110001011101111110000010001101001001001111000110011101111001101001111001110001001001011101101010001001111010100110000110000110101010011001110101010110010101110001110100111001001101000001101
001001101100110100010100010000010100010001111000001111110000110111001101101101110101001101110010010011101110110110001111110010110000001000010001001010101100001010001111101111110000010011110101
110000101111101010010001001010001110110001101110001111010000010000001010010100101000010101010110010000101101101101101100101110110101101100101111110000110001001111101011110010010101001011101111
001000000110001000111010001111001111101101001010001100001010101100110100110101001001110010001001010001001001001101001110001010000110110100000001001111000111110110111000101111001111110011110001
110100110001110110010001010111010010010000101101101110101011110010110010110100010100101000101000010000010001010010101001001110011000101001001110010011010010110010011001010001110001101101010101
110000101111001011001101001010110100001111001111010001101101110110101110101101101010000110110111110011101111101110100100001100110000101111110000001110110010110011010000001001111001010000110100
101100110001101110110101001110010001001111001111001011001010101110111000110101000111001000001110101110001001110101101010001111101101101110101111001110110001001100001010110100001010110100001000
101111101001010001110000010000010111101001110011110010110101001111010011101111101110010001110001001010101101001111010010110111001111001110101011010011001011101100001100001111010111110000110110
010001111000010101001100110101110101001010110100110101001001001111101101101100010000110011001111001101110110110011001010010000110000010100001110001100001100110010110001001111010010011010101100
110100101111101100101110110110001111001111101111001111010010110010101100010011001111101110010110101101001101110001010000110100010100110000110010010011110111110101110010110010110101001000101111
010010110001001010001100001111001010001101111000110111010000101100001110110001010000110101110000110010000101010010111010001001000101110001111000001001001001001100101111110010001001110101001100
110010010001010001001010001101100100101101010001001100001100001001001101001110010010010001110101010010110011010100110101001101010001101100010101001111101110001101001110101111110001001101010000
010000011000101000101100101010101111010000101111100110010111110010110100001111110000101100010001010011101011101101110010110010010000001111110001101011101100010111010000010011101111100110110001
110101111001001101010101110110000111110010000111001111010001110101001101101101001100110000110001001101110000010110001111001011110101001111110100110100001111110011010010001001110001010000000111
110010110110010001110011001100010001001101010001110011110011010101010011101011101110010011101101001100001100110111001110101110010011110100101010110010110000001101110000110001101111101010001110
010010001001001101110011001001001100101110110111101110001111001101101101001011101010010101110001110110101111111000010001010000010000001111010010101100000110010111001011110100010100110010110100
110100001010110011001110110000101111101101110000000110110011110011010000000100001011001011101111110111101101110101110001100100110010101101101110001001010011110111010000100111110100001100001110
101110100110101011101111001110111000110000001010010011001100110011101110001110110000110110001111110101101010001010010001101111101111010001101000110011110100010101101100001010010001010000010110
010001010000110011010001101011101101110000001011010000010011101101110001110000110101001111010100101001010010001101001101010000101100010011101101101010010010101100001101101010001101110010110010
110101110110001100001110110101111000110100101101110100001010001111001011010000111010001001111000110111101110101001000110001011010001001111001101001011001111001110010100001011001101110101110000
110000110000010101010010110010110000001110101110001010111000010011110000101000110011110010001111110011110101100111110111001101001010110010101111110000110001101101010010010001110011101110110001
010111001010001100110100110100110010010001101110101100001001001111001110101100001110001111110100101110110010110000110110110110101110110100101100110101010000001010001101001101101110011000100111
101011110001100100110100101101001100110100110010001110001101010111010111010001110100001110101010001101101100110001101011010100101111001110001110010100101110110000110110001011111000100101010010
010001010010010010110000101100010011110000101110001010001001001100101101010000101110101011010001001011001001001110010010001100001011010100001110001110111001101100101111101100000101001101101110
110110001100111010101011001100101111101111001111010011001011001101111000101101001100001110010000101011001101001011101000010000010000001011010001010010001101010001010111010010010101001100110011
000111001011000101010000110011111001110001101101001111110101111000001100101110101110001100110010101111110100001100110100001011010100110101001001101010001110110110110000110001010011110000001110
010000110010110010110010010011001111001011110001110000010010010111101111011010110000001100110011110000010110101100110011001110101010101011110000001000001001110101010000010111111000101110101101
010000001111110011101100001100001011101010110100110100010010101101010101011000111000001101010001010000001011001100010000110000011001001100010010010000001001101111010001001101001111010001101011
010001001101001100110001110011001000101101101110110111010001010111110001110011010010110100011001110010001110101010101101110111001001010000110011010101110010010000010000110000101110010001001100
110110001110001111110000001110101110010000001011110000010000101111010010110001010011001110001011010010010001101111001010101000001100001110001111010000101101110001110101001010010000010110101010
001110101001101111001111010110101110101111101011110010110110110010010001101011001101110000110010001011010001110001001111110000110010001111110000110100001011110010001101010110110110101101110011
110010000100001111010101111000110000001001001111101111110000000100001101001101000111110001001111001110110010001010001010110001001011110101001111110111101111111101110011101101111000001011110010
001101001000001111000110010010110101101000001001001101000111101011000110101110110100110100101100110100001100101010010010110000110001101101001110001100010011010001110100110100001101101110110011
110101101111101111101001010110101001110100101100110010010110110010101110001101001011101011001011001110101010110000001101001111101111101101110000101110011011110101110001010101001101001000101101
010011010101110000101110001101110010101011110000101100101011110000001110110000101101110001010000001111001111110101001110110111010100001110010000101100101110101110010011101111111001100101101010
110001010010110000110010101111110010001000001110010000010011010010110110110001110011110001110001010000011000101011110110101100110001001110110110101011110100010000001001101111010001001110001110
101100110000101101110011001011010011110000110000010001001110001011001010110001010000001110110011101001101100001011101011001111001111010001111001101111101100110001100111010101110000001110101110
101110010001110110010011010000101010101100110111001111110101101111010001110100110001110000010010110011010011001100010010010000101101110100110101110001001011101101110001110000101111101101010001
001011110011001010010011001111110110110001001100010100110100000110110011111110110000000100110111110011001111001110110000110100110010110110110011111111001111010011111100110101001110101110001101
001110001110111000110110001011001011111000010011001101110001001101001111010000110000001011110001101010010001001100111000110001110001110000001011111010010001110111001001000110010000110110001111
010000001110010010011011110011110000110001110100111000110100001011001100001111010000110010001001001111110001001110110001101111101110001101110100010101110010110000001110110010101111110000111000
010000001111010000110011001111010000110101101101001100001100010001110100101101111001001010110011001101110010101111010000111000110011110011001111110001101101110111001010001111110000110001110100
001111010110010100010000101111010011101011010011001111110011010000010000101000010111010110100100101001100110010010010101101010101011101011001011010100101100110010001111010111101110101000010011
001101010001000011110111001111001100001101001101001111110011110100001101110010101001001100001111110001001011101101001111010010101101000101001001001000000111110000000111000111001100001000110111
010011110001010000110000101101110001001011001101010001010001110100101011001111110000110010010011011001110100010101101110101101110011001111101100101110010010101111101011010001001111010001010101
101110001010101111110001010000001101001011101110010010010101001011110001101100110001010100010000010010101011010000010010010001101111101101010001010010110000101011001111110001110010110010101101
010010101100101100001101010110010001010010010110110001010001101101101000100100010101110001001100010101010011010001010101010000010011101100010000010000101100110011010001001100101101101111010000
010001101111110010101001110000001100101110001101001111110100101100101011010101110101010001101010001101001010010000110011010011010010101111001101001111101011001111110001010011110101101111001111
101000001110110001101110001101001011110101010010110000110001010001010000110100001010010100010000110011101110110011110000010010001100010001010110101101010011101001010011001110101110010000001101
110001010000001111101110010111101001101001101100101101110010001110010100110000110001101110010100110100010101010111101001010010010100101101010010101111101111001111010011010100010000010000110001
101110010010101110001011110001010011010000010011001011010001010100010001001100010010001111110000010011010000101100110100011001001011101011001111110000001110010010010000001100110010100111010011
101110101111001100000111010001101111010011101100110101010010110000110100000111110100001101101111101111101111001011110100010001001110110000110001111000110101010000110011001101110101001101010010
001100001111010101001000110111001111110011101011001101110001110101001110001011001101110001001111110001001000110011001010110100110100101011110001110110010110101110110110001101000110110001001011
101110001100101110101110110101101011110001001111101011001110110011101110110011001011010110000111010010110011011100100111001001110001010010110011010101010000101110101111010101110100101101001101
001110001001010001010010001100001101110010010011010000101110010100101110110000001100110101001000010010001000101101001010001101110001101110101110001111010011011010110010110010001111011000101011
001100101111001001110001001010000101101110110111101001001011110001110010110101101111111001001010001011010100010011000110110000101110110010001000001100011001101110110100101010101110010000110100
110011110010111000000101001011110111001111110010001101010010110000001110001001001001110001001001101101001100110001110001110000001110110011110010111001001011001111101111010011110100110000101111
110101110000001010101000101111010011110000110000010000110111101110001111110101001000000110001000101111110100101001010001001000011000101101110010110111010001101011010011101110110101010000001111
110101101110010011101100110010001011001010001100101110001111101010001000110011101100110011001011110011110000001011101111110001101111001000110010110000101001010000101110101000010111001111101011
101001110000000111010001001111101001010011111001010000010100110110001110101101001011101111110001111001101001001010001101010010101111001110110100101101101100001001111010110011111000001101101011
110010001101101101110010101100001100010100001011010000001111010100110000010100001110101111100101001101110001010000010011010111010000110101010011010011101110011011101010110011101101001111110011
101001110001001110001110001010110110110000010000101101111000000011110110010000010001101111110000000101010000001011001111001111110010001111110000110100010010010011001011010010001011000110001010
010001110011101101010101110001010101001111010000101100010011010010001110110100010010010010010100101111010110001100011001101111101110010100101111101100011010110001101101010100101111110010010000
110001010100101111110000010011010010001101110000010101011000110000110010101110010101001111001111010000001110101110110100110001001111010000010000010100001110101100010000001110101111101110110101
101101110011110100110010001101001101101010001100001101001111010001001111110011110001101111010001101100101111110011001011010101001110010001101011001101010001010000001111101000110010010100001011
110000110001110101010001001011001011010001001001110011001001000110000101001011110000110001010100001011001011001011001110110000001100001100110001110010110101001011001101010000110011111011010010
001011110011110110111001110011110101001000001000110100101011010001001100001011001100110101001110001000111010001111000111001110001110001010110110110111001010001111111011110100010110101110010000
110011001101111100100001110110001111110110101101110100001111001010001111001101001100001100001111010010001110101011001001010001001111010011001000101110000100001010110110110001110011010000010001
110001010010110111101001110011010001010110010001101011001011110001101100101101111010001011110010001110100110001010110011110110110001101011110011110011001000101010110001101111110101101111010001
110101101100110101101100101101110011110001110100000111001011001110110000110101010010101110110100010100101100110000101100110011010001001100010011010100110001001000001110110101101111001101110000
110101000110001001110011001100110011010001101011001000010000001110110000110001110010001110110110110000110110110011010001110000101111110010101110010100110010010000001001001100001011000100001001
110000001011000110111010001011001011111000001001111001110000010010001101101101001100001110110101110010110110110000110001001010001110110000010011110101110010110100110110110111110000101111101010
110001101111001010001001110010111101001011001011110110000110110110101011110001110011110001110010110100010011111000110100110001110101111000110011101111010000101011001000110000001011110000001100
101110001011001101001011010000110001101100110110001101001110001010001100110000110100101011110001010000101100101101001001010000010110001101000100110110010001001001101011110010110010000101001100
101110001101001101101101110001101000010011001010110010001101110011001100011000101101001111101101101111110011010011111000001101010011001110110110001110010010011011001110010000101000101111010010
110111001001010100011010101001101101110101001011010000110001001110001001110010010001000111010011101111010101110010110100001000001101010001101111101110001100101100001111110001001010101110001100
001001101111110011001011110010001011110010001000101100010000010010110111101101101111110110110100101111001010010101101110001111001110110101001100101011000111010000010000110100010000110001010010
110001001111010001101101010000010110010000001010010011110100101100110001001100110010100111110011110000101010010011110011111001101001101111110000010010010000110010101101110110001010101110101101
001111001110010010010000010100010101010100101011110000010000101010001010110000001111101100101101001101110011001111010000101100111001101101001111010001010101101111110001110001010001001101110001
010001010000110011110000010010110000101011101101011000010001010011001111001111101101101110100111101010101110001110010011110100010010011001010000101101010100101111010010010011101011101010101111
101101010010010001010101001100110111101110001111010101010011101100101111101110010011110010101100110001101110110000110101110101110000010011001110110110101111010100001001010000110100011010110011
010001110010101101110010110110110010110000101100001101110101001010001011010000001011001000001111001000110001001000101100110100101100001100101101110110001011001010110111101000110110110001001010
001100001110010011000101110001010100101111110001000011110010110110110111001111001110010000010010000111110101001101010001010001110101110010110100001010010001110111101110010001110101101111001010
110000010000001111001101001011010010001010001110010001010000001001101101010000001110101011001110101101110010110010110010111011110011001100101010010010010110110011010000101000001000001111010000
001110110000101011110100010111001100101100110001110011010000110000101001110010010000010000101111010001100101110010110000010101110011010011010011101111001100010001110011110000001101101100010010
110010010000001110001111101100001110001010001110011001001110101101001101001100101101010101110011110001101010101010001110010010111001101110110010010010110011110000001001001101000111001101101010
110101010111010001101100010000010001110000001110101110001000101110010100001100010011101011101011110100010011010001001011001001101100010011110010101010010101010100001110001110001101010011110000
101100101100110110101100110001101011101110001101010000010110010010101111001011001101000111010000110100010010101010010101101100001001001011001000001100010001001011101010101100101101001110001011
111000001111110011101100010000001010000101110101110000110111101011001010001101110011110010001011101011001101000110101101110100110100110011110000110100001111110011001110110011101111001100101111
110000110000101100110011110010110100010000010010001110110101110101001111110010110100001110010010101100010000110010001110110000001100101100101111101010001110110101110011101110110100010100001110
110001010000010001101011110101010010001000001110110000001100110010110101101100010011110001010010110000110000101101110011001101001110001101110010101011001100010101001110010010001010001001001011
110010110110110000010011101100101111001110101101001111010011101101001110010110110010101010010001101111010001110011010111101111001101001110001111110101010011101011101100010001001110011000110011
001101001110010100110001001011110000110001010010010100010000001011001011001100010001110000101101101011001100010001001111001101101111010000001011001001110010001000001010010001001001001111010111
010011110001001100011110011001001110110010010100010001001111110001110000110000101111001111110100110000001101001100110100101101010000110011010001010001101001001011001110110000010101010100101011
010001010001101101101100101110001100001101110010101111010001001100001111101001001110101101101100110001001011101011001110010011110011001110101011101010101100101110101001110010010100001100101100
101100101000001111010011011010001010110110101111101111110101110011010100111010110011110011001111001001101110010011010010110001100111110010101111110101001101010011101111101001001100101101101111
101111010001110001110101101101010011110010010001010001001111001111110101010010110100010000101011101110001111011001001110101110110100101001010011101011001011101100101000110010110001110111001110
110010001111001101101110001101110101010101001111010001001010101110101111101110001110101100101111001010001101101110101011010011101100010001110110010101101111010000101101110101001110110111010100
010010101100010010001000101110001010001111010010010010101011010001101100001001101010110101010100110011110101001101010011110011001100110110110110101011110100010010110010001100110001001110101100
101111110101101101110001000111010001110001001100110111001000010001101011010100010000111000001010110001101110010000010101110100001101110101001000101111110100110011110111010011001100110100110000
001000001001110000010110110011101100001111001011101011010000101101110100001110000110001110010101110110110000110001110101001111001110010100001100110001110001111010001100101101101101010010101100
110010001111001010000111101101111010001011000100101111101111001010010000001000000011110000000111101101110011110111001011110000000101100101001001010001000110001100111101101011001001110010010000
000100000001001110110110001010001011001010110101110100111001000111110011110100000110110111110000111001111110001001001110001110111100101011101111000111000010001001101111001110001111000110000100
110001001110110010011010110001001111110011010010010001101011110111001011101100010010011000000111001111110011001010101101110010001111110100101110101101110001101110110010110000001100110011010110
101100010010010010110010110011010010001111110111010011001111110011101111001011001100101100110110010110101101010001000101110010001110100110111010111001110100110111001110101011110011101100001110
001100110101010001001100110011111010001000110111110010001010101100101101101110001010101101110001110011001010101110001001110110110011001010110101101001101100111000110011110011110100001111110011
101111001111101110010001010100010001110101101101101010101110101000001100100100110010101101010000110001101110001111000101101100010000001111110110001101010001010101101010001100010110010001110000
010100110001001100110100110100110000001110001101101110110010101101101011011100101010101011101101101110010000001110001100110110010111010001001111010100110100101110010100110001101100101100010000
001001001101110111100101001110101010101100101011101111110000010001100110110001001110110011001100110000101101010010110111001111010011010001110001101110001000001110001100001100101110010001001011
101001100111110000101100110000101101101101010001010000010010110011010011101100010111101100011010101100100101110000101011010000101110010100010111010000011000010111101101101011101110010011001101
001110110010101101010001101101001110110101010010110001101111010101101011101010001110110100010001110100001100110101010011101111010011011001101101110100101101110010101010101101010010010100010001
001100010001010001110001001011010100110010110000001101101111001100010001110000010111101101010001110001101100010001001111001110110011010011101111010000001111110010001111100110101000110011010010
001110010000001111010010110001001110101011110010110001110001110011101101001001101111110000001100001001001000110100001001110110001110101011010001110000001100101100110011100100110000101011001100
110001101111110011110000010100001110101111101110110001001011110110101111110100001101010011110011001001110100001010001001010000101001110001101111101011010001101111001001101111110010001110101010
001100010000110010111001010101101101101101110111010000001101001111001000101111001010001100001100110001010011010001011001110010101101110110101110110000001111110001110100001011110010110011001000
110000110101100111010011101010110001110111010100110001110011110010001101010001001011010001010010010010110001110101110110010000010111110011010100001010001011010010101101101010101110110011101011
110011010011001110110011001101001011010000101101110011001011011001010010010000010001110000110001110000010100110001101110101110110100101111001111010100101100010110110000101100110010010101001110
111010101100101111001111110110110110010101001001101101101011110100010001010000101111110010101111001011101001110010001100001111001111010111110100110000010001001101001000101100101111011001110101
001010101011110101110100110010110000010000010010001010010110101010110000101101001110101001101110110100010100001110010100101101001101110001001111110000001110010011011010110011001001101001001111
001000001110010000001110110001110000010110110111101101001011101100101110011010001100101110101010010010001101110101010101101000010000101010001001001101110000101011010000001100001011001011101110
010001101100101100110100010001101111110100101101101101101100001011110000010010101110010101101111101110010101101110010000001110001110110010001110001111101100001100101001101101010010110110010010
