000010111100111111111111111110000000000000000000111111111100000000000000000001000001000100000010000001000000000010111111000001111111000011111110111110111110000001000111000000000001111111111111
111101000000000001000001000000000010000000111111111111000000111101000000000000111111000001000001111100000010111110000001111111111111000001111100111111000000000000111101110100111101000000000010
000010111111111110000011111111111110111100111101000001111101000000111111000000111111111110000001000001111101000000000000111110000000111110111101111110000011000000111100000100000000111111000000
000000000000000000111101111100000100111110111101000011000011000011000001000001000010000011000100111011000000111111111111000010000010000001111100111001111011111110000101000100000010000101000010
111110000001111110000010111101111101111101111110111011111100000011111111000010000001111111000000111110111111000000111111111110000010000100111110000000000010000011111101111110000011111111111111
111011000010111011000011111110000010111010111111000010000001000000000001111101000000000011111011111001111100111110000001000101110111000011000010111110000001111100111111000100000101000100111110
111101111111000000000001000100111101000000000010111110000001111111000100000100111110000110000000111100000100111101000010111101111110111110000010111111111111000010111101000110111100000001000100
111110000010000010000010111110000000111110000101000001111101111110000011111101000001111011000000111011111111000100000011111110111111111011000011111011111110111111111010111101111110111110000010
000010111100111111111100000110111111111101000011000011111111000010111110000001000011111010000111111111111110000111111100111111111100111110111111000000000000111010000011000010000001000000000011
111110000000111110111111111111111111000010111100111101111110111010000000000010111010000001000001000000000100111111000001000100000100000010000011000011000000111100111011000000111011111111000011
111111000000111100111100000001000010111101000001000001000010111110111111000100000011111011111110111111000010000010000000111111000010000010111101000011000001000001111100111111111100000001000001
111111111110111111111101000000111010000110000011111101111110111111111111111101111111000000000001000000111101000001000100000000000001111010111111111111000100111101111011000000000010111110000000
000000111101111100000001111011000000111100000001111111111101111101000011000001111101000001111111000010000011001001111110000011111100111110111110000010000001111111000001111101111010000001000001
111100000011000010111100000000111110111110111111111110111111000110111101000011111110000000111111000000000001000001111110111101000000000101000001111100000011111111111111000001000000111101000010
000010000000111101111110111110111111111111111101000000000011000011111111111110000001111111111101111011111101111111000000111111000011111110111110111101000010000000111101000010000010111101000001
000001111111111110000000000001000000000001111110111101000000111110111110000000111110000000000000111011000000111101111100000001000010111111111110000010111111000100000010111110000001000001111101
111111111110000000000000000001000001111111111110111110000010000101000000111111111101111110000001000000000001000001111111000011000001000010111111000000111101111110000001111110111110000001000001
000000111110000010111101111110000100000001111101000100111111111110111111000001000010111110000011111111111100000000111010000000000000000100000010110111111011000000000001111110111100111110111100
000010000011111110111101111011000101111111111101111011111110111011111111000010000010000100000001111010111111000000111010111111000101111010000011111110000010000101000000000001000011000001000011
111101000010111110111100000000000001000011111111111111111100000001000010000010111101111110000011111011111110001000000000111110111110111011000000000010000001111111000100111101000011111100111110
111101000100111111111111000101000001000010111110000011000000111111000000111110111100111110000000111100111101000001111110111101000101111110000011000001111111000100111110000011111110000000000001
000010001011111111000001000000000100000100111011111110111101000000111111111010000100111011111101000101111111111100111101000101111100111110111100000001000011111110000011000000000011000010000010
111110000001111010000100000010000011111111000001000011111100000010110100111011000010000101111101111010000000111001000111111111000011000000111111000100000001000101111111111110111110111111000100
111101000011111101111010000101000010001001000100000100000001000000000011111001000010111101111110111011000101000001111110000100000011111110000011111110111100111101000000111100000011111101111110
111111111110111100111111000001111111000000111010111111111101000000111110111110000001000011000000111111111011000001000000111110000000111110111101000110000001111011000011000001111011111011111000
000001000100111101111110111101111110111000000001111111111101000001000010000001111111111110111110111011000000000001000100000010111110000001000010111101000101111111111110111101000010111111111111
111111111011000110000000111111000001111110000000000001000010000000111111000010111110000000111101000101111111111100000000000000000000111111000000000001111001000000000010000001000000000011111110
111110111111000011000101000000000010000000111111000000111101111110000000111111111111111111111101000001000000000000111110000001111110111100111111111101111111111111111111000010000100111110111100
000001111011111111000011000010111101111111111111111110111101000011000010000000111111111101000001000011000001111110111110111110111111000000111101000000111111111110000001111011000001000010000010
111001111111000010000001111101111101111010000001111001000010000000111100000001000000000010000001111100111110111010000001111111111110000000111100000000000100000010000010000000000000111101000100
111101111110000010000100111101111111111111111100000000000100000001111100000100000001000010111101000010111111000001111011000000000001000000000001000100111101111101111111000011111100111101000000
111111111111000000111000000000111111111110000000111110000011111110000011000001000000000000000010000000000001111111000010000101111110111111000001000011111110000010111101111111111001111111111011
000000111010000010000000000001111111000011000011111101000000000001111111000010111110111011111111111110111111000010000011111011000001000001111110111100000100111100000000111111000000000001000001
111101000010111111111101000001000011000000111011111111000101000111000000000100111101111100111010000000111011111111111111000011111101000110111111000010111100111110000000000011000100111111111100
000011111010111101000101111111111110000000111110000000111111000000111111000001000010111110000001000001000000111110000001111100000001000000111100111101111111000000000001000001111111111101000010
000011000000000010000011111110000001000001111011111101000000111110111101111111000011000100000000000000111111111100111111111111000000111110111101000000111111000001000000000010000010000001000011
111101111101111111111010000010111010000010000000111111111111111101000010000100000101000100000001111100000101111101111100000100000011000010111110111101000100000001000000111010111101111001111101
000011111001000100111001000101000001000111111011111101000100111110000001111100111110000010000010000001111100000011000101000010111011111110000101000100000011000010111101111001000010000011000111
000000000001111101111110000001111111001001000110000010000000000000000001000100111011000000111111111110111011000011000100000100000001000001111011000001000110000010000000111100111110000110111011
000000111111000000000010000010000000111101000001111111000001000011111010000100111101111100111111000101111010000001111111000100000000111101111001000000111101111101111101000001000001111110111100
111101000001000001000000000011111111000001111101000001111111000000000010000000000001000001000000111100000001000011111100111110000001111110000011000000000001000010111011000010111111111110111110
000100111101111101111101000000000000000001111101000011111101000000000000000000111111111111111111000011111101000000111101000001111110111110000011000001000010000100000001000000000000111110111011
000000000000111100000000000001000000111110000010111110000000111101111110111101000000111111000010111101000000111111000001000000111101000010111110111100000011000000111110111111111011111110000000
000001111101111111000011000100000001000001111110000011000111000010000001000001111100111100000100110011000010000010111100000010111111000001000000000011000000000000111101111000111111111111000010
111110111101111000111111111110000000111111111101000100111111000010111101111101000000111110000010000001000001000101111110000010111101111111000011000000000000111100000100000000111111111111000001
000100111000000100000001111101000101111101111101111101111110000010111111111101111101000000000010111110111110000000111111111100000010111011111111000010000000111101111011111110111010000010111101
111111000000111101111110111101111011111101000000110111000001000000000101111011000010000001111101000000000001111110000000111110111110111100000001111110000000111110111111000001000100000001111101
000011111101111101000001000000111101111001000001000001000000111010000001111110111110000000111011000110000100000000000010000010000101111100000100111111111100111110000001111111000010000000111111
000101000100111110000001000011000001000000111100111110000001111101000010000001000010111100111011111010000011000010111100111100111100000100111110111110111110110011000010000101000000111111111100
000010000010111110111111111001000110111011000001111110000011000000000011000010110110111101000010111111000010000011000011111110111010000000111110111011111011111111111110111100111100000100000001
000100000110000000111101000001000010111110111110000011000001111101111011000000111111111110000000111100111111111100000001000001000000000100000000000000111111111111111100111100111101001010000100
111111000000000000111101000001000001111100000000000001111010000001111101111101111111000001000001000011000000111101111101000001111111000000111111000010111101111110000001111111000001111111111110
000001111101111101111100111011111100000100111111000011111110111101111100111010111101000100000001111110000011111110000010111100111110000001111011000101111100111001000010000010000101000011111110
000011111111111111111101000000111101000010111101111100000000111111111110111001111111111111111111000000111111111110111110111011111110000000111101000000000010111101111101111111000000111110111101
000011111111111111000000000000111101000100111111000100000001000001000001000000000001111011000011000001001001111110000000000001111110111111000010000011000001111110111110111010111110111100000010
000010000011000101000000111011111110000001000011111001000001000001000110000010000010111100000100111011111111111101110110111101111011000011111011111101111100000011000000111111111101000011111111
000101111111000001111111000011111000111110000011111011000011111010000011000001000100111110110101000110000001000010000001000010111100000001000100111111000010111111111101111101111011000011000100
001000111100000100111111000011001010111110111100111110000001111100111110111100000011111100000010000000000010000010000001000000000001111100111101000100111101111111000011000001000110000010111110
000001000100000011111101111101111111111110111011111100111110000010111111111111000000000000111011000010000000111111000000000100111110111111000000111111000001000011000000000000000001111111000000
000000000001111111000110111111000001111111000001000011111111000001111111000001000000111101000010111111000001111111000000000010000000000000000000111100111101111110111111111001111100111110111110
111011111001111101000010000000111100111101000110111110000100000011111011110111000011000101000101111100111101000100000010111101000101000011111001000101000010111100000011000011000011000011000011
111101000011111101000011111101000111111101000000000001000010111101111010000001000001000010111010000000111000000000111111000010000000111111111101000111111111000001111100000011000001111100111100
000010111100111111000001000000000001111101111111000000111111000000111110111101000000111101111111000001111001111100000000000000111111111101000001111101111101111110000001111101111111000000000000
000011000110111001000100001010111111111111111010111000000100111001000110000101000011000101000111000110111100111011111110001000111010000110000001000001000011111101111100000100111100110101000101
111010000000111111111011000001111001111110111111111110000010111111111110000001111111000010000001000000111100111100000000000001111111111110000011111111111110000001000010000001111111000011000001
111111111101111101111111000000000000000110111110000011111110000000111110111110000001000000111111000010000001111010000000000010111101111100000011000100000000111101000010000010111111111101000001
000001000011111110000110000011000011000010111011111100001000111111111110111100111110111101000000000010111100000000000010000101111010000000111010111001111111111010111001111101000001000011111010
111110111100111100111110000010111111111110111101111100111110000011000010000010111010000010000001000001000011000000001000000001111110000010111111111110111111111110000001000000000010111111111101
000111111111111100000010111111000011111110000001111101000000000010000010000010000000111101000010000000111101000100111111111110111111000000000000111101111100111011111101111110111101000000111110
111110111011000001111011000001111110000000111101000001111111111101111101000000000000000100000011111100111001000001000001111011111111000001111110111111000010111101111111111110111101000001000000
111110000001000001000000000111111010111011111111111111000010111010000011111011111100111101000001111111000001000110000001000001111111111011000100111110111011000011111110000001111101000100111110
000000111000000000111110000011111110111111111111000000111100111111111101111101000000111111000010000000111101000000111100111110111111110111000000111110111110000000000100000001111001000001000000
111111111110111111111111000010000001111100000001111111111001111011111111111111111111111111111111111110111101111110000001111110000001000000000100000011001000000001111101111111000001000000000001
111111000011000000000000111101111110111111000010111111111110000010111111111100111110111110000001000000111110000001000001000001111110111101111111111110000001000000111110000001111111111110111111
111010000011111010000110111111111101000101111101000010000100000001111110000000000011000011000010111110000001111101111010000101000110111000111100111101000001000100110101111100000010111001000001
111110000000111110111110111101111111000011111100111110000011000110111010111101000011111110111010000010111010111111111111000010000101111100111100000011000000000011111100111111111101111110111010
000001000000111111111010000001000010111111000011000000111101111110111111000000111110000100000000000011000010000000111110000000000001000001111101111000000101111111000100000001111111000010000000
000011000000111110111100111010111101111111000000111100111010111011000100111101000010111100110111000100111101111101000100111110000001111101000110111111000011111100111100111011111101111010000101
000001000110111010000001000100000011000011111101000100111101111110111101000000000001111111111101111001000101000001000011111101000001000100111111111110111100000001111101111001000001111110000000
000000000011000001111100111011000010111010000011111110000110000100000101000010111110000100111011000111000000111011000101111011111101111101111001000111000101111111000101000101111010000110000011
111111111110000000111111111111111110000001110100000010111110000000111111000000000000000000000000111111000000111111000010111111111110111111000010000011000000000001000000111110000000000000111110
111110000011111110000010000011000011000110111110000100000000111111000010111100000000111111000011111110000010111100000011111000111101111101111101000100111101001000111101111101111010000001000001
111010111010001101111100000001000100111110000000111101000001111111111110111111111111111101111101000001111110111110111100000000000000111010000010111111111100111110111101000100000000111001000010
111101111110111110000000111110000000000011111111000010000010111100000000000001111100111100000001111010111111111111111111111111111110111111000010000000111011111101111111000000000001000000111101
111101111110111111000000111100000000000000111011111101000010000001000000111100000100000101000100111111000000000101000011000110000101000100111110111110111101111010111110111100000101111110000010
111101111001111111000000111110111110111100000010000000111100111101000011111100111101111100111111000000000000000000111100111111111110000000000100000000111101000001000110111111000000000001000101
111110111110111111111111000011111111000100111110111110000001000001000000111111000000000000000011111011000011111100111111111100000000111100111101000000111110000010000000000001000011000101111111
000001111010111010000010000100000000000000111011111111111110111101000100000011111100000001000110000000111101000000111101111111000100000011111010000000000000000100111011000001111101111110111111
111111111100111111111001111101000001000011111100000010000100000010111011000001000111000100111111000011000100000011000011111011111110000111000000000010000011111100111101000100111101000010000100
000001111111111100000011111100000001000001000001111111111111111101111110000000111110000010111110111010111101111111000001000010110111111111000100000010000010000000000001111101111100111111111111
000000111110000010000101111110000010000010000001000000000010111101000000111100111111000011000001111111000010111111000011000001000000111101000010000010000010000000000000111111000010111110000000
000001000100000000111110111111000000000000111110111111111110111110111111000100111110111001000000000011000010111101000000111010111111111101111110111100111111111110000001111100000000111000111011
000010111110111100000010111110111101111011111011111110000010000000000010111101000000111011000000000001000101111110111110000111111100000011111111000001111110000010000010000011000000111111111111
000000111011000011000010000011111100111111000001000000000001111100111110111111111101111110000010111110111111111011000001111111111110111111000010000001111111000000000000111011000001111100000100
111100111100111101111100000011111111000001000001000000000010000001000000111101000010111110111010111101111110001000111101111100000000000000111111000010000001000000111101111111111111000001000010
111111000011111110111111111101111110000001111111000000111101111101000001111110000100111110000000000001111111111110000010111110000010111001000000111101000100111011000000111110111111000000111101
111110000001000001111111111101111111000001000010111101000001000001111110111101000110000011000010111101000010000010000000111010111100000000111111111111111111111110000001000010111110000001111110
111101111100111110111100000100000010000100000000111111000000111101000011111101000010000011111110000010111110111010111110111110111101000110000000111110000010111111000011000001111101111111000100
000100111111111111000000111100000001000011111111000000111110000001111110000010000001000010111100000010000001000010000001000010000011000101000001111111000000111101000010000001111111111111000010
111110000011111111000000111100111111111101111101000010000001000001111100111011000110000011111110000001000001000011000001000010111010111111000000111101111100000010000110000010000000000000111111
000000000001111110000001000011000000111011000011111011000011111111000100111111111111000010111101111110111110000000000001000000000000000001000001000000000000111111000001111101000010000011111101
111100111011111111110111000100111100111101000011111001001100111110000001111011111100111100111111111111111111111010111101000000000001111011000111000100111100000100000101000100000011000000000011
111111000000000011000010000000000001000001111101111110111111000001000000111111000011111110111110111111000000111111000010000001000011111100111110111001000001111110111110111110000100000001000001
111111000000111101000110000010000000000000000001111111111110111111000001111111000010111101000001111010111111111111111100000100000001000101111101111110111111000001111011000010000010000011000010
111100000011111000111100111001000110000010111101111000111100111100111100111010000101111010000000111101000111111100111100111110000101111011111101000001000011000001000011000000111101000010111011
000100000001000001000010111110111101000001111110000100111010000101000001111101000000111111111110000101111001000100111100000110111011000011111111000000111011000001000000000001111110000001111011
000001111110111111111100000001000010000000000001111110000100111110111101000000000000000100000011111111111110000001111010111111111100000010000000000000111101111111111001000000111110000110111110
000010000010000001111110111101000001111101111110111110111111000010000101111111000100000001000011111110000000111100111111000001111110000101111111111111111001000000001100000001111101000000111110
111110000001111001111101111010111111111111111101111011000101000101110111001011000000000100000101111110000010111011000010111100111101111101111110000000000100111111001001000101111110110111111101
000000000010111110000000000011111101000001000001000001000000000100111111111111000001000000111101000011111111111110111101000000111111000001000001111000111101000100110111111100000101000000111110
000100111110111111111011111111000000000001000001111111000000000100111011111111000010000001111111111101000000000100000011000101111100111111111100111111111011000100001010111101001001000001000010
111001111110111011000010111001000001111011000000111101111011111101111100111100111110111110111101111110111101111111000011111111000010111100111011000010000010111110001100000101000011000000000010
111101000010000000000001000010000010111010000010000100000010111010000010111011000011111110000010000010000011000001000000000001000100111100111110111101000010000001001011111110111010000010000011
111111000000000000111110000000111111000001000011000100000010000000111100000101111111000000000000111100111010111111111110000010111010000000000011000001111101111110101100111101111110111011000011
111110111111000000000011111101111101111100111110111110000000000010111111111110111110111111000010000000000000000001000100000000111110000100000011000011000000000010110100000000000001000110000101
000000000000000011000000111111000010111001000101000101111111111100000100111111111101111110000011000010111100111100111111111110000011000001000011111100111011000010001001000010111110111010111100
000000111101111101111110000001000010111111000011000101000010111111111010111011000000111111000011111101000011000011111100111001111110000010111001000101000001111010001001111110111101111011111111
111101111101111001111001000001000001111111111100000000111110111110000000111010111110111011111110111101000001111110000000000000000100000001111111000000000000111011001000000100111100000110111111
111110000000111101111110000010110110111101000000000000111110111111000001000001111110000000111011000010111111000001000000111110111110111011000001111110000001000000110010111111000001000101000001
111001000101111100000110000000000010000001111110001000000101111100111010000010000100000011000011000010111101111111111110111001000101111010111101111100000110000100001011001000000000111101111110
000001111100111101111101000010000000111110000000000000111111000011111110111011111110000101111101000000000011000001111110000010111100111111000001000001000000000100101110111110111111111110000000
000011111100111010000000000000000001111111111101111110111011111001000100111100111101000000111110000001000010000011111010000010000010000001111111000000000010111101110100111111111010000101111101
000011000011111100111011000001111001111011000011000011111110000111000101111100111010000010111111000010111101000101000001000100000010000110000001111001111100111100110101111111000000000000000010
000001000000000000111011111001111001000100111001111100111100111100111111000101111100111110111100111011000001000100111111000100000010111101000110000110111101111111001110000010111010111101111001
111011111101111101000010111110111100111010000010111100111111111111111001111011000011111101111011000110111100000011000101000111111000000010110110111010111101000001110100000101111001111101111001
000010111111000001000000111111000011000000111111111111111110000001111110111001111111000001111111111110111111000011000001000011111111111110000000000001111010111101110110111111111110000111111110
111111000000111111111001111110000001000001111110111111000000111111000000111101111111000001000010000001000000000011000010000000000011111101000000000101111111111011110000000111001001111110000001
000000111101111111000000000000111101000001000100111101111011000001000001111111111111111110111111111111000000000001000011111101111011000010000001000000000010111101010001000001111111111001111011
111101000000111110000001000010000001111011000001111110111101000000000100000010000001000010111110111110111010111111000101111010000000000010000001111111111100000001001101111111000000000001111111
000100111101001010111011000000111010111110111001111110000101000011111011000011000111111001000000000001111100000011000101000011000011000010000100000010111100111010110100000000111010000001000001
111110111110111110000011111010000011111100111110111101111100000001110111000010000011111001000011111100111101111001000011111100000011000100000011000011111111111100110111000101111010111010111101
111110000100111101000010111101111111111110111110000001111111000011000000000001111101000001111111000010000000000010111111111110000000000010111110111111000000111010101111111110000001111111000000
000000000010111111111111000000111100111110000000000001111111000000000011110110111110111100001010111111111110111100000010000011111101000001000000000000000000111111010001000001000000000001000010
000011000000111111000011000011111111000001000010111101111111000010111111111111111111111001111111111101111110111111111111111111111101000001111110111110111111111110001110000100111110111100111111
000110000010000010000000111100111010111110000001111100111100111011111100111111000100000001000001111100111011111101111111111111000010000000111101000001111100000101110011111010000000111100111111
111111111111000100000010000001001000111011000000000001000100000000000100111110111110111110111110000011000001000011111100111111000100111101111110000010000100111111110100000100111100111111000010
111110000001111111000010000011111110000011111111111110000011000001111110111100000011111110111011000101111100111111111110111111000000111110000000000001001001000010110001111010000000000000000011
000100000000111110111011000011111110111100111101111110000110111111111000111001000001111110111011111111111111111001111111111011000000111010111111000001111101000010001011000010000001111110111110
111111000010000000000010000000111100000000111101111101111011111110000001111111111110000000000000000111000001111111000000000001000010111111000001110111111110111111110001111111000001000010111100
110101111100000011000000111111000100111010000100000000000010000100111010001000111101111111111000111101111011001000111001111101111010000011111101111111111101000100110011111001111011111101111011
001010000000000001111110111101111011111100000010000001111101111101001000000000111110111011111111000001111111111111000001000110111100111100111111000000000101111111110100000000000100111011111001
110100111110000010000101000010111111111110000101000001000000000010000000000011000001000000111111111111000010000011000000000000000000111110111111000010000011000000110010000001111100111110111110
110010000011111111111111111111111101000000111100000011111111111111000001111110000100111100111110000011111011000010000000111011111100111100000010000001111101000000001110111011111111000011000001
001010000010000111110111000101111101000110111011111010000011000000000101111011111000111110111011111111000011111101111101000011000100111111110110000011000101000001001001000111111010111001111011
001010111111110111000000111111000000000001000100111011111101111111000001000000111001000000000001000001111101000000000001001001111101000000000010111100111101111110001111111111000001111111000001
001100111111111111000010111111111111000011111111111110000001000001111101000000111111111110000001111100111110111110111111000010111111111111000001000000111111000011001100000001111110111101000001
001100111111111110000010111110000011111111111110000010111110111101111111000010111010000100111100111100000011000100111110111110000010111111000000000001000000000100101101000100111101000110000001
110110111010111010111101000111000011111010000001111101000011000110000100001000000000111101110101000110000011000011111101000001111111000010111000000011111010111000111001000010111101111100111010
001010001001000001000011000001111001111101000011000010000111111010111011000001111110111111000100000111111111110111000010000101000101111000110110111100111110110100111010000010111001000001111011
101110000010111101000011000010111110111010111010000110111110111111000010111111000011000001000000111011111101000001101110111110111100000101111100000001000100010001000000111100111100111111111100
110001000000000100000101000000111110111111000010000000111010111110111111000001111111000000111101000001111101000000110011000001000010111100111101000010000011001010111111000001111101111001111111
001111111110000010000010000010111100111010000010111110000001111101000001000100000001111111111110000011000000111100010010111110000010000100111111111100000000001100000000111110000000000000111110
001011000000111110111101111111111111111111110110000011111111000000000000000000000000111110111100111111111110111101001110111101111111000000111101111101111101001101111101000001111111000001111111
010000111111000001000101111110000011111111000001000001000000111110111110111110000001000001111110111101111100111011001101111110111110000010000001000001000001110000000011111101111110000010000001
010000111111000001111111111101111110000010111111111110000010000100111110111111000010000001111100111111000000111110110010111011000000000010111110000010111110000010111110111111000001000001000000
001111000010111111000011111011000000111100000000000010000101000001111111111101000100000000000010111110111111000000110010000001111111111110111110000000000001001111111111000011000010000001000001
001110000101111111000011111111111100111101111101111010111110000010000011000010000000111101000000111110000000000100110101000101111110110101111110000011000010110001111101000010111101000001000010
110100000001111111000010000000111110111101000100111111111100000000000010000000111110111110111111000001001110111100001010000001000001000001000001000000111111110000000011111011111111000011000001
001010000010111101111101000100000010000010111100111010110101000010000010111100000101000010111001111111001111111011110100000001000000111110111110000010111101000110111011000100111110000000000011
001011000001000000111110111110111100111010000010000001111110111110111111000001111111111101000001000000001011111111110010000000000001111110111110111110000001001011111110111100000000111101111111
010001000010000001000010111111111111000000000000000001000010111111000001000000000000000000000011000011110001111110110101000011111111000101111110000000111101001101000000000001111111111100001010
101111000001111110111101000001111101111110111111111111111110000010111111000011000011000100111101111111001110000000001101000001000000111110111100000001000000110100000001000011000001000000000010
001010110111111011000000000011000101111100111111000111111000000110111011000001000000111110111110111101001001111110001011111111000000000000000001111110000100001100111111111110111110000011000010
001101000001000001000011111101111110111110111010111101111011111101111011001111000001000000111101111111110110000000001110000000111011000011111101111101111010001101000010000001111101001001000110
001111000001111111000001000100000010111110111101000011111110111101111100001110111110000000111111111101110001111110101110000101111101111100111111000000000001110101110111000100111101111111111101
001110111111111110111111111111111011000010000010111110000011111101111111110001111111000000111111000000001101111101001110111111001001000111000000111101000100001101000001000011000010111110000010
001011000011000001111011111111000000111111111011111011111100111001000010110100111111000001111110111101110111000011000111111101111100111010111111111111111110001001111100000010000010111111000010
010000111111111101111101111111000100000001000000000001111111111111000010110011111110111111000011111110110011111100001001000000111111111110000001111110111110110010111101111111000001111110111101
000101000001001011111111000000111101111101000100111111111110000000000101110001111011000001111000000101001001111111110100000000111010000001000011111101111000110010111010111011111000000111111101
001011111100110011000001111110111111111011111110111110111010111011111110110110000011110111111110000010110101000010001100111110111010111100111010000010000000001011000001111101111010000010000001
001111000010101111111111000111000000000001111111000010000000000000000000001100111100111111111110111110010000000011101110000000000000000011000000000001000000110010111111111110111111111100000010
110000111010110000111100000100111010111111111100000001111011111101111110110001111101000011000010000100101101000001110111000000000011111101111111000011000001001101000100000001000001000011111110
001011111100001100000010111110111111111011000001000001111101111110111100110100111100111110111111000010110010111101110000000000111001000010000011000001000110001000000000000001111110000000000010
110101111110001001111101111100000000000010111011000011111100111011111110110110000011000011111110000000110011111110110010111101000001000010000000111011000000110000000100111110000000000001111110
110101111111001110000011000000111110111110000000000000000011000001000000001011000000000001000100000010001010111100110110111110000100000010000001000010000000001001111100000010111101000011000001
001011000011110100000001000000000011000000111111000011000000110111111110110011000001110110000011111010001101111111110010111111111100000100111110000000000000001011000000000000111101111100111110
110101000001110001111111111010111110000011111010000000000000000001111111110101000010111110111100000010001100111110001101000010111111111111000011111100000011110101000000111111111011000010000010
110011111010110000000010111100000011000001000001000010111111111110111110110001000010111101000001111111001010000011001011111011000000000000000011111011111100001101111010000010001010111101111100
001111000001001011000000000110111100000010000010000100000011111110111111110001111101111111000001111111110000000000110010111111111100111110111100111101111111010000000000111100000000000001111111
110101111001110011111011000010111011000100110111000010111010111101111100110011000011111100001001111011110100111110000111000110000000000000111001111000000111110100111001111011111010111100000000
001100111110001011111110111111111101111111111101111111000001111110111011110010111100111110000000111110110110111101010001000010111111111111111111000010111111110101111101001111111110000000000001
001111111111110011111101111110000000000100111110000000000000000000111011110011000000111111000000000000001010111111010010000000000001111100000001000001000000110100000010000011000010000000111101
001011000001001011111111000010000100000000111111111110111010000000111111110100000001000011111111111110110010111110110001000010111000000010000000111111111110001101000000010010111110000000111110
001100111110001101111110111111111101111111111111111110111110111101000000001101000000111101111100000001001110000000110010111111111110111101111110000010000011001011111100110101111110111101000010
000110111110110010000001111110111111111111111010111100000011000001000011101100000000111011000010000001110010000010110001000010000001111110111001111101000100110011111110001100111011000000000000
001110000010110100000001111011111111111100000000111001000110000000001110001001111101000010111100111111001111111110001010000011111111000000111111111101111110001101111101110110111110000011000000
001011111111001100111110111111000100000010111111000000000000111100000000000111111111111110111100111101001100111111110111000100111110000011000001111111111111110011000001111000111110000100000001
110110000010110000000001111011000001111111111101111111000100000010111111001100111110000001000010111111001101000000110110111011111111000011111101000011111110111010000001001011111101111100000001
110010111111101111000000000100111111000000111011111110111111111111111111010001000000000000111110000001010001111101001111000010000001000001000001111011111111001110111111110010111110111111111111
111000111110001101000000000001000000000010000001111111000000110101000010010000111100111101000010111100110001000000001010000010111110000010111111000010111111001011111111001110111110111110000001
001111000000001001111111111101000000111100111111111110000100000000111101001110111110111110000000111100001010111111001100000010111110000001000110111111000011001001111111110000111010000011000010
001101000100001101000000000001111111111101000001111011111110111110000010010000111111000000000000111110010000000010010001000010111110000000000000111011000011110001111101110000111111000001000001
001100111011001001111110000000000000000010000101000100000010000010000101110100111101000100111101111110110010111001001001111111000001111110111100111110111011110101000001001010111110111101000010
110001111101001011000001000001000000000010000011111101000000000001000000110110000000111110111100001101110111000000110000000011000010000000111111110110000010110110111000110011111011111111111110
010010000000110111111110000000111110000000000000000000000110111100111111110010000001111101111011111110001011001011001110111110000100111110111110111111000001001011000000110011111111111111111110
110001000010010001111111111010000011111111111101111110000000000000000001010000111111111111111101000000001001000000110010111111000100000001001100111111111101110010000010110000111110000000000011
001001000100110010111100111101000100111100000011000011000000111010111100110111111101111110111110111111000111000001110101111110111100111101001001111100000010001101000001001011000011111101111100
110010111110110100000001000000111111111100000000111111000000000010111100110011000010111110000010000011001111000001001010000101111100111010101111000001111100001100111110001100000001111110111011
010000000001110011110101000000000001000000000001000001111110111010000100110000000000000000111101111101001100111101110100000010111101000001001011000010000001110011000001110010000000000100111100
001000111110110001000001111110000010000010111101000001000100000100001111110101000100000001111110000001001111000100010000000000111110111011101111000001000000110001111111001100000001111101000010
110101000011110100111111111111000000000101000011111110111100000001001110001010000000111111000001000100010000000000101111111111000010000010110100000100000010001110111110110101111110000010111111
001000000001001011000000111100000100111001111111111111000111111111001011111000000100111110111101111110001101111010110110000011111101111011001110111011000011000111111011001100111010111100000011
110111111111001100111100000001000001000011000001111111111110111100110010110101000001000011000001111100001101111111101111000001111110000000110100111100111111101111111111001101000000000000000010
110010111110010000110101000010000001000000111010000011000000111110110001001110111111111100111101000010110011000001110010000101111110111111001101000110000000001101000100001010000000000010111100
001100111111001110000001111100111110000011111111000000111111111110110010110001000000000000000000000010110101000001000101000000000000111110110100000000000010101110000010010000111011000010111110
110100111111110101111110111111111110000001111111000001001011000011110101101110111110000011000000000000110100000000110010111101000101000001001100000000000000110011111111101110000010000000000010
110000111011001010111100111110000011000110111010111110001100111010110111110101111110111100111110111011110110000101110101111011000011000001001011111000111101001011000101001101111011111100111110
110001000000110100000000111101111110000001111101111101101111000010001100101111111011000011111111111111001101110111110010000000111110111110001100000010000000110110111110110100111111111111111011
001000111110110011000011111010111001000010000011111110110110000010110011001100000100000001000010111111110011111111110011111101111110111111110100111101111111110001000011001000111100111111111100
110011000001001011111010000100111011111100111111111110001010111101001101001001111111111100000011111011110101110110000000000001000000000001001100111101000110110011000000001110111011111111000100
000110000011110010111100111100000000000000111111000100110011111111110001001100000000111100111100111100110001001110000011000010111111111101110000111110000011110011111100110101001000111100111111
001101000000110100111110000001111100111100000000000001110010111110110100110010111101111110111111111110111010001011000000000010111101001001110000000000111111110010111110110000111110111111000000
010010111111001110111111000000111101000011111110111100001100000000001100110011111110111101111111111110001110001010111111000000111111111110110011111110000001110000000000110000000000000100000000
110100111111110010111111111111000001111111111111000001001110111110001110110001000100111110111110111100110010001011000001000010000000000000110100000010000011110001111101110100000011111110000111
110001000011101111111101111111000000111010000000000000001101111101001101001100000001000001111110000010110011001001111100000010111111000010110001000001111110001110000000110010000010000000111011
110001111111110010000000000000111110000001111111111110010001000000001111001001000001111110000000000010001111110001111111111111000001111101110100000001000001110101000010110011000000111110000000
001110000011001111111110000101111110000011000011111101110000111111001101000111111101111101111100111111001111001110111101000100111100000011101101000000111101110110111100001000000001111011111100
111000110010110001000001111111111101000010111101111111001011000001001101110010111110000011000001000001001011110110000001111110000001111111110001111110111101001100000001000111000110000000000000
110110000001001010000011111101000010000100110011111110001100111111110101110101111100000001000100111111000101110100111101111101111100000011110110000000000001110100111101001001111001111101000000
101111000000001100111110000010000000111101110000000101110100000000110001110010111111111100000011111111001010110111000000000000111110000001001100111110000010001101111111110010000100111111000000
110011000000001100000000111011111101000010101101000000110000000000001111001100000001000101111110000010001100110000111111000001110111000011110010111011111111010010111101010010111010000000000001
001001111001001100111111000100111110111100001100000000110011111111000011110000000000000000111100111110001011001101111101000010000010000010110001111010111111110011000100001111000010000010111011
001110111111010000111101111110000000111110101110111101001111000011110011010001000010000001000000111111110001110001000010111111000010000100001111000100000001001010000010101111000010111111001111
001010111101001101000001000100111111111011001011111011001010111010001010000011111011000010000110000011001000110001111110000010111011111100001001111011110010000111000110000100111011000010001110
000111111001001101000010111111111110000011010000111101001010111101110100110011111110000010000011111110110101001101000000111111111101111100001010000100110010110010001001110010000000000100110010
001101111110001110111110111110111011111110110110000010110001000001001110001101000010111111111110000100001100001111111110111101000010111111110010111101110100110101111101001101000010111111110011
001010111111101101000010111111111111000010110011000010101101111110010000110101000011111111111101111101001001001101000001000100000001000000010001111110001011110100000000110001111100000001001111
001011111110110101111111111110000001111010001011111111001011111110110011110010000010000001111111111110110010110010000000111111000010000010001101111111110011001100000000001110111100000111001101
110000000001110011000000000000000000000001110010111111110010000000001011101111111101111111111111000110001100001010111110110010000001000000110000111011110010001011000011110110111100000000110101
001011111011110110000000000010111101000010110110111111001010110100000000001001000000000000111110111011101111110010111010110010000000111100001001111110110010110010111101001001000010111110110101
110110111110110011111111111011111101000000110011000010101111110000000001010000111010001001000001111011001100001010000011001100000011111111001011000001110000110011000000001010000000111110110101
001100000010110110000010000001111111000011110001111010110100001111000010110100111011111111111011000010110011001100111110110100111101000011001100111011001110001101000100110001000000111101110101
001010000000001010000001000000111111111110001100000000001100111000000010110001000001000000111111000000001001001110111101001101111111000000110110111110110001001010111111110011111101111110110010
001010111110110001000010110100000010000000001100111000101111001110111110001001000001000000000001111101110100110111111110110111111101111110001001000000110011001011111110110001000010000100001110
110110000010111001000101000000000011111001110001111101110101001011111100001010000001111001000000111111001010110011111110001010000001111111000110111010110111110100111011000111111111111100110100
010000111111001101111111111110000000000010001100000100110101001100000011110000000000111011111111111101110110001011000000001101000000000011010010111101110010001001111101001110111110000010010001
101100111111110010000001000000111101000001001101111100010011001110111111101100000000111111111110000000110000110000000000101111111111111111110011111111110011001100000010001101111111000000010001
110011000110000111111011000110110100000101110011111100110100110100111101001100111100000111000100000010110100110111000011111000000010110101001010000001110110000110000110110101111110000000001001
110101111101110010111100000110110100000001001100111011110111110101000010001011111110000000111111110000000000001101111110110001000000111110001110111101001101110001000010001110111101000001110011
110011111011110000111110000000110000000001101101000000110001110010000011110010111101111110000001110011000000110001111111001110111101000000110101000000001011110000000000101011000001000000001010
001001111110001101111111000010110110000001110011000100110010110010111110001011000010000011000001001000000111101111111110110101111010000011110001000001001001110111000100110101111011111100110101
110011111111110011111011111101001010111100110111111100001100110000111110001101111110000001111111110010000010001011110111110000000001111110110100000001110101001100000001110110111011111011001011
001110111110111000111100111100110100111111001000111011110110110100000011110100111110111110111110001110111100001001000010110001111110000000110110111111110011110100000001001011000001111111001111
110100000001001101000000111111001100000001110010000100110001010001000000110001000000000001000000001010111110111001000010110010111111000010001101111111001110110011000000110101111101000001010001
110011111110001000111110000011110010000100110010000001110011110100110101001010111100111111111011110010000000110000111111110101000010000011110000000001010001001101111110110011111110111110110110
001011000001001001000100000011001100111101001100000010110010110011111111110010111011000101111011110110111110110101000010001101111101111100001101111111001110110111000010110101000010000011110001
110011000001110010000001000100110000111111110000111110001100001001000000110010000010000010111110001001000100001001000010001110000010000011110000111111001011001110000001001100111111000000000111
110010000010001011000000000000110010111111110010000011110001001100111110001011000010111111000000110000111011110011111011001101111111111101001010000001110010110001000000001111000010111110110000
110010111111101111000000111110001010111110001100000000110111110000111101001100111111111101111101110011111110110011000001001101111101000001101101001000110011010000111001001110111101111101101110
001101111111110011000001111111110001000100001111000000110000001100111101110000000000111110111111110010111111110001000001010100000000111110110011000001001000110010111110001101000100111110001011
001100000000001010000001111111110000111111110101111001001100110011000000110101000001111100000100001100111101001000111111001101111101111101001001000100001101001100111101110011111100000000110100
110110111100110100000111111100001011110100000100000101110101001001000110110101111011111110000011001001000010001011111100111000000010000100111000111110001011001111111001110101000110111110111000
001110111011001110000000111110110010110010000010000011001110110001000011110010111111000111110100110011111100110001111111001100000001111111001011000010110110110110111100110000000001111100001110
001101000010110010111010110111001111001111000001111101110011110011000000101110111101000001001111001011000000001010000100010000000011111111001110111011001011000111000011110001111110000001001001
001100000000110011000000000010111000110110111110000000110111110101111100111000111011000001110101110110111011111000111100110100000101000011001100000010110010000110000010001000111011000010001101
001011000001010000000010111110110111111001111110111111110011001000111101001011111010111101110110110100111101110011111010110011110111111100000111000011110110001110000100001101000001111111001010
001011000000000111000001111110110011111011000010111101001000001010111110001101111110111100001110110011000001001010111011001100111110111111101111000001001010110001111010001111000000111100110100
001101111011110110111101111101110100001010000000111110001011110000111101001010111110000101001000001011000001001000000110001100111100111111001110111111110010001101111000001000000010111111010000
110111111110110111000011000010010010110011111110000001110010001111000000001100111111000000110010001101000111001100111111001110000101000101110011000010110001001011111100000111000000000000001011
001011111101001101000011111111110100110010000011000001110010110100000001001100111111110101110001001110111111110101000001010100000000111111110100111101110101010010111110110110000001111111111000
001010000001110100111101111010110100001100111101111111110011001011000101101111111110001111111001001000111111001101000100001001111100111110110101000011110101110000000011110000111111111100001001
110111000110110110000100000001001011110101111110000110110111110100000001001110000101001010110101001001000110001101111110110111000010111110000110111100111000001011111001001001000101000110001000
110001000001001011111111111100001101001110000000000001110010001000111110001010000001110100101111110110000010001110000011001011000000111111110000000000001100001100000011110101111100111011101111
001001000100110011111110000011110101001001111001111011001010001011111100110011000100001011110101110011000110110101000100110011000101000001110100000110110101110111000010110100111010111010000111
001110111010001110000001000001010001001100000001000000001110001111111101001010000000110100110000001101111111001011111111110101000000111110101111000010110011001010111110001011111111111110001111
001100000001001000000001000010001001000101000011111100111000001011000100110011111110111010001011001010110111110111000100110110000000000000111000000100001111001010001001001011110011000011001110
001010000010110011000010111010001010001101111111111111110101110110000011110010111101001000001010110110000001001011111100110111111111111101110011111110001101110011111100001110000010000100001110
110010000010001110000001111100001101001001111101111111110001110100000000001000111111001000001110001011000010110011111110110110000100000000110110110010111110001111000101110011111100111100001011
001001000011110101000110001001110011001010000011110110111000001001000010110001001101110101110101110010000010001011000001110010000010000011001011110110000110001011111110111000111101000010001001
101110000010000111000000111111101111001100001010111110110010001010000001010000111110001011110011110010111101110001000010110001111111111011001100001110111110010010111101001101111111000011101111
110101111101010001000011000100110100110101111110111101001101110000000001110000000000001111110010001011000001110100000000001111000001111111001011001110111101000110111111001110111101000000001011
110100000010111000111100111110001100110100111111000101111010001001000001111101111110001111110101110010000100110111000010110100111110000011001011001100111111001111111100001010111111111110110011
001111111111001011000001111111010000110101111111111111101111010001000000001110111100110001110001110011111111110101000011110011111110000101110111001010111111001011111111110100111110000001110101
110110111111110110000001000010000110110101111001000100001100110101000010001011000111001011110001001001111001110111111100001000000110000110001011001100000001001001000000000111111110000110110010
110000000001001010000001110000110011001100000011000001110001111000111110001010000000110010001011101111000001110101111101001100111110000000000111110100111100001000000010110001000000111101001100
110010111100101111000001110001110000101111111111000100110011001101111010001010111100101111001101110011000010110100000011110011000000111101010001110110111110110010000000101111111011111100001100
110100111011001001000011001011110100001010110111000000001000000111000010111001111010001010001100110110111100110101111111001000000011000110001001001100111101001011111101110110111011111100110110
110011111111001111111111001011110000001110111111000001001001001101000000001101000010110101001101001111111111110000111111101111111110111110110011110100111111110101000100110010111101111100001110
001010111010001001111110101111110010001011000000111111001100110110111100001011000010001100001011110011111110110101000100110011111101111110010000001011000001110010111011001111000011000011110110
110011000010110101111001001011001101001010111101000001110111110011111010110011111100001011001010110101000010000110111101110100111100000001001011001100000010110111000000110101111110111011001011
110000000010110011000001110110110011001011111011111111110101110001111011001100000001101101001111001001000001110100111110001010000001000001110110110110000001001010000011001011000010000010110010
110100000000001101111111101111001111001110111110000010001100110000111101101111111110110110110010110111111110101101000000001010111001111111001100110000111101001111000100110101000001000001101111
110011111111110011000000110111110110001101111111000000001001101101000010110101111111001100001100001101111101110000000001110010000011000010001001101101111100110001000001101111000001111101110100
001111111100010000111100101111001011110110000000111110001101110001000000001110000010110011010010110001000001001101111100001101101111000011010000110101111110001010000000010010000000111111001100
001011000001001010111011001101001001110110111100111100111010001001111100001001110100110010001011110011111010110111111010110110110011000011111000111011111011110100111100110010111101111111110100
001110000000001000111110110001110010001101000010111111001101110010000001001001111111110001001001001101000001001110000000110001110001000000010001001100000010001000111111110010111101000010110110
001000000010001100111010001001111000001100111111000000001110001011000010001010000010110001001111110011111101000111111110010010110100000001110000110011111101101111111100001110111111000010110011
111011000010111000111110001110110100110010111101000000001111110100111101110101111110001011110010001010111011110001111101010000010000111011001101001101111110110100111110001111000010000001110011
010000000001001011000001001100110011001001111111001010110100001011111110110001111010010000110011010000000000111010111111001011000101111111110100110110001100110010000001110111000010000001001000
001111111100001111111100010000001011001110000010111110110011001100000000001110000001110011110011001110000000001110000010110011001101111110001110001000110000101101000000001011111111001110001100
110000111000001001000001110011101111101110111111000000001010110000111111001101111101001110001101001011111110110101111000001110001101111100101111001100001100001100111110001011111001001110001100
001110000000001001000101110000101111110001111111000000110011001110111100110011111110001001001101101110111101110100111101111010001010111111001101001011000111001011000001110111111110110001110010
110010111110110101000000001000001011111000111110000101001011001001111111111010111110001001001101110110111011001010000010110100110111000101001101110010001101110100111110001011000010111000001011
001101111110110010111100110010000110110101001110000010110110001111000100110101000000001100110001110111111100110010000101110100110100000000110011001100001100110011000000001100111110001101001110
001111000000000110111101111000111101001100110011111101110010110000000000110000000010110111110101001100000000001011111011111000001110111101001101001011110010110010000001110011111100110111001110
110110111101110001000000001111110000001110001011111110010001110010000001001101111011110101110101111000000000110101000001010000001011111100110010110001001010110000111110010001111111110010110000
110101111010110101111010110110110101110111001010001011111110001001000011001011000000110110110110001001000010110111111110001010001100000000111011001010001100001011111111110010000100110010110101
110010111111001011000000110101001100001010101101001110000001110001111101110100000100110000110010110001000001000111111101001011110011111101101110001101110011101101111110110100000000110000001010
110010111101110100111111110010111000010000001001110001111111110010000010001101000000001011001100001110111101010000111111010000110011111111001100110100010010110010000001110000111110110000110001
110010000010110010111111101100010001110110110000010000111111101111111110110011111110110001001011110011000000110000111111001110010001000010001101001000001111001000111111111000111111010001110101
110101111011110011111100110011001011001010110010001100000100110010000011110101111011001011000111001011000111110000111100110010001100000100001011110011110110001100000010001010111010001010110100
000111111110110011111101010000001001010100001101001101111111110001111111001110111111001111110010010001000001001101000000010001110101000000110000001110001100110010111100101111111100110001110011
110010111101001111000000110011110001001111110011001110000000001110111011001100000000001011001111001011000000101100111111110110001101000011001110111000101110110010000000110000000001001100101111
110011000011110100000010001011110101001010001011001110111101001010111101001100000010001100001111001010111110001100111101110100110111000001001100010001110100001100001010110100111101001011001111
001101000001010000111111001011110001110110111000110100000001110111111110110011000101110010110011111000111100110010000011110010101010000100110011110110001110110011000001110111111100110011110100
110110000000001000111110110011110110110011001001001000000010001011000100110111111011110100110010111010111011110111000110001011110110111100001001110010000100001100111111110010000001001110001010
110001000001110100111110110011001100110101001100000111001101010000000011000110111110110010110101101101000000001010000010001011110101000000001001001110101111001100111111111001000001110000110100
110100000100001101111111110100000111110100001100001011001100111000000001000110111100001001110110001110000010001000000100001000001101000010001011001011110101001000111100110100111110110100111000
001011111110001101111110110000101111010001110010110000110010110101111111110000000011001100000100110100111110110000111110110000101111111110110100001111110010110000111011110000000011001011110000
110011111111110110000000101111010000001111110000000111110100110101111100001001000001101111110011001110111100101111000011000111110001111110110100001111110010110101000001001001111111001111110000
001011000000101110000001110001001111001100110000110011001100001110111111101111111111110000001100001110000011010001111111101111001111000000110010101111110011010011000001001011000011110000110011
001001000000000100000001111000001010001100110010001011110101000111000010001011111001110111001111110010000101001011111111001100001100111100000110110101001011001100000000110100111110001100001100
101111000000110001000000110010001110110010110100001101001101001111110001010010111110001110110110001101000000110001000010110111001101111111001110110011110111110110111101001111111011001100001111
001101111101010000000001110011110100001111110100001001001111110100001011001101111101001001001000001100000010110000000000001101110011000011110011010000001011001100000011001100111111001001001001
110101111111110100000010001000110101110011010010110011110101001010110010110011111111001010110001110011111110001011000011001010110000000010001011001010101111110101000110001110000001001101001101
001101000110001001111001111000001100111000001011001011001001001011110111001100111001110010111011001011111101001111111111110011001101000011010000110101001001110100111011001000000011110111111000
001001000001110100111110001010010000010010111010001100010000001101110100110010111101001011110010110001111100001011111101001010001100010010110000110010001111001011111111110001111110001101110011
110101111101001111111101110011111000001001110100111000001001001011001100001110111010001100110011110111000011001011000100001110110101001101110101110110110100001010000001110101000001110110110001
000111000001110111000010110101110000001001000110110110001101001010110001110110000000001011101111110001111100110100111111110011110010001100111000101111110110110010111111110011000011001011110000
001100000000110100000000110011001011001011110000001100001100110101110000001110111111110100110111001011111011110101000110001000110101110011000100001101010011001011111110001001111111110001001011
001111111110001101111111101110001101010001010000110101010000100111110010001110111100101101110010001111111101110001000000110111001011001110110100101110001100110000000001110100000001101111101111
110010111101110110111100001011110001110001001110110110001100111000001001110110111011110101001100001100111110101110111110001110110010001100110100110000110011110011000001001011000000110001010000
110010111100110011000001001010110111110110000110001100001010001000001010110011111111001001111001001100000011001010111100001000110100110110001010001001001001001000111010001011111100110111001011
001011000010010000000011110110000110110100110010001101110111110010001100001101000000001100110101001010111110001001000011001011110100110101001000110011110011110100111100000111000010110011001010
110110111000110111000100111000110101001100110010111100000111110010001001110111111100001011001100110010111101001011111101000110001010110110001010111000001001001001111011001101111001110101110101
110001000001010000111110001011001111101111110101110010001101110001111000110010111010001100110010110111111111110000111101001100101111110110110100001000110110110001111100110000111100110101000111
010001111110001100111111001011001010001110001010001101110100110010010010110010111101110100110010110011000000110100111101110011001110110011010001001101110010101110000001001100000100110011110100
110001111110001100111100110000001110110011001100110101110000001110001100001100111010001100010000001100000010110010000000110100001011110011001000110011110010010010000001001011000010110011111000
001101000001110011000010110000001111010000001010001011110100110100110110001110000000110101110100010011000000001101000000001111110011110010101111110001110001010001000000001000000001110111001101
001110111101001011111101001100001001001001110010001010110110110011110000110001000100001010110011110100111110001011111111110010001100001110110111001110110011111000000011101110111011001110110000
010011000000001111000000110100010010001001001010110000001110110100001010001101111110001110110011110001000001001110111110010000110110001100001101110000101101111010111110001100111101000110001101
001010111100110100111110110010110100110010110111110000110000001111110010001010000010110101110000110011000000101111111100110101001011001101001110001111110100001100000000001111110010001111001101
001011000000110011111101101111001011001010001111101111110011110100110001110101000011110010001111001000000010110001111011001100001000001000010000000110110010001110000010001101101111110011001101
110011000101110010000000101110110010000110001010001011001101001000001101001001000001110010110101110101000000110101000100111001001101001100110111001100110011001101111111001011110011001101110010
010000111111001001000001110110110010001101001011001100110000110010110100001011111110001011001000001101000010001100000001001101001101110101001000110100001110110101111111110011110100110100110100
111000111011001001111001001000001001110011110110001001000101110101001100001000111011001000001100001011111111110011111101110101001010001000000111001001001000001001000001110110110111000111001101
001100000011001101111110001010110010001011001100110011110010001101001110110101000001110111000101001001000001110010111110001010001100001100001100110011001100110010000011001011110111110110001110
001101111011110101000101110111111110001101001001110101001010001010110011110100111100001000001001001010111011110001111101001100001010001000001010110111000111111000001010110011001000000110001011
110000111010110001000000110110001111110000001011001011001011110110001110110011111100110010001001110010111101001110000000110111001001001101110010001010110001001101000010001100001100001001110110
110101000001101110111101001110110010001101110010001010001101001011110000110100111110001111001110001100111111001101111011110001001010110010001100110111001011001100111100001110110011111000111001
110011000011010000111111110100110101001001110011110011001110110100110101110100000100110110110101001111000110010000111110110010110011001101001100110010001010001001000011110001001001110111110001
110001000001001011111111000111110100110110001010001100001011001101001110001011000000110100001011110011111111000111000100110100110000001101001111001100110100001011000010110011101110001011110101
001010111010110111111101001010001011000110110101001010001011110100001000110111000010001111110010110011110110110100111110001100110100110110001011001000001101001110111011001010110110110010001010
110001000010110011001101001111110011001110110000101111001011001101110101001010000000000111110110001011111110111101111101001100110111000110101101001111001010111000000011001011001000110111001010
001101111111110001110011001011111001001111110010110010110100001111001101001110111111001001001101001101111111110010111101000111110010010011110010001110110100110100111110001011001110110010110101
001010000100110011110100001001110100110010001110110010110000001100110001110010000011001101110100010000000001110010000000110001110000001011001111001000101110110001111111110011110011001100110100
110011111011110011001010110110110010001000001010110100001110111001001100001101000011001011111001001001111010110100000010001011000111110111110011111001110100110111111100110101110100001010110101
001101111100001010110011001110001100001101110000110100110100001001101110110001111111101111110000101101000000001100000000001000001110110001110000001001001100010000000000110010101111111000110000
110010111100001101110100001000110000001011110100001001101111001110110011001100110010110100001101101111000001110101111111110011001100110011110010110010110011110010111111000111001011001101101111
110100000011001100010000010001001100101111110100101100110100001101110010001110001110110100110010001101000011110001111101110011001001110011110111110110110000001111111111001001110100001000110100
110010000001110001110100001110110100110000001010001100110110001011110011001100110001110100001110111111111110001000000001110110110000110000110010110010101111001100111010001101010001110011001010
001101000011110000001010101111001011110011101101110100001011110010001000001110110100110101110010110000000100110001111101110110110001000011110000001101110101110100111110001111001100110011110010
110001000011110011110001001101110101001100110011001011000101001100110100001010110011110100110100001110111100001111000000111001001101110011110100110100001100110011111110001100010001001000000011
001111111010110100001000110101110110000111111010110110110101111000001100001010110100001000000110001011111110110101000000110111001011001010001010110111001100110100000000110100001010110011110111
010000000000101101101100110000001111110010010001110101001111010010101101101110001111101101101111110010010010101111111111010001101110001111110000010000101110001010000011101100110010010010001110
110100111100110010110010110011110100001011110000001111001101110011110010001100110010001100110011001100001011110110000000001100010000110110001100001111001110101111111101001100001010101101110100
111111111011110011001001110011110111110011000111110001110110001101001010110011010000000111001011001110001110000100111101000111001011001011001011001011001001001010111011001000110101001001001100
110011111110110010110000110100001110001000110001110101110011110100110001110011001000001101101110110110001001001101000011110101111000110010001100001111010000000111111110111100110010001101110010
110010000000001101001110110001110010001010001100110011110101110000110111001101110101110110001100001100001100110010111101001010110111110101110100110100001001001010000001001110110110110010001111
001101111111110011001101110100001011001011001000001011001011001100001110001010001100110100001010101111000110110110000100110001110100001001110100001110001011110110000001000111001110110001110111
001000000000001101001100001000001110110001001100010001110101110011110011110011001100110101001110110011001011110001000011101110110010111000110000110010110101110011111111001101001111110011110010
101110111110110000001110001111101111110101010010001011001010110101110010101111001111010001101101110001001100010000000001001110110000001011001100001000010010110011111010110001001101001110010001
001100000001001101001011110000110010110010001100110000001010001100001010110101010000110010010000110001110000110010110011110011001100001101001011001110110010001001000010001101101010001010101111
000101111110110011110011001010110011110111110011000110110010001001001001001100110010110010001100000111001100001000110010111000110010001101001000110100001100000100111101110010110100001010000101
101111000100001011010000110001010001001110110000110010101101001100001011110101001100001101001101110000110000001110110001110001001100001011110101110011110110001011111110001010110101110100001101
110000111110110011110110110100001110001000001111001111110101000111001100001111010000001110010001001101001110001011001101110010110010010001110010110011110101110000000011001100001101000111110100
001100000001000011001000110010101111001011010000001101001100001101110011001101110100110001110101001001010000001111110010010000001100001011110110110101001010110101111110001100110100001101001000
110100111111001110110010000111001001101101001010111010110100110011111001110011001010001011111000001001001101001010110001000111111000110101001101001001111000000110111101001010001010110000001011
001010000001001110001101001100110000001111001011001100110001001010110100101111001011001110001100001101001010001111001100001011101111110011110010110001110001010010000001001101110011110111110111
001101000010110001001111001111001101001001110100110100000111110001001101001101010011001010001110101111001011001110110101110001110001110011110001110010101110110011000000101111001101001011110001
001110000110001000110110110111110011110011001100110010001010110001110011000111110110001100001001001000110100001001111011001000111000111000001011110111001000001010111111000110001101110101110101
001110111101000011010001001010110100110001001011001001110101001100001101110110110100110101110100110100110001010000001101110110001100110001110101001010001001111011111011001101110001110001000111
001110001100010001110001110001110001110010110011010001001100001011001011101111110001110101110000110010001010001110110010101101000111010000110001010001001101001100000010001110110000001001110000
110011110001001101110101110100001110101101000011001110101101110010001001001111110000001111010001001110001010001111110010001110110001001101001011110011001100110110000001001010001010001111101111
110001110001001010000110110101001110001011110000001100001011000101110000001011001100110100110101001111001010001100111011110100001101110010001101001010001100001100111111110001110001001111110011
001101001110001110110010110010001010001011001110110100110011110011111000001100110001001100110101001101010011001111110011110001001010001101110010001011110010101111111011001100001101010000110111
111000110011110101001011001101001111110100001101001111001101001100110000110110001101001011001100001101001000110010001101110111001100101110110101110011110101110001000011110101001000110011001100
001011110100001000110111001011110010001000001001110011001110001100110000001111001110110011001001110100001001001100001011101110001110110100110001010000110100001010000001110011110110110011110100
001010001110001011110100110011110111001111110011110100110000001100001101110010110010110010110100001101001110001001110010110011010001101110001100010000010001001110000000110001110011110010110000
101111110011001101001001110000001100101111001101001111110000101111010001001100001111001101101110001110101100110100110001110011001011001101110111110100001110001111000010010000001111110100001101
001101001010110001000111110111110100001010001001110101110100001110110100001100001100010000001100110101110111001100110010110001001011001110001100001110001100110100111110001100001010110010000110
001100110010001011110001110001001111001100001010110010001100001110001011001010001011000111001101001100001111001011111010001100110011110101001010110100001101110010000001001000001011001011001101
010000001111001111001100001110001110001101010000110011110001001100110100001110110011001000001011110101110100001101110010001111001001110100110001001101110010001100000001110001110010101101001011
001110101110110001110000001110001101110010010001110100001100110001101101101111010011010001001011101101001100101110001100001111110000110001010010110000010100010100000001010000110101110000010001
110011001011101111001100111001110010001101001100110100110110110010110001110010110111001010001101001100110011001110000111001100110011010000001110001111001101001001000010001001001110110101001110
110101110111001000110101110101110101001101000111110011110010001000110011110110001010000101110110111010001100001100110101110101110111110101110101001010110110110100111101110110001010111101001101
110100001110001101110101010000110100001011110011001110110100110100001100001001001001110011110001001001110000110101110011001110001111001110001001001011110010110101111100001001001011001101110110
110000110000000111101111001111110000001010110010001101110101001110001001001101001100001101001101001010001111001101110010110010110110001101000110110001001011010011111001001110001010001101010001
110011110010111000001100001110001001001101110011110010001001000001001011001110110101001010110100110110001101110011110000001011000111001100001100110001001100110101111110001000111010001011001011
110001001101001100001110001110010001110000110011001011010001110001110101110100001110101110110100110001110001101111001111001111001011001101001100001110001011001111000001001010010000001101001100
001001010000001010110000101110110101001000001101000110001010001011001010001111110011001101001100001010001001000100001011110011001011110100000101001011001110001001000101111011001001111010110110
001000110101110001110100001010110100110101001100110011001101110101111000001010001001001100111010001100110100110101000111001000001010110000001001001010110010110010111111110001110110001111001110
110100110110001100110100001001000100001100001011001101001100110011110001110010110010001001001101101111001100110100110011101111110001001000110011110100110101001010000100110010001111001010110100
101101111001010010010000101101110000010010110001010000010001001110110000001100001111101110101111010010110011101101010001110111101010010011001111101111001101010000111110110001101101010101001101
110011110011110010010000110010001110110101110101001101110100110010001100001001110100001010001100110100101110110100110100001010110100101010110110010001001011110011111110110100001010001110001001
110010110101001011001101110110110011110011001011001100001101001000001110110011110000001100001001110010110101110100110001110001110110110100001011110011000111110010000001001110001101110011001100
001010001101001110110001001101001000010001010000001010001111110011110001110010110011110001001010001111001100001010001101001001001010001010001110001010110101001101000001010000001110110100101111
001101110101110000110001001110001000110101001100110101101111001100110100110010000101001101110001111000000010010000001011001001101111001111101110110011001100010000111100110111110010001011001100
001100001010110110110000110010001011001110001101001100110011110101001111001111110000110101000111110011110010010000001100001111110100110000001001001111001010101111111110001000010001110011001101
110001101111010001110010110011110011010110110001010000110001010001110100010000101111001101001111001100001110101111110011010011001110001110001111001100110010010000000000110100001101001101110010
110111001010110101110010001100110010110001001101001101110011110000001010001011001100001110110000001101001111001011110100001000110101010000110101001010110011110010000010001001101110110010110011
010000001110110100110011110101001100001110101110110100101110001011001101101111110000010000001101001111110111001110010000110010101111110010110001001100001100101111000000010001001100001011110100
110100101110001111110101101111110001101111110001001111010001001110010000001101110001110000001011001110001010110100110011110100110101001110001100001000010000101111111100010010001001110000110011
000111110010001010001100001100000111001001110100110100110011001011110010001111110101001100001110110101001100001001001101001001001001001100110110001111001000001011000100001000001110001101111000
110011001000001011001111110001110101110100001110110011110000110101110100001100110110001100110011101101001010001000001101001101110100110011111001001111110011110011000001110010001101001110001010
110101110101001100001000110011001100001100110101001011110100000111001011110001110110110100001001110001110110001000110101001101001111001010110010110010110011110010110100110101110101001010001100
110011001001001000001011001101101101001111110100001110110100110011110001110001001111110010000100110000101111110111110110001011110011111010101110110011010000110011001111101101001100110001110000
110101110010001101001100111001001101110100001100001101111110110100110011001010001110001110110110001011110010110001110010001110000110110000001011001011111000001010110010001010001101110101110011
110110001001001001001011001111000110001000111001110111001011001001001010000111110111001001001100110110110101110101001010001011001011110011110111001001001100001100001010001000001001010000110010
001100000111001100001001001100111010001011110101001110110000001101110101010000110011001100001011001010001001110110110010110011110101110100001101110001110100111100010001110100110011001010110010
110100110011001010001010001010001100110100001010001111001010110000110000110100010000110100001100110010111000001100110100000110001001001011001110110101001010110011001010001110001000001101001011
110000001110001011110001110001001101010001110001001101001001110001001011110000110100001100001011001010110001110100110100001101110001110100001001001010001100001110110011110001110001001101110011
110001001011110101110000110100001000110100001010001001111000001010111000110100001011001100001010001001110110111000001000110101110111110011110100001110001001110011110011110001000110110111000101
110110110011001111110110001000110110001101110010001100001101101111110011001111110011110110001010110011110001001101001011110001110101110101111000110001001001001010001000110100001110110011000111
110010101110110010001111001010001001001010001011001100110111110010001110001001001100001100010000110011001010110110001100110000110010001111110111001001110001001001001010110001110011001011101111
110010001010001110110001110111110000001011110100110101001111001110010000001110001001110001001111111000110001001011001101010010001110010010001110001101110011010000010011101111110110110000110010
101111110000110001110001110011001100110000001000010000110001010000001011001100001111110001110000110000110010101111001101001110010000110011110010000101001011110010101110110000110001001110001010
110110001000001000110011110001001011110100110100101110001001001101001111001001110010001110000111110001111000110011001100001101001100110110001001110001001010110010110001001100110101110010001101
110001110100001100110011001100110010110111001101110011110100110010001011001000001010110011110011111000001110010000110100001101001100001010101110001101001101101111110001001011001011001011110011
110101110100001101111001110100001101000111001100110010110100110010110111110000001110110001110101110100110100001110010000001101101101001010110111001010110010110101110010001111001011001100001011
110110110001001101110001001110110100010010110101101111001111001110000110001101110000110010001100110111110011110011110000001010110010001110001010110010001111110111110101001010001011110101110001
110100001101001000001000001100110101110010110011001011110001010001110001001101001100000101001100110000001111110101001101001111110100001110110101010000001101001001001100001001010000001011010000
110101001101110010001111001010001000110100001000001110110011001001001010110000110100001110001100000110001111001011110011001100010011110011110011010000001011001110110001110010110001110011110000
110001110011001110110100001101110000001111001100001100001100001011001010001100110101010001001101110011001010001011110001111000110110110010110111110110110110110011110111101111110010001010110001
110011110010001100110011001001001100111000001100110111001100110011110100110111110000001100001101110100001101110101110010001110001010001010001011001001111011001101001101001100110011110000110100
110110110101000000001010110111001001001110001101110011111000110001001001001110110101110110001011110101110011001100001011001000001001001100001110001001001010001011110111110100110010110101110110
110100110011101111110100010000001110110011110011110001110000001101001110110101110010110010110100101110101111001110001111110100101110110100001110110111001110010000101111001110001110110011001101
110100110011110001110101101111110101001010001111101111001001001110110110110010001100000100000110110011001110110110110010111011001100110010001010001110001011110011110111010000001100110010101110
111000001001001100001010110100001011001101110010001000001011110011000111110001110011001011001011110111001011110000110101110101110101001011001001001101111000000111001010001010001010001001001000
111001101001001110110101001111110001101101001110001100001011110010110001001100110001001100001101001110110011001101111001001101001100001110001111000111110100001011001010010011110000001110001000
110000101111001011010000110000001101010100001110110001010000110001010010101110010000010000010100001010110010101111010000110000101101010100110011010011001110001100010000001101101111010000001111
001110001100110001001100001110001100110001101110010000110000010000001000111111001010001010001101110011110110001111110011110111001100110001001111001011110111001010001110111000110100110001001111
101010001111001101010010001011110001001011110011101110101111001111101101101101110011001111001111110001001010001101110000001111101111000110110001001110001110010010010000110000110010001101001100
001011110000010000110011001011001010001111110100001101001001101110110110110010001011110001110110001010111001001000001010110011110111001100001111001100110001110011001100001100110110001101001111
110100001011001110110100110010110001110101110111001101001011110101110111001100110010110101110101001101001101110010101111001100110101001110001001110010001110001110110100001001110100110110001111
110101001000001010110011001110001011110100001010110100110111001101110001001010001010001011001010110000110100110000001111101111001100110101001000001100001000110101001011001111001011101111110011
001001001110110100110111101111110110110101001010001001001011001100001000111000111000001010110010110011001101001100001001101111001101001101110000010001001101001101010001110001101111110001001001
001100001010001010110011001100001011001010110111110011110010110101001011110011001011110101001110110100110010001100001100001000110011110011001110110100110010001101001001110101001011001011001000
110011010000001100110101001010110100010000001101000110001101110101001110001010001101110000111011110000110010010000110000110011110001110100111000110011110101110100110000110010101111001001101100
110000001001001111001010001111001001001010001100001011110001001100001111001000110000110011110010001011001110000110110110110111001011110101001011110010001110001101001110001111001100110010001101
111001001100001100001111010000110010001100110011110110001010110000110110010000001110110010001110001111110101101111110101110011001101001010110100110000001011001101110011110001110111001011001100
001100101111110001110011001010110110001001110101101110110110110101001001110100101111101111001101001000101111110100110111110011110010110100110010001110110011110011110011110111111011001101110001
001011110110001100110100001100001010110110101101001001110110001101000100001001110100001011001001001110110111111000001111110011110010001010110011001011110001110110110101101111110110110011110100
010000010001001110010001101110101111101110110010001011110110000101010000110001110100010000110010001101001101001011110011110011010001110001110001101011010001111010010010001010001010010010010000
001110001111110000110100101110110001010001110011001111101001001110110100101111110111110101001011001010110011110010001011110010001011001101010000001001110011110011001100110000001101001110010000
101110110000110010101110001011001100001011000111110011110001101111101110101110110001001111101011010001110001001111010000010000010010001110110011010101010000001101010011000100110000110001110001
001000110110101111001100110110001101001111110011001010001011110000001010110100110011001011110100110010110111001011110101110010001010110110110101001001001011110101110011110100001100110110001111
001100001100000110000111001010110010110100001110001001110010001011110110000010111000110001001100110000110001001101001010110111001100110001110000110110110011110100110000001010001011001101110101
010000110000110010110010010000101111001111001111110101001110001100001101001110001110101111110011001100101111110000110000110000000110110000010000001100001100001010001100001100001011010000001110
110100001111110000001110001111110100110100001100010000110100001111000111110011001011001101110001001010001110001011001100001100010001110100101111101111110001110100110101001110110010111000111011
110011001110110011110010001101001100001100110110010000001011111000110011001100110101110010001110001010110100001110110101001110010000001010001011001101110110001100001001001011001110110010010000
110010110010000111101110110001110101110010001010001100110011110101001000001000110100001111001011110010110000001110110011001110001001110001001100001001001000001101110001110001001101001100110100
001011001001001010000111110100001000000101110110001111001010001100111100110101111001110011001000001100001101001001001111001010001001001101110100001010110101001000110101001010000110001010111010
001010110011001011110010110111000111001110110100110100110111001000110100001001110100001010000111110110110101110111001100001100110110111001001011110101111000001100110110001010001100001001001001
001001110111001010001001001110001100010000001110001111111000001100010000001101001111010010001100110010001101110111001101110001010000110000010000001010001101001110001101110001001001001101110011
001011110011001110001100001011001110110111001101000111110000001100110111001100110110001010001100101111001101110100110011001110110100001100001011110000110000110001001010001001000111110110110100
001100001100001111110010110011110101110010001001110110001001001100110010001111110001001111110011001111110001110101001100001100010000001101110000001111000111001001110010001010001101001011001100
001101110001010000001100001011001101110001001101110011010001010000001101110010110001110011001101110111001111101110010010001110010000001111101111001010010000001110110010001101111001110010001101
001100110010110101110011010010110001110011110100001011110001110011001101001001110100001010110000110011111001010001110010001101110101110011110100001011110010001100001011110101110001001110110011
110100110001001010111000110001001100001001001000110011110011111000110111001101001011110110110100110011000110110010001011110101001010001011000011001100110100001101001011001011110011001101110101
001011001001000101110100111000111000001011110100001011110110110101000111111000110111110101001001001010001010001011110101000111110011001100110110110101111001001111110100110100110110110101001010
110011101011001011001010001101110011001111110110001011010011001100110100110010110001001010001111001010110010110100110011001101001011001011110011001011110010001011001011110111110011110010110100
110010110100001010001011001100110001110110001100110000001100001010001101110000001100001010001011001001110100110010110011111000110011001110001110110010001110001001110101001100110011001010001100
110011000101001010001101110010110011001010001100001110001001001010110100001100001000110001110011001101001100110110001010110101001101110110000101001110001101110001110011001110001101001000110100
110100110011001000001000110000001110001101101110110011000011110110001110001001110001101111110010110100110010110001110100110010001101101101000100110011110101110011001101110110001011110001001100
001111101111001011110001110001001110110000110010110000101111110100001101001001110001001101001101101111001100001100001011110011110011110000101101110000001011110010110100001001001100010000110011
001010001100110010001101110100001110001100001001111000110100110010110000001111110100110011001101001010110101110110001010001101001110110101001011110001110001001101001010110110001101001100001010
001101110011001011001101101101110010110110001110001111001100110100110001110100110111001100110100010001001000001101001010110100001011110111001101110011111001101100110011001000110100110101110001
101111001011110011001010110011110000001101001101001001000110001111110101001001001001001011110101110111001110111000001000010001001000111000101111001101001101110100001010110100010000110010110010
001011110010001101001011001110110101110110001000001110001001110011010000101101001100110101001010110010001010001110110001110110110011110010110011110001001110001011110100110001001101001100110011
110011101101110000110001000011110101110011010000001011001101110010110011001011001011110010001110110011110100101111110011001010001101001100001101110010001101001101110011001000001000101110001100
001101110001001101110011110001001110010000110011110000110100001111001110110110110100001011110000101111110010001011001100010010110000110111001101111001110100110100001000001111001101001101001101
001110110111111100110001001100110011001100000101001101001010110100110011001001010000010011001100001011001101110101110101110100110100001100001100001111110110001100001111110011110100110010010000
001010110001001100001100001110110100001100001011000100110001001100001101000111110001110010110000001010001011001011110101110100001011001100110011110110110000001011001011001001001100001100110010
001101001001001011001100111000001110110100001100110000001100001000001001001011000111110011110010110101110100001011110010110100110100110011001100001100001101110011001101111001001010001010110010
110001110101001101001101111000110110001110001101101111001000110100101101110001001100110100001010001010110100101111001100110001110001110011001100110100001100001110001100001101110001110011110011
001011001010110000001101001111110010001101110000110110110001110001001011110011001100110011010000001010001100110001110101110100101110001110001101001010001110001110010011110010110101110011110010
110110001000110100110010110100001111010001001000001101001001001010110001110101001101110001110110101111110011110010001101110000110010110100001010110100110001001001101111110110110010001101110001
010001110001110100110001001101001110001101110000110100001101001010110010110010001001101111010011101110001100101111001100101111001101110011110001110011110011110010001110110010001110001100110001
110101110110001100001110101111110001001011110010110100001001001000001111001110001010001110001011110110001100110001110011001011110101110110001010110100010000110000000010110101001100001100001111
001100110011001100110010001101110101001110001011110110110101001011110111000100001000001101001010001100110010001010001110110111110011110010001101110001001001110000001010101110001000110010001111
001110001000001110001111110101110000000111001001110010001110110100001100001101001110001110001110001011101110001001001100010000110101110011110010110100010000001001110110110011001010001101110100
110101110011110100110011110100001000010000110010110010001111001111001111110000001110111010110111001110001001110101010000110001110110001010110000001100110010110100001011001101110010101101001101
000111110001001111000111110110001001110101001101001101110001001010001100001100001010110001110101001110001010110011001000110001000101001101001111110101001011110011001011110011001011111000001100
001011110110110100001100110010001110110001001111110011110101001111001010001010001001001110001100110100001011001011110011110101001100001100110101001010110100110010110111001011001010001001110101
101111001011101111001101101110001100001101110101101111001010110010101110001001001111010000101101110000110000001110001111010001001100001100001010110000001100010010110000101111110001001010001100
001101001011111000110011110000001100110100110100110011010000001100110001110000110001001000001110001101001101001100110110110110110110001110110001110111110010001101001100010010010000101111001010
010000001100000111010000001111010001111010010000110000110000001110101110111000001100001011001111110001001110110000010001110000110000110101101111110010110000110001001101110010001110110011001100
110010010001110001001101001010110010110000001011001100001000110010001101110010001000110001110000001110001001001001110100001011001010110010110101110110110100110011110001001001110101110110110010
001100010000001101001011101111101111001110110100001011101111110000001101110100101110111000110010110011110010001101110100001010110011001100110001001101110100110010001101110101110000001011001110
110000110101001000110011000101001100110001110010001101110101001010110001001100001000001110001001110010001010110110110111110010001110001010110011001100110001110100111000101110010001110100110101
000110010000110100110110110101001010000110110100110010111001001100001001001000001101110001001100110101001100001011111000001010111000001101001011111001110011001010001101110100001011010000110101
110011001000101111110110001100110100110101001011001110110010110110101101110010110110110101110011110001001111001011110101110011001110101111110101110000010000001010001001110101001001110010001010
110101110010110110001100001100110001001101110101111100110110110010001001110010001100110011110010110011001001001011001101110100001110110001110101001011001110000111001011001100110001001100001100
110101001010110100110001001011101110000101110001110000110001001111001101110100110100001100110001001001110001001110110100110100001101010000001010110001001011110000110011001111110011110011010000
110011001001001100001010110100001100001101110011110010001110110101110001111010110101110011001100001011110100110100001101110010110110110110000111001101110010110011110010110110110101111000001100
001001001100110011110011001101001110110010001000001110110110001011110101110011110011001101110110001101001001110010001101110100110100001110001101110011110001110111110011010001110000001011001001
110101110011110100001010000111001100001010110010111000001011001111111111001100001011111000001100111001110110001100001001110101110010110110110100001001111001001100001111110101110100001001001001
001110110000001110001111110010001101001010001110110011110011101111001111110010001010110011110010001110101110001100001101001110110010110010110001001101110100110101110001110000110100001011110101
110001001111001110101111001011001010001101001001001100110001110100110000010011110010110000110010000101101111110010001110110101001101110101001101001100001110101111001100001010110000001011001110
001100101111001110001100110100001110001110101110001101110111110000110000110001001011101110001110001101110100001100010000001101001101001011001000001110110010001101001111101110010000010010110001
110101110010001100110001010000010000001111110100001101001111101100110011101111001011101111001101001110110100001111001000001100110111001111001110010000110100110010010000101111001111001010110001
001101001101110001110010110011110001001011001110110010110001001100001100001110101111001011110001110010001110110001110010001111101111110011110010110011101111110010110100010000001011110011111000
001101110101010000001000001001001100110011001110001110110001001101010001101110110101001101001011001001101110110000001111010000001111101111001100110010010000101101110011110010010001110010101100
001110110000110000001100001010001011110001001110001101110000110110110111110100001110111001001001001110001011110010110010110011110101110000001111001011001011110000111000001100000111001011110010
110101110011001001110111111011110001001011101111110110110110110101001110110010110100001111110000110011110010001011001011110001110000001110001101001010001011001110110011110100001010001101001010
110111001110110010001111001110001110001110001110001110001011110010110000001011001111110010001111110100101111110100110010110011101110001011110111001111110010010001110110001111110101001110110001
110010110100110010001010110111110101110101110011001101111010110010110100110100001100001010001010001011001001001010001100110010001001110010001101001000110101110011001011001100110101110101110001
110000110100001100001101001100110101001101110001001011110000001010001010110010110101001010110001110110110010110110001100001011110011110101001010110100110001001010001001110100110011110100001110
110101110111110001001110110000110001001110110100110010110001001110001011110100110100110110110101001011110000110100001100110101001000110011001110001100110000110101110100101101001010010000010000
110010110000110000001010110101001010001011001010110101110010110101110111110100001100001101110110001011110011001110110101001100110110110110110001001011110011110100001101001000001010110100001000
