0000000000000000
0110001010000100
0101011011000000
0111000100101110
0001111101101000
0100011011000011
0111001011000011
0110111111111000
0010001101110111
1001000010010001
1101110001010001
1011101111110111
1011001100110111
1010001111111110
0010011100001101
0101001010110010
1010010100010001
1100010100010010
1000001011011110
1001011100010100
0110101100100100
0100011011010011
1001000000011111
1000010011100100
1000011110001100
0011111001000110
0011101000011110
0010011100010111
0011101101110111
0000111111011101
0111011110111010
0101001010111111
1111000001101010
0100100001010100
1000111000001101
0111101111000111
0010111111100011
0111101111100100
0011000110100110
0000011100011100
0100001010110100
1110010011101011
0001001011110000
0100101001100101
0110001001100011
0010010101101110
1001000010101011
1111010110100100
1000100101011010
1001010010110001
0000110110001101
1101001110101001
0011101100000001
0000011111100101
1100110101001000
0001010100000010
0000110000000000
0001000000000111
0001000111110000
0001010001110010
1010110100011001
1000110110001110
1011000011101000
1001010011001000
1001100111011000
1011100111000101
1010101000000011
1101110100100101
1011110010001111
1101100101111111
1001111110101111
1100000101011000
1000111001111101
1000101011011010
1100001011010110
0100011101010101
0001010111000001
1110100111010101
1111101101110111
0010001111001011
0010101011010110
1011101101101001
0100001010010100
0000110001010100
1000110001000101
1011011101011001
1100111000010011
1110100001001101
1111010000010010
1000100111111010
0001011111000010
1101111000001011
1101000000111010
1000011011110100
1000100011010000
1000001001111110
0011000101000110
0100000111001010
1000010111110101
0110010001101001
1100010000011011
1110001101100000
1011010010100001
0000001000100100
1011111000010101
0100011001000001
1111000110100001
0100010001101101
0110111000011100
1011000101010101
0010110100001110
1101111100111101
0001000111100001
1000000011110011
0101110011011001
0110010100001011
1100001001110010
0101111001011101
1001100111001111
0111001001100110
1010010101010000
0001001110011010
0111101011000010
1111101101101101
1010111111101110
1110100010000001
0001110111001010
0100011000010110
0111111010011000
0100010000111001
0011111011100010
0101100010111011
1010111100100110
1110110010010110
0111110111001101
0110000010010100
0111001001111010
0101011100111000
0111011000111000
0110111000010010
1011010110000010
1000101011010100
1101111001011001
0111101011110010
1010110010000100
1010111101001010
0010110000010011
1100001101011000
0011010011100010
0111111010010001
0001111010011110
1010101101010101
1110000010111001
1000101101100001
1001110001001110
0110101010011100
0101000101001111
0110001101100011
1001101111110101
1101011001011101
0001001110110010
1010010101000110
1111000010001100
0000100101111000
1001010110111101
0010011011000101
1100100101011000
0100111100000011
1111000110101110
1111101110001000
0000011011101000
1000010010011100
0110000010011000
0101000110010000
1011010100110010
1010100011110010
1100011101101000
1111111110101001
1010010010111110
0011110010110100
0101101010001100
0111011001010000
0100000011101110
0001000010111100
1011010001100000
0010001110001010
1000010111111001
1001100111101010
1010100101101011
1000101100001010
0010111111110010
1111010101010011
0011101110010001
1110100110000111
0010010101110011
1010100101110101
1100011110001111
1010110011110111
0011001001100111
1010111100011100
0111011100111010
1100110010000010
1011011110000000
0111111110100100
1101100100001000
1011101001011110
0110110010010101
0011111110011110
1011111100111010
0001001001010001
1111110011111110
0101011110100010
1001011000011101
0011111101111010
0110011011110101
0101110010111011
0011110001110010
1010100010000000
1000001111110100
1110101011110110
1000010011110001
1100111000110100
1101110101000111
0001000001100100
0001110100111111
1101101000001111
1010000110111001
0011100001100010
1011100010001001
1111001000110100
0100101001100011
1010100010001100
0110100001111100
1100111110101101
0010101101101101
1011111100111111
0001011100101011
1010000000111111
0010100010101110
0010110101111100
1100001010010001
0101111011101000
1110000000111001
0011010101100011
0100001010011111
1011010000000001
0001000000010001
1111100010100100
1000011011100010
1001011011100001
0001111100011100
0110110011111001
0111011000110011
0011111010110100
0111100101101101
0111101000000101
0111110000011100
0000100011111100
1001100011011011
0110100010111010
0011110110111001
1110001010101000
0001000010110100
0010000001111010
1110110001110100
1000011000110100
0000111000100100
1101111000111111
1010010111111101
1011001110111000
0000111111100101
0011000110100000
0101111000100001
1011110001000001
0101100000010101
1101001110100011
1001011110010100
1000010101001000
1110100001000000
1001011011001100
1100100110111000
1101101001111101
0101101101000001
1000001010111000
0110010001000111
0100100001011111
1111001010100000
1111011111011001
0101111011010001
0010010110100010
1100000110011001
1111100010101111
0111110101001011
0001101001111010
1010011001000110
1100001000100011
1000000001010000
1000100001011001
0110100101011001
1010100001110001
1100101010111010
0111000100111001
1111000110110001
1110100011100000
0001101100000010
1010000000011111
1011101110111010
0000111010000001
1010010101010011
1100000010100011
0101000000010000
1011100011100001
1101101111001000
0111101101000100
1001111000000000
1100101101001101
1001000010100001
0100110111111010
0101100001110110
1010100110010011
0101011010110101
1100000100110110
1110111011010010
1111001111000000
1110101111011001
1011010011010111
0110101101111111
0101011010000100
0001000100111110
0101011100001111
0110011010100001
0101000010011101
0011110111110110
0000011010000100
0110100110001111
1001010001011001
1101000000100110
0101101010101000
1000110101011001
0111011000001111
1101010000001111
0111101101110110
0011011001010111
0101101100010010
0000110001011001
1001111101001100
0111110001110001
0001000111001010
0000110101011101
1111111100000010
1011011110010001
1110111000101111
0110000111001100
1111100001101001
0011111110001100
1111010111010001
1110101011110001
0100000000001011
0110110001111100
1000011101001110
0001111011110011
0000000110010100
0100001010010101
0101101010111110
0100001010011110
1011011011111100
1001010000110111
1100010100001001
1011010010011001
0011101011011100
0000001100110000
0000110100010101
0000111000100100
0110001011111101
1100001110011101
0100110011001010
1100111110101111
0111011001000011
0100000010000111
0001101000011010
0010101111111001
0001011100000110
0010010101010010
0000111110010010
1001010110100000
0010001011111011
0101100101100110
1110011010010111
1001100111010011
1001101011100011
1100000000011010
1010101111101111
0100111001101000
1011000010000110
1010111101000010
0011001101110110
1010101000110111
1011010101111100
0010011011111110
0011101100000100
1000011010000011
1000100011111000
1111100000111000
0101010111111001
1110100011101011
0101001011010100
1110110111111000
0000001111001110
1001111101101101
1111000010010001
0010000110101111
0010011011011011
1010100110100101
0001001101010011
1000101100101100
0111010100101111
0010110011010010
0110001100010100
0101100111100100
0100101000011111
0110001111100101
1001001001100110
0111010101101001
1111010110011011
1000100111001101
1110110100010111
1000110000000010
1000110101111000
1001100010001110
1000111011001000
1111101111110010
0011101010100111
0111111110100001
0110100100111111
1001001001100101
1000011001011010
0010011010001111
0110000001010111
0100011000100110
0000011110100001
0100000001010100
0100010010111000
1011011011101100
1000010011001010
1000000011010111
1100111010110001
0000100110100100
0011100001001011
1011010001101001
0101100000111011
0100000001010011
1011111110011011
0010101011100110
1111011000110011
1011100011110100
0110111111011100
1010010111011000
1001000000000011
0100101010001100
0101111100010110
1101111000000011
0101011001110011
1110001011001000
1100000110110000
0001011111011111
1101011101010001
1111100000111111
1110000111001110
1001100000110011
1110110101111111
0010011101110011
0000010001111100
0010011101100101
1101100100111001
0000000011011001
1001111010001110
0100110101110111
1111101111111111
0110111101011111
1001111001110010
0100000110011101
0101110000100000
1010100100001000
0100110001001011
1101011000011101
1001001111100111
0110001010011010
0011101010000111
1100010000000110
0100001010111101
0101001111011110
0111010010110010
0010001011001001
0001111111001100
0111001011001001
0100111011001110
1000001100100100
0010011111010110
0110101010010001
1100111011110000
1101101010100001
0101110100110111
0110111100100101
1101110000111010
0110011011011100
0110111001001101
1011100000000110
1000010000110111
1100101101101000
0010100010100111
1111111001101100
