00100001000010011110110011000011001101110101001
00100001000100001010000001010010001111111111111
00100001000010011110011110111110101101111011100
00100001000100001110101111011110111001100010000
00100001000010011011101000110111101010011111011
00100001000010010011110010111101101011011100011
00100001000100001111110101011011010111111101111
00100001000010011010101111001111011110111011101
00100001000010010111011110100000011101110101101
00100001000010010000100011010010111000111110100
00100001000010010001011011101011111000001001010
00100001000010010101111011011111111110001111101
00100001000010011111001001111110010001001111110
00100001000010011110010111111111101110111111011
00100001000010010111101101010111101101101101011
00100001000100001110110101111100111111111111010
00100001000010011101011101110100101100101001010
00100001000010011010111010111111000111000101111
00100001000010011110010111110110110110101111111
00100001000010010001111111111011010001111101101
00100001000010010110010010110111101101011111110
00100001000010010111111111110110011101101111001
00100001000110000111000000111001111111011000110
00100001000010010011110011101100111110100110111
00100001000100001011001011010001000010110100101
00100001000010011110010101101010011110010001101
00100001000110000100001111001111110011111111110
00100001000010011010001110111001100101101111101
00100001000110000110110111111111111111110011101
00100001000010011011110111111111001110001110101
00100001001000000010111111101010110011101111110
00100001000010011000101101101111111001111100110
00100001000010010111011111111111100111010011001
00100001000010011110010101011110101111111111110
00100001000010011010110101011111011100101011101
00100001000010011011000101101110011100010100010
00100001000110000100101111110111101110011110011
00100001000010010111011101101001001000010011100
00100001001000000010100111001110011111011101110
00100001000010010010100011111010001101111110011
00100001000010011011110111110110111110011110000
00100001000110000111101011001101000110011110001
00100001000010011110101001001111101111011011011
00100001000100001110001111110101110101101111101
00100001000010011110100001001011110011110011110
00100001000100001111101111101111001001101111110
00100001000100001000011101111010011011100111110
00100001000010011011001001011111001110000100011
00100001000010011111110111111101010001011110010
00100001000100001111100011111000101101000000010
00100001000010011001100011100110010101111011111
00100001000010011011000010111011010010110101101
00100001000100001111111111100111110111111101111
00100001000010011101010011110001110010010110011
00100001000100001111110011101011110111010110111
00100001000100001101111111011001111011011110111
00100001000010010010001111100101000011100111111
00100001000010010111111011111010010010010100101
00100001000010011101000101111101100111111001101
00100001000100001111110111110011011011110110010
00100001000100001100011101110111111010011001110
00100001000010010011101000100110010000110000111
00100001000110000101010011101111101010110001011
00100001000010010111011101111111100101011101100
00100001000010011111111101110010111101101101000
00100001000010011001011111111101011001001111110
00100001000110000111010101001101110110100011100
00100001000010011100101011111000111011100001111
00100001000010011110000000000110110101111000001
00100001000010011011100010010011111110011010000
00100001000010011110111110100010011111001100110
00100001000010010100001100111011011000101010100
00100001000010010111111011111001101001111010100
00100001000010010110100011111111101111000101111
00100001000010011100000001100011101101101111010
00100001000010010101110011111111110100111011100
00100001000010011101110100001001100010111010001
00100001000010011011101101100111111111111110101
00100001000010011111100101010101011010011111011
00100001000100001111100110101011110111111011010
00100001000010011111100100111101110000011101100
00100001000010010111110111011000100101001100010
00100001000010011101100010100110011000010111000
00100001001000000011111110111110101001000111000
00100001000010011101111000101101110110011111011
00100001000010011100011111011111110011110111101
00100001000010010010111110111011001111110100011
00100001000010010011110110001001111101111111111
00100001000100001111111101011001110101111011100
00100001000110000100111000110011010001010111011
00100001000010011110010100111010100110001100111
00100001000010011111101111111110111111111111100
00100001000100001101111000101011111111001101101
00100001000010011110100111100110110001010110001
00100001000010011110101101001110111011001011011
00100001000010010110000111000100000101110101001
00100001000010011110010010011110111111111010111
00100001000110000111110011011011111011101111001
00100001000010011011010111010100111111110011111
00100001000010010001011111111100101111110111101
00100001001000000011110111110001111111110111111
00100001000100001111001110111100101100100110111
00100001000010010101011011011000011101110001000
00100001000010011111101010111111111111110011101
00100001000010011011101101011110010010110111110
00100001000010011010111111011010111001111111000
00100001000010011011111001111110011111001001011
00100001000010011111011001011110010111010010111
00100001000100001110111010011101101111111010111
00100001000010010010010111001001111101100111101
00100001000100001100111010111111010101111011011
00100001000010011111101001110110001110110100001
00100001000010010001110100000011000000101101111
00100001000010011101011111000111110010110110010
00100001000100001111101000001100011011101000011
00100001000010011101111011011111101100111010101
00100001000100001011111111010011110101111100110
00100001000010011100010101000001101101011110111
00100001000010011010001111011011101111011011001
00100001000100001110101001010000010011111011111
00100001001010000001111011101001110000011100111
00100001000010011101100011110001110011101110111
00100001000100001110001111011111100110001101111
00100001000010011110011001001111000110111000101
00100001000100001001111111001111111111110111010
00100001000100001101101101110110101110000001101
001000010000000001110110001111110011011111
00100001000110000111101010010111111011110110010
00100001000100001011100101101111110111111100100
00100001000100001011010100100011110010011111011
00100001000010011100110010101010110111100100011
00100001000100001111110110100001011100101101111
00100001000010011111111011001111000001111110101
00100001000010010111110110011100011001101110101
00100001000100001011000110100111111011101110101
00100001000100001000011110111101101110101110101
00100001000100001111001011110110101011001111110
001000010000000000000111101101101111100110
00100001000010011111111000111011101110011011100
00100001000010010100110101011111101111010110001
00100001000100001100110101101111010110110111101
00100001000010011101101100001011001111010100101
00100001000110000101111101001001001001101110011
00100001000010010110101001101110001100001110001
00100001000010011011100111111010110011110101011
00100001000100001011101011000001110111100111111
00100001000010011110101111111010101111010111111
00100001000010011011100001111111110010100100100
00100001000010010001111011010001111111100010101
00100001000010010010101111001010111111001101100
00100001000010011100110111010011111011111011111
00100001000010011111001001011000111101101111111
00100001000010011110010100110110001111110101110
00100001000010010010000111111111001101101110111
00100001001000000011111100101101001010110100110
00100001000010010100001110011110100101101001001
00100001000010011110101101001111001001010000101
00100001000010011110011110011101011011111101111
00100001000010010000010111101011011111101101110
00100001000010011011010101010001111100110111111
001000010000100001000010010110111110110110100000100111111
0100001101111011110100100010111101011
00100001000010011111111010101111111101111111000
00100001000100001111111111101011001101001101011
00100001000010011101111110111111011110100001111
00100001000100001111001110111111011000001111111
00100001000010010100011001111001110101111001110
00100001001000000011110110011001100111101001111
00100001000010010111100011111011110101110011111
00100001000100001001100110011111001011111101001
00100001000010011111111001000000111110111110101
00100001000010011100011111100111111100011110011
00100001000010011010010101011110111101111000001
00100001000010011001101001001111110010111011110
00100001000010010100100100110010011010101001111
001000010000000001110110110100110010001010
00100001000010010111011010111100000001111111101
00100001000100001010001101111000101111101011010
00100001000010010010000011010101001101111010110
00100001000010010101101101111111100100111101110
00100001000100001111001011011011101001101111011
00100001000010011101001010110111000110111011111
00100001000010011110010000110110011111111011011
00100001000010011111101010110110101100011100101
00100001000010010111100011011110111110111101111
00100001000010011011111000111111111110101010111
00100001000010010111010111101011001101011111010
00100001000010011001011111110110111101011101111
00100001000010011100000011100110111111111111110
00100001000010011110011110101111111010100100001
00100001000010010111101100110001110111011111101
00100001000010010010100111110100011101001111110
00100001000010011010101011011010000001100101011
00100001000010011110010110000111110111000111110
00100001000010010110101001100011011111101001110
00100001001000000010101011110101011101111111000
00100001000110000101011001011000011100100111111
00100001000010011010011100111101110011110111111
00100001000010011011010111001000011100111111111
00100001000010011010101100011100110101001111010
00100001000110000100011111000110110101010011010
00100001000100001111110111101100100111100101111
00100001000100001001110111011000010101110000011
00100001000010011011001101110011000100111110110
00100001000010010111110001101001011101111010111
00100001000100001111110011001011010011011111101
00100001000010011101000101011101100111011111111
00100001000010011111101011100110000101011101111
00100001000010010111111110000111011111110011011
00100001000010011111011100111111111111101000011
00100001000100001101110111010101111111100101110
00100001000110000110000000111111100011110110111
00100001000110000100001111111100100011000011101
00100001000010011110111111001111011011111011010
00100001001010000001111111110111010111100011010
00100001000010011111110011101001110111001100111
00100001000010011111111011110011010110111000001
00100001000010011101111101101111111001010101110
00100001000010011011000110111011010110100101111
00100001000010010110000100100101110101100110101
00100001000100001110111101111111111100011010110
00100001000010010010111101110110100101111010011
00100001000110000111101010111111000011110101011
00100001000010011011000110011111101011100101101
00100001000010011100010011101110111101011001110
00100001000100001101011010000100101110101011100
00100001000100001011011111110101110111100111111
00100001000010010101100101111111011110011110101
00100001001000000010101111111100011111111100111
00100001000010010101101111000011111100111010111
00100001000010011001111101110111101111001111111
00100001000010010110100111100101111001010011100
00100001000010011111111111110101100010011011110
00100001000010011010010111100110111001011110101
00100001000110000101001111111011111101111100010
00100001000010011011111111011000001101011110001
00100001000100001101000101010100111101001111111
00100001000010011110111111101110111010011110010
00100001000100001110010101110100111001101101010
00100001001000000010011001101000001100101110101
00100001000010010110110001101100011010100111011
00100001000110000110100111110011111100111110101
00100001000010010010111101101011111111001101100
00100001000010010010100011111011111101001111001
00100001000010010000101111011101000110011011100
00100001000010011101011011101111111100111101011
00100001000010010111100111010111011111100111111
00100001000010011111000001100010110011110111111
00100001000100001111111111111010100101010100100
00100001000010010100011001111101111111001110111
00100001000010011011011110101100001101001110101
00100001000100001111111001010100011101100100001
00100001000010010011110101111010011000011110100
00100001000010010000001111010110111110101011110
00100001000010010110101111110111011010101111111
00100001000010010111011011001110111110000011010
00100001000010010110101111101110111101101100111
00100001000010010010000111101001001110111110110
00100001000010011111110111100110111011010011111
00100001000110000111001111111010011011101101100
00100001000010010001101110110001001101010011110
00100001000010011111000011011110101111111000011
00100001000010011111000011010110110101101001100
00100001000010010110000101111110110101101001111
00100001000010011111010111011110100110011001001
00100001000110000110100001011011110011001101011
00100001000100001110111101110111001110111100110
00100001000010010000101110110001001100110011000
00100001000010010101100100011000010100000111110
00100001000010010101001000111011111111101011111
00100001000010010000011110110111011101101010110
00100001000010010111111001110110000111111101110
00100001000100001111010111001111000011101011111
00100001000010010111111101111111011000011010001
00100001000010011110001011111101001011110111101
00100001000010011110110110100101011111011011111
00100001000100001110100101001100011001010110011
00100001000010011110110011101111011111011111001
00100001000100001001110110111011110111010001011
00100001000010010101101000001101111010001111001
00100001000010011001011111100111111100111011001
00100001000100001010111000110011001011111000000
00100001000110000111110000100110110100110111110
00100001000010010010010100111011111000111101111
00100001000010011111011111001011101011011111111
00100001000010010011101100011111101001010001110
00100001000010010101100110111011000101111111110
00100001000100001110101111011110000011000110100
00100001001000000011011110001111100011001110010
00100001000010011010100000100001011010001011101
00100001000010010111010111100110101011101001011
00100001000010011100101010110111001101110100000
00100001001000000010100111101111100101111101100
00100001001010000001011001011100111001101010110
00100001000100001000110101001111011111101110110
00100001000010010101001000010101000000111000111
00100001000010011101100111111011111111101110000
00100001000110000101000011101111010100101100100
00100001000010011011101111111011110111110011101
00100001000010011110011101101111110001110101111
00100001000010011110000110111100010010110010001
00100001000010010110111011111100100111011110110
00100001000010010110010010011111101100010101110
00100001000010011001011111111010000101111100110
00100001000010011100111101011111101001100111010
00100001000100001010010111110001101111110111110
00100001000100001111111101111110011010100101111
00100001000100001000110000111101111111111010111
00100001000010011010011011100000111010111010101
00100001000010011001101110011110111111110100111
00100001000010010010111101011001101000111100100
00100001000010010101001000001111010010110111011
00100001000010011100101011111010101111011101111
00100001000100001111001010101011011010001011100
00100001000100001111111111011011011101111111101
00100001000110000101110001101111111111000001111
00100001000010011011011001011011101111111011101
00100001000110000111010101010101111001000111101
00100001000100001011011101111100101101110101101
00100001000010011111100011110011111111111110101
00100001000010010111010011011111011100001111111
00100001000010010111101111110011011010111001100
00100001000010011110101111100011110001110010011
00100001000100001010111101101001111111011010110
00100001000010011101110011101011100110101010101
00100001000100001101111010111101100011011111001
00100001000010010010110000111001101100011111010
00100001000010011110110111110110000111011111101
00100001000010010111110000110011100101111011011
00100001000100001011101100010110101111001011110
00100001000100001110011100110111100110111011110
00100001000010011100110111111000111101110101001
00100001000010010000100010011110101001000101110
00100001000110000100110110101010011000111111101
00100001000100001011011110000110111111010011011
00100001000100001101111011110101001110100110011
00100001000010011111101110111111111111111101011
00100001000010010001100010100101010111100111101
00100001000010010101111111101011110110111101111
00100001001010000001101111011000111111010101111
00100001000010010101101110110000011011011011100
00100001000010011011010011100010100011010100011
00100001000010011010010011111011110010110110111
00100001000100001011100011111101111111111110111
00100001000010010111000111101010011101100011011
00100001000010011110001101000110110111000111001
00100001000010011110100111000101110101111101010
00100001000100001010010101110101111001110111000
00100001000010011111011001110110111001101011111
00100001000010011011111111110010110010110100111
00100001000100001111111001001111100111010101101
00100001000110000111110110101111011101011010111
00100001000010011101100011110011001111011110010
00100001000100001101111000001110110111001111110
00100001000010011100101110001001110100100011101
00100001000010011010100101111110000001110110100
00100001000010010010111000000110001110001111101
00100001000010011111111101100000011001001000100
00100001000110000111111111101100111101101101110
00100001000010011100000101011100111110101111111
00100001000100001110111101111101101010111100100
00100001000100001111100110111001101011110101100
00100001000010011101100111110111010111111000101
00100001000010011110101100101111000101011101001
00100001000010010011001110110010100101111111110
00100001000010011111101111111111101000101001100
00100001000100001111110010100111010100101110010
00100001000110000110100001011101100111011011011
00100001001000000011110100110001101110101011111
00100001000010011101000111110010011110011000100
00100001001000000011011111101011001000100011001
00100001000010011111100011101011101001100011000
00100001000010011110010111110011011101101010010
00100001000100001111000000101001111111010101011
00100001000010011000100100111111111110100111110
00100001000010011111010000111111000111111110111
00100001000010011110011111111101110100001111111
00100001000010010110111111101111011111010011100
00100001000100001011111001011000110100001111001
00100001000100001101111101101101010010111110011
00100001001000000010110100011101111110111100010
00100001001000000011011000011010101011100111110
00100001001010000001111110101010110111011110110
00100001001000000010000011111011111011110111111
00100001000010011111111110100111011000111001000
00100001000100001101111011111100111101011111111
00100001000010010110100011111111110111100101111
00100001000010011110001011111111011011000011111
00100001000100001111110000000111111001100110111
00100001000010011010110010101111010111110000111
00100001000010011010110001011000111011100111011
00100001000110000111000111110111110010010011100
00100001000110000100001110101100011101010101101
00100001001100000000100011001010001000111110010
00100001001000000010111111101000010011011110100
00100001000110000100101101101111110101110101011
00100001000100001111001110101000101011011000111
00100001000010011101001011011010101111100001111
00100001000110000101101100110011110100011011101
00100001000100001011101011001111110001110101011
00100001000010010111011001010011011001001111011
00100001000010011111101011100000110111110010111
00100001000110000101100111111011111111111110110
00100001000010011110011111111010010101101011111
00100001001010000001111111100101010011111111111
00100001000010011111110111111111111111111011000
00100001000100001111101111011111111011011111111
00100001000100001111111110010100110011111101011
00100001001000000010001110010110111011101001111
00100001000110000110001011000110110111111011011
00100001000110000111000000001001111111111111011
00100001000010010110011111111010000010111111101
00100001000010010000101001110011101111100001001
00100001000100001101101101111101101110110111010
00100001000010011110110111001110101001101110011
00100001000100001110111111111011011000100000011
00100001000010011111111011000100111011101011110
00100001000100001101101100000110101011001110000
00100001000110000111111100110001010111110010111
00100001000010011110111111011011111001101111111
00100001000010011011111001011001100100011110011
00100001000110000101100010001111001111111001111
00100001000010010111110110110011011110101111111
00100001000010011111110101101110110101111110111
00100001000110000111100110011110011100101011011
00100001000010010110001101000100110011111110010
00100001000100001010010111010001111101111111010
00100001000110000111010011011110101000010001100
00100001000010011100111110011110110101010111011
00100001000010010010001001001000111111010111111
00100001000010011010100011000110110001111101111
00100001000110000110011101011110101101011110111
00100001000110000110010111111010111100100111111
00100001000010011111010111101110111011100101011
00100001000110000110011100001110111110110111101
00100001000010011101111100011101101100100110111
00100001000010010100101111011101001110010111010
00100001000010011100100111110101100011101001011
00100001000100001101111111101010110111001011100
00100001000010011111011111011111111010011101111
00100001000010010111000111111111011010110111111
00100001000010010011101111110111100111001110000
00100001000010011011111111111011110111000001011
00100001000010011011110100100110010011111111110
00100001000010011111111001001010101011110010011
00100001000010011111000000001111111101011010001
00100001000010011101000101110010100111101111111
00100001000010011001101101111111100100110010100
00100001000010011000111001110010101000101111111
00100001000010010010001101111101001100101111001
00100001000010010110011010111001100110111111111
00100001000100001111010111011110110111111111110
00100001000010011011000010101110100000010001111
00100001000010011111111101001111111111101110101
00100001000010010101001010001000111111011101111
00100001000100001011011111111001110111011011000
00100001000010010110011011111001011011110000111
00100001000010011110111101011000110001011100101
00100001000010011110111101101101011111111110011
00100001000010010001101111110111111000001110111
00100001000110000111010000010100001111111111011
00100001000100001000000110010101011100101110001
00100001000010011101000101011111111100001101110
00100001000010011001011110011100111000100000101
00100001000100001101101110111111011101111010100
00100001000010010100100101101101011111001100101
00100001000010011111111001111111010101101000100
00100001000010010011010010011011111101111001110
00100001000010011110111111000010011110111000010
00100001000100001011111111011101110101101001111
00100001000010011110001011111010111111111110001
00100001000010010001010110000100101101111011011
00100001001010000001011101101111110011001100101
00100001000100001111111111111111001101101100101
00100001000010011110011011111101100110101110101
00100001000010011100100110111111110010111001110
00100001000010010110101001101111101101101111011
00100001000010010000010111101110001110100111110
00100001000010010010111100101100110100101100111
00100001000010010100100001001111101101001010111
00100001000100001000001101100111111001110111010
00100001000010011110100111011011110111010111101
00100001000100001111101011000111110111101111110
00100001000010010101001100111111110111111111110
00100001000010011111110010010100110100110110000
00100001000010011111011101010101010111100100111
00100001000100001110000010111011001111101001101
00100001000010011011111010111001001111011110111
00100001000100001011111101101111111001100111110
00100001000010011111111111101111111111110111100
00100001000010010010101111000100100100100011111
00100001000100001010110101100001100101001101011
00100001000100001001011110010110110110111011110
00100001000010011100001110100011111111111111111
00100001000100001110100010111000000011111111111
00100001000010010111100111111001001000111001101
00100001000100001011101001011111011001110111101
00100001001000000011010111100100011110101101111
00100001000100001111010011110101101101110011111
00100001000100001101010111111001101111000111100
00100001000100001100001001110011111011110101111
00100001000100001001101110111110111100101010101
00100001000010011010111101101111100111010010000
00100001001100000000110100110101101110011010100
00100001000010011110100011000011101101111111111
00100001000010011101111101011111111010100011011
00100001000110000101111111101111010010010111010
00100001000110000100001111111111010111010101111
00100001000100001101000110010100011100101111011
00100001000110000111111000110000110111011110100
00100001000010011011001100000101011101100111111
