00100001000010011101011011101101110100111111101
00100001000010001010011101111001010111001011110
00100001000010011011100001111101101011111011111
00100001000010001000110111011110111000110000111
00100001000010001101111110000011111110010111010
00100001000010000100011111110001010101010101011
00100001000010001011110101111100100111100000011
00100001000010010011101010101001111100111011101
00100001000010011101011001011001101100011000110
00100001000010011001100010010111111100111100011
00100001000010010100011111011101010100101101001
00100001000010010011110111101110010100101111111
00100001000010001011111010101011110011010110110
00100001000010011101011100011000111101100101011
00100001000010010011011111011111011101001011011
00100001000010010100010100110111101111110101110
00100001000010011011101100111110111011000101101
00100001000010000111111000110010010100011111011
00100001000010010011100101011101001110111010000
00100001000010000010101111100001101111011010001
00100001000010001011110101110111001001000111111
00100001000010000011011010100111011111110101111
00100001000010000010110001101011100110111010111
00100001000010001000100010111010111111101111110
00100001000010001100011110011110011011010111101
00100001000010000111010011011100001111101001101
00100001000010000110111111111011111101111111010
00100001000010010010100101011111111111000101000
00100001000010001011110011001101011110001010110
00100001000010000101111011111100001111110101001
00100001000010010111111101010010110010101111100
00100001000010010011111010111011110011110101101
00100001000010011111110010011111011110100110110
00100001000010010110110000000101001110011010001
00100001000010001010100010111011000000110000000
00100001000010001100110110111110110101101110101
00100001000010011110111011101101110110010011111
00100001000010010011011111111101000011111001101
00100001000010001101010011110001001101011111011
00100001000010011111111111011001011111111111100
00100001000010001111000110100110010010001001000
00100001000010011110011011111101000111101111100
00100001000010000000010001111110001110011110111
00100001000010001111110010011110110011010001101
00100001000010010111010010111101010001110110111
00100001000010011010111010110110101110010100100
00100001000010011011110101110101110011110101010
00100001000010010101011100111001011111101100001
00100001000010000011010110010100111010000111110
00100001000010011001111101000001110001101101100
00100001000010001101101111111111000111111000111
00100001000010011011111011011011011101011011011
00100001000010000110110011111110110010110111011
00100001000010011110110000010111110111011111101
00100001000010011110111111011111110011101110010
00100001000010010110010010110111110101111111111
00100001000010001111100111111000111110011101111
00100001000010000010101010111101011000110111110
00100001000010010001101011110011111010001100010
00100001000010011011111111110011111101111011011
00100001000010000001010101111001111111011111011
00100001000010011100110111010100101000110011111
00100001000010010101101001110111010100111110101
00100001000010010011110001111100001110010101100
00100001000010010111111111111001110101000001101
00100001000010000011010100111111111110001001111
00100001000010011010101101111000110011111011011
00100001000010000101111101101100101001100110100
00100001000010011101101110111101011001111100010
00100001000010011110101111111101111100111000110
00100001000010010011111110101101011110101111010
00100001000010010111001010010111111101001011011
00100001000010011101011011001110001010111111000
00100001000010011111001001100001001011101011011
00100001000010001111100001111101011111111100111
00100001000010011111111111101111110001101010111
