000000000000010000000000000000000000000000000000000000010000010000010000000000000000000000010000010000000000000000010000010000000000010000010000000000000000000000000000000000000000010000010000
010000000000010000010000000000010000010000010000010000000000010000000000000000000000010000010000010000010000000000000000010000010000000000000000010000010000000000000000010000000000010000000000
000000000000000000000000000000000000000000000000000000010000010000000000010000010000000000000000010000000000010000010000010000010000000000000000010000000000010000010000000000000000010000010000
010000000000000000010000000000010000000000010000000000000000000000000000000000000000000000000000000000000000000000000000000000010000000000000000010000000000000000000000010000010000000000010000
000000010000000000010000000000010000010000000000000000000000010000000000000000000000010000010000000000010000010000000000010000000000010000000000000000010000000000000000010000010000000000000000
010000000000000000000000000000010000000000000000010000010000000000010000010000010000000000000000000000010000010000010000000000000000000000000000010000000000010000000000010000000000010000000000
010000010000010000010000000000010000000000000000010000000000000000010000000000000000010000000000000000010000000000010000000000000000000000000000000000000000000000000000010000010000010000010000
000000000000000000000000000000000000000000010000000000000000000000000000000000000000000000000000000000000000000000000000000000000000000000000000000000000000000000000000000000000000010000010000
000000000000000000010000000000000000000000000000000000010000010000000000010000000000000000000000000000000000000000000000000000010000000000000000000000000000010000000000010000000000010000010000
010000010000000000000000010000000000000000000000000000000000010000000000010000000000000000000000010000000000010000010000000000010000000000000000000000010000000000010000000000000000000000000000
000000010000000000000000010000000000010000000000000000000000000000000000000000000000000000010000010000000000010000010000010000010000000000000000000000000000000000000000010000000000010000000000
000000000000010000010000000000010000010000010000010000000000000000000000000000000000010000010000000000000000000000000000000000000000010000010000000000000000000000000000000000000000000000010000
010000010000000000010000000000010000010000000000010000000000010000010000000000000000010000010000010000010000010000010000010000000000000000000000010000000000000000000000010000010000000000000000
000000000000000000000000010000000000000000010000000000010000000000000000010000000000010000000000010000000000000000000000000000000000000000000000000000010000010000010000010000010000000000010000
010000000000000000000000010000000000010000000000000000000000000000010000010000010000010000000000010000000000000000010000000000000000000000010000000000000000000000000000010000000000010000010000
010000000000010000010000000000000000000000010000010000000000000000010000010000000000010000000000010000010000000000010000010000000000000000000000000000000000000000000000000000000000010000000000
000000000000000000010000000000000000010000000000010000000000010000000000010000010000000000000000000000010000000000000000000000010000010000000000000000000000010000000000000000000000010000010000
000000000000000000010000010000010000010000010000010000010000000000000000010000000000010000000000010000000000000000000000000000000000000000000000000000000000000000000000000000010000000000000000
000000010000000000000000010000010000000000000000000000000000010000010000000000010000000000000000010000000000000000010000010000010000010000000000000000000000010000010000010000010000000000000000
010000000000010000000000010000000000000000000000010000010000000000000000010000010000000000000000000000000000010000000000000000000000000000000000000000000000010000010000010000000000000000010000
010000010000000000000000010000000000010000010000010000010000000000000000000000000000000000000000010000000000000000010000000000000000000000000000010000010000010000000000000000010000000000000000
000000000000000000010000000000010000010000000000000000000000000000010000000000000000000000000000010000000000000000000000000000010000010000010000010000000000010000010000000000000000000000000000
010000010000000000000000000000010000010000010000000000010000000000010000000000000000010000000000000000000000010000010000010000010000010000010000010000000000010000000000000000000000010000010000
000000010000000000000000000000010000010000000000010000000000000000010000000000000000000000000000010000010000010000000000000000000000000000010000010000000000010000010000000000000000010000010000
000000000000000000000000000000010000000000000000010000000000000000010000000000010000000000010000010000000000010000000000010000000000000000000000000000000000000000000000010000000000000000010000
000000010000000000000000000000000000010000000000000000000000000000000000010000010000010000010000010000000000010000000000010000000000000000010000000000000000000000000000010000010000000000000000
010000000000000000010000000000010000000000000000000000010000000000000000010000010000000000000000010000000000010000000000000000010000000000000000010000000000000000000000000000010000000000010000
000000000000010000000000000000010000000000010000000000010000010000000000010000010000010000000000000000010000000000000000000000000000010000000000010000000000000000010000010000000000000000000000
000000000000000000010000000000010000000000000000010000000000010000010000010000000000000000000000000000000000010000000000010000000000010000000000000000000000010000000000000000000000000000000000
000000000000000000000000010000000000000000000000010000010000000000010000000000000000000000010000000000000000010000010000010000000000000000000000010000000000000000010000000000000000010000000000
000000000000000000010000000000000000000000010000010000000000010000010000010000000000010000010000010000010000010000000000000000000000010000010000010000000000000000010000000000000000000000000000
000000000000000000010000000000000000000000010000000000000000000000000000000000010000000000010000000000000000000000010000000000010000010000000000000000000000000000000000000000000000000000000000
000000010000000000010000010000010000000000000000010000010000000000010000000000010000000000010000000000000000000000000000000000010000010000010000000000000000000000010000000000000000000000000000
000000000000010000010000010000010000000000010000000000000000000000000000000000000000000000010000010000010000010000000000010000000000000000010000000000000000000000000000000000000000000000010000
000000000000000000000000010000010000010000010000000000010000000000000000010000010000010000000000000000010000000000010000000000000000000000000000000000010000000000000000000000000000000000000000
000000010000000000000000000000010000000000010000000000000000000000000000000000000000000000010000000000000000000000000000000000000000000000010000000000000000010000010000000000000000000000010000
000000000000010000000000000000000000010000000000010000000000000000000000000000000000000000010000000000010000000000010000000000000000010000010000000000000000000000000000000000000000010000010000
000000000000010000000000000000000000010000000000000000000000010000000000000000010000010000000000000000000000000000000000010000000000000000000000010000010000000000010000000000000000010000000000
000000000000000000000000000000000000010000000000000000000000010000000000000000010000000000010000010000000000000000000000000000000000010000000000000000010000010000010000000000010000000000000000
010000000000000000010000000000010000000000010000010000000000000000000000010000000000000000000000000000000000010000010000000000000000000000010000010000000000000000000000000000010000010000000000
000000000000000000000000000000000000000000010000000000010000000000010000000000000000000000010000000000000000010000000000000000010000010000000000000000000000010000000000000000000000000000000000
000000000000000000010000010000000000000000000000010000000000010000000000010000000000010000000000000000000000010000010000010000000000010000000000000000010000000000000000010000010000000000000000
000000000000000000000000010000010000000000000000000000010000010000010000000000010000010000000000000000000000010000000000010000010000010000000000000000010000010000000000010000010000000000000000
010000010000000000000000010000010000000000000000000000010000000000010000010000010000010000000000000000000000010000000000000000000000000000000000000000000000000000000000010000000000010000000000
000000000000000000000000000000010000010000010000000000010000010000000000000000010000010000010000010000000000000000000000010000010000000000000000000000000000000000010000000000010000000000010000
000000000000000000000000000000000000000000000000010000000000000000010000000000010000010000000000000000000000000000000000000000010000000000000000000000010000000000000000000000000000000000000000
000000000000000000010000010000010000010000000000010000000000000000010000000000010000010000010000000000000000000000000000000000000000010000010000010000010000000000000000000000000000000000000000
000000000000000000000000010000000000010000010000010000000000000000000000010000000000000000000000000000000000000000000000000000000000000000000000000000010000010000000000000000010000000000010000
010000000000010000000000000000000000000000010000000000000000010000000000010000000000000000000000000000010000010000010000010000010000000000010000010000000000010000010000000000000000000000000000
010000010000010000010000000000010000000000000000000000000000000000000000000000010000000000010000010000000000000000010000000000010000000000010000000000000000010000000000010000010000000000000000
000000010000010000000000010000000000000000000000000000010000000000000000000000000000000000000000000000000000010000000000000000000000000000000000010000000000000000000000000000000000010000000000
000000000000000000000000000000000000000000000000000000000000000000010000000000000000010000000000000000000000000000000000000000010000000000010000000000000000000000010000000000000000000000000000
010000000000000000010000000000010000000000010000010000000000000000000000000000000000000000000000010000010000000000010000000000010000000000000000000000000000010000000000000000000000000000000000
000000000000000000000000000000000000000000010000000000010000000000010000000000010000000000010000000000000000000000010000000000000000010000010000010000010000000000000000000000000000000000000000
000000000000010000000000010000000000010000000000010000000000010000000000000000010000010000000000000000000000010000010000000000010000000000000000000000000000000000010000010000000000000000000000
000000000000010000010000000000010000000000000000000000000000010000000000010000000000010000000000010000010000000000000000000000010000010000000000000000010000010000000000000000010000000000010000
000000010000010000000000000000000000000000010000010000000000000000000000010000000000010000000000000000000000010000000000000000000000000000010000000000010000000000010000010000000000010000000000
010000000000000000010000000000010000010000000000010000000000000000010000000000000000000000000000000000000000000000010000010000010000000000000000010000010000010000000000000000000000010000000000
000000000000000000000000000000010000000000000000000000000000000000000000010000000000000000000000000000000000000000010000000000000000000000000000000000000000000000000000000000000000000000010000
000000000000010000000000010000000000000000000000000000010000000000000000000000010000000000010000000000000000000000000000000000000000000000010000000000010000000000010000000000010000000000010000
010000010000000000010000000000000000000000010000010000000000000000000000000000000000000000010000000000000000000000000000010000010000010000000000000000000000000000010000010000000000000000000000
010000000000000000000000010000000000010000000000000000010000000000000000000000010000000000000000000000010000000000010000000000010000000000000000000000000000000000000000000000000000000000000000
000000010000010000010000000000000000010000010000000000010000000000000000000000000000000000010000010000000000010000010000000000000000000000000000010000010000010000000000000000000000010000000000
000000000000000000000000010000000000000000000000000000010000010000000000000000010000010000000000010000000000010000010000000000000000000000000000000000010000010000010000000000000000000000000000
000000000000000000010000010000010000010000000000000000000000000000000000000000000000000000000000000000000000010000000000000000000000000000000000000000010000000000000000000000000000000000000000
000000010000000000010000000000010000010000010000000000010000010000010000000000010000000000010000010000000000010000000000010000010000000000000000010000000000000000000000000000010000000000000000
000000010000010000010000000000000000000000000000000000000000000000010000000000010000010000010000000000000000010000010000000000000000000000010000000000000000000000010000000000000000000000000000
000000000000000000000000010000000000000000010000000000000000000000000000000000000000010000000000000000000000010000000000000000010000000000000000000000010000000000010000000000000000000000010000
010000000000010000000000000000000000010000000000000000000000000000000000000000000000000000000000010000010000010000010000000000010000000000000000010000010000000000000000000000010000000000010000
000000000000000000000000000000010000010000010000000000000000000000010000000000010000010000010000000000000000000000000000000000010000000000000000000000000000000000010000000000010000000000010000
010000000000010000010000010000010000010000010000010000010000010000000000000000000000010000010000010000010000010000000000000000000000000000000000010000000000000000000000000000000000000000000000
000000010000000000000000000000010000010000000000010000000000000000010000010000000000010000000000010000000000000000000000000000000000000000000000000000010000010000000000000000010000000000000000
000000010000000000010000000000010000000000010000000000010000010000010000000000000000000000010000000000010000000000000000000000010000000000000000000000000000000000010000000000000000010000000000
000000000000000000000000010000000000000000000000000000000000000000010000010000000000010000010000000000010000010000000000010000000000010000010000000000000000010000000000010000000000000000000000
010000000000010000000000010000000000000000000000000000010000010000000000010000000000010000010000010000000000000000000000000000000000000000000000000000000000010000000000010000000000000000000000
000000000000000000000000000000000000000000010000010000010000000000010000000000000000010000000000000000000000000000000000000000010000010000010000000000000000010000010000010000000000000000000000
010000010000010000000000010000000000000000010000000000000000000000000000000000000000010000000000000000010000000000000000000000010000000000000000000000010000000000000000000000000000000000000000
000000010000000000000000010000000000010000000000010000000000000000000000000000000000000000000000000000010000000000010000000000000000010000000000010000000000000000000000000000010000000000000000
000000010000010000010000000000000000000000000000000000000000000000010000010000000000000000010000000000010000000000000000000000000000000000000000010000000000000000010000000000000000000000010000
010000000000010000010000010000010000010000000000010000000000000000010000010000000000000000000000000000000000010000000000010000000000000000000000000000000000010000000000000000000000010000000000
010000000000000000000000010000010000000000010000000000000000010000000000000000000000000000000000010000010000000000010000010000010000000000000000000000000000010000000000010000010000000000010000
000000010000000000000000010000000000000000000000000000000000010000010000000000010000000000000000000000000000000000000000010000010000000000010000010000000000010000000000000000010000000000000000
010000000000000000000000010000010000010000000000010000000000000000000000000000000000000000000000000000000000000000000000000000000000010000000000000000000000010000000000010000010000000000000000
000000000000000000000000000000000000010000000000000000000000010000010000010000000000010000010000000000000000000000010000000000000000000000000000000000000000000000000000000000010000010000010000
010000000000010000000000000000010000000000010000000000000000010000000000000000000000010000010000000000000000000000000000000000010000010000000000000000000000010000000000000000010000000000000000
010000000000010000000000000000010000010000000000010000000000000000000000010000010000010000010000000000010000000000010000010000010000000000010000000000010000010000000000000000010000000000010000
010000000000000000000000000000000000010000010000000000010000000000010000010000000000000000000000000000000000000000010000000000000000010000000000010000000000000000000000010000000000010000000000
010000000000010000010000000000000000000000010000010000000000010000000000000000000000000000000000000000000000000000000000000000010000000000000000010000000000000000000000010000000000000000000000
010000000000000000000000000000000000010000010000000000010000000000000000000000010000010000000000000000000000010000000000000000010000000000000000000000000000010000010000000000000000000000000000
010000010000000000000000000000000000010000010000010000010000000000000000010000000000000000000000010000010000000000010000000000010000010000000000010000000000010000010000000000000000000000010000
000000010000000000000000010000000000010000010000010000000000000000000000010000000000000000000000000000000000010000000000010000000000000000000000010000000000000000000000010000000000010000000000
010000010000000000010000000000010000010000000000010000010000010000000000000000000000010000010000010000000000000000000000010000010000000000000000010000010000000000000000010000000000000000000000
000000000000000000000000000000000000010000010000010000010000000000000000010000000000010000000000000000000000000000010000000000010000000000000000010000010000010000000000010000010000010000000000
000000000000000000010000000000010000000000000000010000000000000000000000010000000000010000000000010000000000010000010000000000010000000000010000000000010000000000010000000000000000000000010000
010000000000010000000000000000000000010000010000010000010000000000000000000000000000000000010000010000000000010000010000000000000000010000000000000000000000000000000000000000010000010000000000
010000000000010000000000010000010000000000000000000000000000010000000000000000010000010000000000010000000000000000010000000000000000000000000000000000000000000000010000000000010000000000000000
010000000000000000000000010000010000010000010000000000010000000000010000000000000000000000000000010000000000000000010000000000010000010000010000000000010000000000010000000000000000000000000000
010000010000010000010000000000000000010000000000010000000000000000000000000000010000000000000000000000010000000000000000000000000000010000010000000000000000000000000000000000000000000000010000
000000010000010000000000010000000000010000010000000000000000010000010000010000010000000000000000000000010000010000000000000000000000010000000000010000000000000000010000010000000000010000000000
000000010000010000000000010000010000000000010000000000010000000000000000000000000000010000000000000000010000010000000000010000000000000000000000010000000000000000000000010000000000000000000000
010000000000000000000000000000000000000000000000000000000000000000000000010000000000000000000000000000000000000000000000010000000000000000010000000000010000000000000000010000010000010000000000
000000010000000000010000010000010000000000000000010000000000000000000000000000010000000000010000010000000000010000010000010000000000010000010000010000000000010000000000000000000000000000000000
010000010000000000000000010000000000000000000000000000010000000000000000010000000000010000010000010000000000010000010000000000000000010000000000000000000000000000000000000000000000010000000000
000000000000010000010000000000010000010000000000010000000000000000010000000000000000000000000000010000000000010000010000000000000000000000010000010000010000000000010000000000000000000000000000
000000000000010000000000000000000000000100000000010000010000000000010000010000010000000000000000000000000000000000000000000000000000000000000000010000000000000000000000010000010000000000010000
010000000000000000010000000000010000001100000000010000010000000000000000000000010000010000000000000000000000010000010000010000000000000000000000010000010000000000000000010000000000000000000000
000000000000000000000000010000000000000100000000000000010000000000010000000000010000000000000000010000010000010000000000010000010000000000000000000000000000000000010000010000000000010000010000
000000010000000000000000000000010000000100000000000000000000000000010000000000000000000000000000010000010000000000000000000000000000000000000000010000000000010000010000000000000000000000000000
000000000000010000010000000000010000001100010000000000010000000000000000000000000000000000010000000000010000010000000000010000010000000000000000000000000000000000000000010000010000010000010000
000000010000010000000000000000010000000100000000000000000000000000000000010000010000000000010000000000010000010000000000000000010000010000010000010000000000010000000000000000000000010000010000
000000000000010000000000000000010000000100000000000000000000000000000000010000000000000000010000010000000000000000000000000000010000010000010000000000000000000000000000010000000000010000010000
000000000000000000000000000000000000000100010000000000000000000000000000000000000000010000000000010000000000000000000000000000000000010000000000010000000000010000000000000000000000010000000000
000000000000000000000000010000000000000100010000000000010000000000010000000000000000000000000000000000000000000000000000000000000000010000000000000100000000000000000000010000000000000000000000
000000010000000000000000010000000000000100000000010000000000000000010000000000010000000000010000000000000000010000010000000000010000000000000000001100000000000000000000000000000000000000000000
010000010000000000000000000000000000001100000000010000000000000000010000010000010000000000000000000000000000000000000000000000000000010000000000001100010000000000010000000000000000000000000000
000000000000000000010000010000010000001100000000000000000000000000000000000000010000010000000000010000000000000000000000010000000000000000010000001100000000010000010000000000010000010000000000
000000000000000000010000010000010000001100010000010000010000000000000000010000000000000000000000000000000000000000000000000000000000000000010000000100000000010000000000000000000000000000000000
000000010000010000000000010000000000000100010000000000010000000000000000000000000000010000000000010000000000000000010000000000000000000000010000001100000000000000010000000000000000010000010000
000000010000000000010000010000010000001100010000000000010000000000000000010000000000000000000000010000010000000000010000000000010000000000000000000100000000000000010000000000000000010000000000
000000010000010000000000010000000000000100000000000100000000000000000000000000010000010000000000010000010000010000000000000000000000000000000000000100010000010000010000010000000000010000010000
000000000000000000010000000000010000001100010000001100010000000000000000000000000000000000000000010000010000000000010000010000010000000000000000000100010000010000010000010000000000000000000000
010000000000000000010000010000000000001100010000000100000000000000010000000000000000010000000000010000000000000000000000000000000000010000000000000100010000010000000000010000000000000000000000
000000000000010000000000000000000000000100010000000100000000000000000000010000010000000000000000000000010000000000000000010000010000000000010000000100000000000000010000010000000000000000010000
010000010000010000000000010000000000000100010000000100000000010000010000000000010000010000010000000000010000000000000000000000010000010000000000000100010000010000000000010000000000000000000000
000000000000000000000000010000000000001100010000001100010000000000000000010000000000000000000000000000010000000000000000000000010000010000000000001100000000000000000000000000000000000000010000
010000000000010000010000000000000000001100000000001100010000000000000000010000000000000000000000000000000000000000000000000000010000010000010000000100000000000000000000000000000000000000010000
000000000000000000000000000000010000001100010000000100000000000000000000000000000000000000000000010000000000000000000000010000000000000000000000000100000000000000010000000000010000010000010000
010000010000010000010000000000000000001100010000000100000000000000000000010000010000010000010000000000000000000000000000010000010000000000010000000100000000010000000000010000000000000000000000
000000000000010000000000000000000000000100000000000100000000000000010000000000000000010000000000000000000000000000010000000000010000000000000000000100000000010000000000010000000000000000000000
010000000000000000000000000000010000001100000000000100000000000000010000000000000000010000010000000000010000000000000000000000000000000000000000000100000000000000000000000000010000010000000000
000000000000000000000000000000010000000100000000001100000000000000010000010000000000010000000000000000010000000000000000000000010000010000010000000100010000000000010000000000010000000000010000
000000010000000000000000000000000000000100010000001100010000000000000000000000000000000000000000010000010000010000000000000000000000000000000000000100000000010000000000000000000000010000010000
000000000000000000000000000000000000000100000000000100000000000000000000010000000000000000000000000000000000000000000000000000010000000000000000001100000000010000000000010000010000000000000000
000000000000000000000000000000000000000100010000000100010000010000010000000000000000000000000000000000000000000000000000010000000000000000000000001100010000000000000000000000000000000000000000
000000010000000000000000000000010000000100010000001100010000000000000000000000010000000000010000000000000000010000010000000000010000000000010000001100000000000000000000000000000000010000010000
010000010000010000010000010000000000000100010000001100000000000000010000010000000000000000010000000000010000010000000000000000000000000000000000001100000000000000000000000000010000000000000000
000000000000000000010000010000010000000100000000001100000000000000010000000000000000000000000000000000000000000000000000000000000000010000000000000100010000010000000000000000000000000000000000
010000010000010000000000010000000000000100010000000100000000000000000000000000000000000000000000000000000000000000000000000000010000010000010000000100000000000000010000010000000000000000000000
000000000000000000000000000000000000001100010000001100000000000000000000000000010000000000000000000000000000000000000000000000000000000000000000001100000000010000000000000000010000000000000000
000000000000000000000000000000010000000100000000001100000000000000010000000000000000000000010000000000000000000000010000000000010000010000000000001100000000010000000000000000010000000000000000
010000000000000000010000000000000000001100000000000100000000010000000000010000010000010000000000010000010000000000010000010000010000010000010000000100000000000000000000000000010000010000000000
000000000000010000000000000000010000001100000000000100000000010000000000010000000000010000010000000000000000000000010000010000010000000000010000001100010000000000010000010000000000010000010000
000000010000010000000000000000000000001100010000001100000000010000000000010000000000000000010000000000010000000000000000010000000000000000010000001100000000000000000000000000000000000000000000
000000000000000000000000010000010000000100000000001100000000010000000000010000010000010000000000010000000000000000000000000000000000000000010000000100000000000000010000000000000000000000000000
000000010000000000010000010000000000000100000000000100000000000000000000000000000000000000010000010000010000000000000000010000000000000000000000000100000000000000000000010000000000010000010000
000000010000010000000000010000010000000100000000000100000000000000000000000000010000000000000000000000000000000000000000000000010000000000010000000100010000000000000000000000010000000000010000
000000000000000000000000000000010000000100010000000100000000000000000000000000000000000000000000000000000000000000010000000000000000010000010000000100000000000000010000000000000000010000000000
000000000000010000000000000000000000000100000000001100000000000000000000000000000000000000000000010000010000000000000000010000000000000000010000000100010000000000000000010000000000010000000000
000000000000010000000000010000010000001100000000001100010000010000010000000000000000000000000000000000010000000000010000000000000000000000000000000100010000000000000000000000010000010000010000
000000000000010000000000000000010000000100010000001100010000000000000000000000000000000000000000000000000000010000010000010000010000000000000000001100010000000000010000000000010000000000000000
000000010000000000000000000000000000001100010000000100000000000000000000000000000000000000000000000000000000010000000000000000000000000000000000000100010000000000000000000000010000000000000000
000000010000000000010000000000010000001100000000001100000000010000010000000000000000000000010000000000000000010000000000010000010000000000000000001100000000010000000000000000010000000000010000
000000010000010000000000010000000000000100000000000100010000010000000000000000000000000000000000010000010000010000010000010000010000010000010000000100010000000000010000010000000000000000000000
000000000000010000000000000000000000000100000000000100000000000000010000000000000000010000000000000000000000000000000000010000000000000000010000000100000000000000010000000000000000000000000000
000000010000000000000000000000010000000100010000000100010000010000000000000000000000000000010000010000000000000000010000000000000000010000010000000100000000000000010000000000000000010000000000
010000000000000000000000010000000000000100010000001100000000010000000000000000000000010000000000010000000000010000000000010000000000000000000000000100010000000000000000000000000000000000010000
010000000000000000000000000000000000000100000000000100010000010000000000000000010000010000000000010000000000000000000000010000010000000000000000000100000000000000010000000000010000010000010000
000000010000000000000000010000010000000100000000000100000000000000000000010000010000010000000000000000010000000000000000010000010000010000000000000100010000000000000000000000000000000000000000
000000000000000000010000000000000000001100000000001100010000010000010000000000010000010000000000010000010000010000000000010000000000000000010000001100000000000000000000010000000000010000000000
000000000000000000010000000100000000000100000000000100000000010000000000000000000000000000010000010000000000010000000000000000010000010000010000000100000000000000000000010000000000010000000000
010000000000000000010000000100000000000100000000001100010000000000000000000100010000010000010000000000010000000000000000000000000000000000010000001100000000010000000000000000000000000000000000
010000000000000000010000000100010000001100010000000100000000010000000000000100010000000100000000000000010000000000000000010000000000000000000000000100000000000000000000000000000000000000000000
010000010000000000000000000100010000000100010000000100000000010000000000001100010000001100000000000000010000000000000000000000010000000000010000001100000000010000000000010000000000000000010000
000000010000000000000000000100010000000100000000000100000000000000000000000100000000000100000000010000000000000000010000010000000000010000000000000100000000000000000000000000000000010000010000
000000010000010000000000000100010000000100000000001100010000010000010000000100010000000100010000000000010000000000000000000000000000000000000000000100000000000000010000010000000000010000000000
010000010000000000000000000100010000001100010000001100000000000000010000001100010000001100000000010000000000010000010000000000010000010000010000001100010000010000010000010000000000010000010000
000000010000000000000000000100010000001100010000001100000000000000000000000100000000000100010000000000000000000000010000000000000000000000000000000100010000000000000000010000000000000000000000
000000010000000000000000000100010000000100000000000100000000000000000000000100010000001100010000000000000000000000000000010000000000010000000000000100000000010000000000010000010000010000000000
000000000000010000000000001100010000001100000000000100000000010000000000001100000000000100010000000000010000000000000000010000000000010000010000000100010000010000000000010000000000000000010000
000000010000000000010000001100000000001100000000000100000000000000010000001100010000000100000000010000010000010000000000000000010000000000000000001100000000010000010000000000000000000000010000
010000000000000000010000000100000000000100010000000100010000000000000000000100000000000100000000010000010000000000010000000000000000010000010000000100010000010000000000000000010000000000000000
010000000000010000010000000100000000000100010000001100010000000000000000000100000000000100000000010000010000000000000000000000010000000000000000000100010000010000000000010000010000000000000000
010000010000000000000000001100000000001100010000000100000000000000010000000100000000001100010000000000000000000000010000010000010000000000000000000100000000000000010000010000000000000000000000
000000000000010000000000001100010000001100000000001100000000010000010000001100010000001100010000010000010000010000010000000000000000000000000000000100000000000000000000000000000000000000010000
010000000000000000000000000100000000001100010000000100010000000000000000001100010000001100000000000000010000010000010000010000010000000000010000001100010000010000000000010000010000000000000000
000000010000000000000000000100000000001100000000001100000000010000010000001100010000001100000000000000000000010000010000000000010000000000010000000100010000000000000000000000010000010000010000
000100010000010000000000001100000000000100000000001100000000000000000000001100000000001100000000010000000000000000010000010000000000000000000000000100000000010000000000000000010000000000000000
000100010000000000010000001100010000000100010000000100000000000000000000001100010000000100010000000000000000000000000000000000000000010000000000001100000000010000000000000000010000010000000000
000100010000010000000000001100010000000100000000000100010000000000010000000100000000001100000000010000000000000000010000010000000000000000010000000100000000000000010000010000000000000000000000
000100010000000000000000001100000000000100010000001100000000000000000000001100010000000100000000010000010000010000010000010000000000000000000000000100010000010000000000010000000000000000010000
001100010000010000000000000100010000000100000000000100010000010000000000000100000000000100000000000000010000000000010000000000010000010000000000001100000000010000000000010000000000010000000000
000100000000000000000000000100010000001100000000000100000000000000000000000100000000000100000000000000000000000000000000010000010000000000000000000100010000000000000000010000000000010000000000
001100010000000000010000000100000000000100000000000100000000010000000000000100010000000100010000000000010000000000010000000000010000010000000000001100010000010000000000000000010000000000000000
000100010000010000000000000100000000001100000000000100010000000000000000000100000000001100000000000000000000000000000000000000000000010000010000000100000000000000000000000000010000010000010000
000100000000000000010000000100000000001100010000000100000000010000000000000100010000000100010000000000010000010000010000000000010000010000000000000100000000000000010000000000010000010000010000
001100000000010000010000000100000000000100000000000100000000000000000000001100000000000100010000010000000000010000010000010000000000000000010000000100000000010000000000000000000000010000000000
001100010000000000010000000100000000000100010000000100010000010000010000001100000000001100000000010000000000000000010000000000010000010000010000000100010000000000000000000000000000000000010000
000100000000000000010000000100010000000100010000000100000000000000000000001100000000000100000000010000000000000000010000000000000000000000010000000100000000010000010000000000000000000000000000
001100010000000000010000001100000000001100000000000100010000000000000000001100000000001100000000000000010000000000010000000000010000000000010000000100000000010000000000000000010000010000010000
000100000000010000000000000100010000000100010000001100000000000000000000000100000000000100000000010000000000000000000000010000000000010000010000001100000000000000000000000000000000000000000000
000100010000000000000000000100010000001100010000001100010000000000000000001100000000000100010000010000000000000000010000010000000000000000000000001100000000000000010000010000000000010000010000
000100010000000000000000001100010000001100000000000100010000000000000000000100000000001100000000010000000000000000000000000000010000010000000000000100000000000000000000000000000000000000010000
000100010000010000000000001100000000001100000000000100000000000000000000000100000000000100010000010000000000000000000000000000010000000000000000000100010000010000000000000000000000000000000000
000100010000010000000000001100000000001100000000000100000000000000000000000100010000000100010000010000010000000000000000010000010000000000000000001100000000000000000000010000000000010000010000
001100010000010000010000000100010000001100000000001100000000000000000000001100000000000100010000010000010000010000000000000000000000000000010000000100010000000000010000010000010000000000000000
000100000000000000010000000100000000000100010000000100000000000000000000000100000000001100000000010000000000010000000000000000000000000000010000000100010000000000000000010000000000000000000000
001100010000000000000000000100000000001100000000001100000000000000000000000100010000000100000000010000000000010000000000000000000000010000000000000100010000010000010000000000000000010000000000
000100000000000000000000000100000000000100000000000100000000000000010000000100000000000100000000000000000000000000000000000000000000010000010000000100000000010000000000000000010000010000010000
001100000000000000010000000100010000001100000000001100010000010000000000000100010000001100000000000000000000010000010000000000000000010000010000001100010000000000000000000000000000000000010000
001100000000000000000000000100010000000100000000000100000000010000010000001100000000000100000000000000000000000000000000000000010000000000010000001100010000000000010000000000010000010000010000
000100000000010000010000001100010000001100010000000100010000000000010000000100010000000100000000010000000000000000000000010000000000000000000000000100000000010000000000000000000000000000000000
001100000000000000000000001100010000000100010000001100000000010000000000001100000000000100000000000000010000000000000000010000000000000000000000001100000000000000000000000000000000000000010000
000100010000010000010000001100000000001100000000000100010000010000000000000100000000001100000000000000000000000000000000000000000000010000000000001100010000010000000000000000000000000000010000
000100000000010000010000000100000000001100000000000100000000010000000000001100000000001100010000000000000000010000000000000000010000000000000000001100000000000000000000000000010000000000000000
000100000000000000000000000100000000000100010000001100010000000000000000000100000000001100000000001100000000000000000000000000000000000000000000001100000000000000000000000000010000000000000000
000100010000000000000000001100010000000100010000000100000000010000000000000100000000001100000000001100010000010000000000000000000000000000000000000100010000010000000000000000000000000000000000
000100010000000000010000001100000000000100010000001100000000010000000000000100000000001100010000001100010000000000000000000000010000000000000000000100010000000000000000010000000000000000000000
000100000000010000000000000100010000000100010000000100000000010000010000001100010000001100000000000100000000000000000000000100010000010000000000000100010000010000000000000000000000010000000000
001100010000000000000000000100000000000100010000001100010000000000000000001100010000000100010000000100010000010000000000001100000000010000000000000100000000000000000000000000000000000000000000
000100010000000000000000001100000000000100000000001100000000010000010000000100010000000100010000000100000000000000010000001100010000010000000000000100010000000000010000000000010000000000000000
000100000000010000000000000100000000000100000000001100000000010000000000000100000000000100000000000100010000000000000000001100000000010000000000001100010000000000000000000000000000000000000000
001100010000000000000000000100010000000100010000001100000000000000000000000100000000000100010000000100000000000000010000000100010000000000010000001100010000000000010000000000010000000000000000
000100000000000000000000000100000000001100000000001100000000000000010000000100000000001100000000000100000000010000010000000100000000000000010000000100010000000000000000010000000000000000010000
000100010000000000000000001100010000000100000000001100010000010000000000000100000000000100000000001100010000000000000000000100000000010000000000001100000000000000010000010000010000010000010000
000100000000000000000000000100000000000100000000000100000000000000000000000100000000000100010000001100010000000000010000000100000000010000000000000100000000010000010000010000010000010000000000
000100010000000000010000000100010000001100010000000100010000000000000000001100000000001100000000000100000000000000010000001100010000000000000000001100010000010000000000000000000000000000000000
000100010000000000010000000100010000001100000000001100010000000000010000001100000000001100000000001100010000000000000000001100000000000000000000001100000000000000000000000000010000000000010000
000100000000010000000000000100000000000100000000000100000000000000000000000100000000001100000000001100000000010000010000001100010000000000000000001100000000000000000000000000010000000000010000
000100010000000000000000001100010000000100010000000100000000000000010000001100010000000100000000001100000000000000000000000100000000000000000000000100010000000000000000000000010000000000010000
001100000000000000000000000100000000000100010000000100010000000000010000000100010000000100000000001100010000000000000000000100000000000000000000001100010000000000010000000000010000010000010000
000100010000010000000000001100000000001100010000001100010000000000000000000100000000000100000000000100000000000000000000000100010000010000000000000100000000010000010000010000000000010000000000
000100000000000000000000000100000000001100010000000100000000000000000000000100000000000100010000001100000000010000000000000100010000000000000000001100010000000000000000000000010000000000000000
000100000000000000010000001100000000001100000000001100000000000000000000000100010000000100000000001100010000000000000000000100010000000000010000000100000000010000010000010000000000010000010000
000100000000000000010000001100010000000100000000001100000000000000000000000100010000000100010000000100000000010000000000001100000000000000010000001100010000010000010000010000000000000000010000
000100010000000000010000000100010000001100000000001100010000010000000000000100000000001100000000001100000000000000010000000100000000010000000000000100010000000000010000000000010000010000010000
001100010000000000000000000100010000001100010000000100010000000000010000000100000000000100000000001100010000000000010000001100000000000000010000000100000000000000010000000000000000001100010000
001100000000000000010000001100010000001100010000000100010000010000010000000100010000000100000000000100000000000000000000000100000000010000000000001100000000000000010000010000000000000100000000
000100000000000100000000000100000000001100000000000100010000010000010000000100000000001100000000001100000000000000000000000100000000000000010000000100000000000000000000000000000000001100010000
000100000000001100010000000100010000001100000000000100000000000000010000000100000000001100010000001100000000000000010000001100000000000000000000000100000000010000000000010000010000001100010000
000100000000000100010000001100010000000100010000000100000000010000010000000100010000000100000000001100000000000000010000001100000000000000000000000100000000010000010000000000010000000100000000
000100000000001100010000000100000000001100000000000100000000000000000000000100010000001100010000001100010000010000000000000100000000010000010000000100010000010000010000000000010000000100000000
000100000000001100010000000100010000001100000000000100000000000000000000001100010000001100000000000100000000000000000000000100000000010000000000001100000000010000000000010000000000001100000000
001100000000000100000000001100010000000100010000001100010000000000000000000100000000001100000000000100010000000000010000000100000000000000000000001100010000000000010000000000010000001100010000
000100010000001100000000001100000000000100010000001100000000000000010000001100000000000100010000000100010000010000010000001100010000000000010000001100000000000000000000010000000000001100010000
000100010000000100000000000100010000000100000000000100000000010000000000001100000000001100000000001100000000010000000000000100000000010000010000000100010000000000000000000000000000000100010000
000100000000001100000000001100000000001100010000001100010000000000010000000100010000001100010000000100000000000100000000000100010000000000010000001100000000010000010000000000000000000100010000
001100000000000100000000001100010000000100000000000100000000010000010000000100010000001100000000000100000000000100010000000100010000010000000000000100000000010000000000000000000000001100010000
000100000000000100000000000100010000001100010000000100010000010000000000000100000000001100010000001100000000001100010000000100010000000000000000000100000000010000000000010000010000000100000000
001100010000001100000000001100000000001100000000000100010000000000010000001100010000000100010000000100000000000100000000001100000000000000000000000100010000000000000000000000000000001100000000
000100000000001100000000001100000000001100010000001100010000010000010000001100010000000100010000000100010000001100000000001100000000000000010000000100000000000000000000000000000000001100000000
000100010000000100000000001100010000000100010000000100000000000000010000000100000000000100000000000100010000001100010000000100010000010000000000000100000000000000000000010000010000000100000000
001100000000000100000000001100010000001100000000000100000000010000000000000100010000000100010000000100000000000100010000000100000000000000000000000100010000010000000000000000010000001100010000
001100000000001100000000000100010000001100000000000100000000000000000000000100010000000100000000001100000000000100010000000100000000000000010000001100000000000000010000000000000000000100000000
000100010000001100010000000100000000000100010000001100000000000000010000001100010000000100010000000100000000000100000000000100010000010000000000000100010000000000010000010000000000000100000000
000100010000001100010000000100010000000100000000001100000000000000010000000100000000001100000000000100000000001100000000000100010000000000010000000100000000000000000000000000000000001100010000
000100000000000100010000000100000000000100010000000100000000000000010000001100000000001100000000000100000000001100000000000100000000010000000000001100000000000000000000000000010000000100000000
000100000000000100000000000100000000001100000000000100000000010000010000001100000000001100000000000100010000000100000000000100010000000000000000000100000000000000000000010000010000000100000000
001100000000000100000000000100000000000100000000000100000000010000010000000100000000000100000000000100000000001100000000001100010000000000000000000100010000010000000000000100000000001100000000
001100000000001100000000000100000000000100010000000100000000010000010000000100010000000100010000001100000000000100000000000100000000001100010000001100000000000000010000000100010000001100000000
000100010000000100000000001100000000000100000000000100000000000000010000001100000000001100000000000100000000000100010000001100000000000100010000000100000000000000000000000100010000001100000000
000100000000000100010000000100000000001100010000001100000000000000010000001100000000000100010000000100000000000100010000000100000000000100000000000100000000000000000000001100000000010000000100
000100010000000100000000000100000000000100000000000100000000000000000000000100010000000100010000000100000000000100010000001100000000000100010000000100000000010000000000001100000000000000001100
001100000000000100000000000100000000000100000000001100000000000000000000001100000000001100000000000100010000000100000000001100010000001100000000000100000000000000010000000100000000010000000100
001100000000001100010000000100000000001100000000001100000000001100010000001100000000001100000000001100000000000100010000000100010000000100010000001100000000000000000000001100010000000000000100
001100000000000100000000001100010000001100000000000100010000001100010000000100000000001100000000000100010000001100010000000100010000000100000000000100010000000000010000000100000000000000000100
000100010000001100000000001100000000000100000000000100000000001100010000000100010000000100000000000100000000000100000000001100010000000100010000000100010000010000000100000100000000010000000100
000100010000000100000000000100000000000100000000000100010000000100000000000100010000001100010000001100010000000100000000001100000000000100000000000100010000000100000100000100000000010000000100
001100000000001100000000001100000000000100000000000100010000001100000000000100000000000100000000000100000000001100000000000100000000000100010000001100000000000100001100000100000000000000000100
000100000000001100000000001100010000001100010000000100000000000100001100001100010000000100000000000100000000001100000000001100000000000100000000000100010000001100000100000100000000010000001100
000100000000001100000000000100000000001100000000000100010000000100000100000100000000000100000000001100010000001100000000001100010000001100000000001100000000000100000100001100010000000000000100
000100010000001100010000001100000000000100010000000100000000000100000100001100000000001100010000000100000000001100000000000100010000000100000000001100010000000100000100001100000000000000001100
000100010000000100000000001100000000000100000000000100000000001100000100000100000000000100000000000100000000001100000000001100010000000100000000001100010000001100000100000100000000000000001100
000100010000000100000000000100000000000100010000000100010000001100000100001100010000000100010000000100000000000100010000001100000000000100000000001100010000000100000100000100010000010000000100
000100010000000100000000000100000000000100010000000100000000000100001100000100000000001100000000000100010000001100010000000100000000000100001100000100000000000100000100000100000000000000000100
000100000000000100000000000100000000000100000000000100010000000100001100001100010000000100010000000100000000001100000000001100000000001100000100001100000000001100001100000100001100010000000100
001100000000000100010000001100010000001100000000000100010000001100000100000100000000000100010000000100000000001100010000000100010000000100000100000100010000000100000100001100001100000000000100
001100000000001100000000000100010000001100000000000100010000000100000100000100000000001100000000001100000000000100010000000100000000001100000100000100000000000100000100000100000100000000000100
001100010000000100000000000100000000000100010000001100000000000100000100000100010000000100000000001100000000000100000000001100010000000100000100001100010000000100000100001100001100000000000100
000100000000001100000000000100010000000100000000001100010000000100000100000100000000000100010000000100000000001100000000001100000000000100000100000100000000000100001100001100000100010000000100
000100000000000100000000000100010000001100010000000100010000001100000100001100010000000100000000001100000000000100010000000100000000001100000100001100000000001100000100001100000100000000001100
000100000000000100010000000100000000001100010000000100000000000100001100001100000000000100000000000100010000000100000000000100000000001100000100000100000000000100000100001100000100000000000100
000100000000000100000000001100010000000100010000001100000000001100000100000100000000000100010000000100010000000100000000000100000000000100000100000100010000000100000100000100000100010000000100
000100000000010000000100001100010000000100000000000100010000000100001100000100000000001100010000001100000000000100000000001100000000000100000100000100000000001100000100001100001100000000001100
001100000000010000001100000100000000000100000000001100000000000100001100000100010000000100000000000100000000000100010000000100010000000100000100000100010000000100001100000100001100000000000100
001100010000010000000100001100000000001100010000000100000000000100000100001100010000000100000000001100010000001100000000001100010000000100001100000100010000001100001100001100000100000000000100
001100000000000000000100001100000000001100010000001100000000000100000100000100000000000100000000001100010000001100000000001100000000001100000100000100000000001100000100000100000100000000000100
000100000000000000001100001100000000001100010000000100010000000100001100001100000000001100000000000100010000001100001100001100000000001100000100000100000000001100001100001100000100010000000100
001100000000000000000100001100000000000100000000001100010000000100000100000100010000000100000000000100000000001100000100000100010000000100001100001100000000001100000100001100000100000000000100
001100000000000000000100001100000000001100000000000100000000000100000100001100010000001100000000001100000000001100001100000100000000001100000100001100010000001100001100001100000100010000000100
000100010000000000001100000100000000000100000000001100000000000100001100000100010000000100010000000100000000000100000100001100000000001100000100000100000000001100000100000100000100000000000100
000100000000010000000100001100000000000100010000000100000000001100001100000100010000001100000000000100000000000100000100000100000000001100000100001100000000000100000100000100000100000000001100
000100010000010000000100000100000000001100000000000100000000001100001100000100010000000100000000000100010000000100001100000100010000000100000100000100000000000100000100000100000100010000000100
000100000000000000001100001100000000000100000000000100010000000100001100001100000000001100010000000100010000000100001100001100010000000100000100001100000000000100001100001100000100000000000100
001100000000000000000100001100010000001100000000001100010000001100000100000100000000000100010000000100000000001100000100001100000000000100000100001100000000000100000100001100000100000000001100
000100000000001100001100000100000000000100010000000100010000000100000100001100010000001100010000001100000000000100000100000100010000001100001100000100000000001100001100000100000100000000001100
001100000000001100000100000100000000000100010000000100000000000100000100001100000000000100010000000100010000001100001100000100000000000100001100000100000000000100001100000100001100010000000100
000100000000000100000100000100000000000100010000000100000000000100001100000100010000000100010000000100000000000100001100000100000000001100001100001100000000000100000100000100001100001100000100
000100010000000100001100000100000000000100010000000100010000000100001100001100000000000100000000000100000000000100000100001100010000000100000100001100010000000100001100000100000100001100000100
000100000000000100000100000100010000001100000000000100010000000100001100000100000000001100000000000100010000000100001100001100010000001100001100000100010000000100000100001100001100001100000100
001100000000000100001100000100000000000100010000001100010000000100000100000100010000001100000000000100010000001100000100000100010000001100000100000100000000000100000100001100001100000100000100
001100010000001100000100000100000000001100010000001100010000001100001100001100000000001100000000000100000000000100001100000100000000001100000100000100010000000100001100000100000100000100000100
000100010000000100001100000100000000001100000000000100000000001100000100000100000000001100000000000100010000001100001100001100000000000100000100001100010000001100000100001100001100001100000100
000100000000000100001100000100000000000100000000000100000000000100000100001100000000000100010000000100000000000100000100001100010000000100000100000100000000000100001100000100000100001100001100
001100010000000100001100000100010000001100000000001100000000000100000100000100000000000100010000001100000000000100000100000100000000000100001100001100010000000100001100000100000100001100001100
001100000000000100000100001100010000001100010000000100000000001100000100000100010000000100000000000100010000000100001100001100000000001100000100001100000000001100000100000100001100001100001100
001100000000001100000100001100000000000100010000000100000000001100000100001100010000000100000000001100000000000100000100001100000000000100001100000100010000000100000100000100000100000100000100
000100000000000100000100001100010000000100000000000100000000000100000100000100000000000100000000000100010000000100001100001100000000000100001100000100000000001100000100000100001100001100000100
000100000000000100001100000100010000000100000000001100010000001100000100000100000000000100000000001100000000001100000100000100000000000100000100000100010000000100000100000100000100000100000100
000100000000000100000100000100000000000100010000000100000000000100001100000100000000000100010000001100010000001100001100001100000000000100001100001100010000001100000100000100000100000100000100
001100000000001100001100000100010000001100000000001100010000000100000100000100010000000100000000001100000000001100000100001100000000000100001100000100000000000100001100000100000100000100000100
000100010000000100000100000100010000000100000000000100000000000100001100001100000000000100000000001100000000001100000100001100000000000100000100000100010000000100000100000100000100001100000100
000100000000000100000100000100000000000100000000000100000000001100001100001100010000001100010000000100000000001100000100000100000000001100000100000100010000000100000100000100000100001100000100
000100000000000100000100001100000000000100010000001100000000000100000100001100010000001100000000000100000000001100000100000100000000000100001100000100000000000100000100000100001100001100000100
001100010000001100000100001100000000000100000000000100000000000100001100001100000000000100010000000100010000001100000100001100010000001100000100000100010000001100001100000100000100000100001100
000100010000000100000100001100000000001100010000000100010000000100001100000100000000001100010000000100000000000100000100001100000100000100000100001100000000001100000100000100000100000100000100
000100010000000100001100000100010000001100010000001100000000000100000100000100000000000100010000001100000000001100001100001100000100000100000100000100010000001100000100001100000100000100001100
000100010000000100001100000100000000000100000000000100000000000100000100000100010000000100000000001100010000000100000100001100000100000100000100001100010000000100001100001100001100000100000100
001100000000000100000100001100010000000100000000001100010000001100000100000100000000000100000000001100000100000100001100000100000100000100000100001100000000000100000100001100000100000100000100
000100000000000100000100000100000000001100000000000100000000001100000100000100010000000100000000000100001100001100000100001100000100001100000100001100000000001100000100000100000100001100001100
000100010000000100000100000100000000001100010000001100010000000100001100000100000000000100000000000100000100000100000100000100000100000100001100000100000000000100000100000100000100001100000100
001100000000000100000100000100000000001100010000001100000000000100000100000100010000000100010000001100000100000100001100000100000100000100000100001100010000001100001100000100000100000100001100
001100000000001100000100001100010000001100010000000100000000000100001100000100000000000100000000001100001100000100000100000100000100000100001100001100010000000100000100000100000100000100000100
000100000000000100000100000100000000001100010000000100000000000100000100000100000000000100000000000100001100000100001100000100000100000100001100000100000000001100001100000100001100000100000100
001100000000000100000100000100000000000100000000000100000000000100000100000100000000000100000000000100001100000100000100000100001100000100000100000100000000000100000100001100000100000100000100
000100010000000100001100001100000000000100010000000100000000000100000100000100010000000100000000001100000100001100000100001100000100000100001100001100000000000100000100000100000100000100001100
000100010000000100000100000100010000001100010000000100000000000100001100000100010000001100010000001100000100000100001100000100001100000100000100000100000000000100001100000100001100001100000100
000100010000000100000100001100010000000100010000000100000000001100000100000100000000000100000000000100000100000100000100001100001100000100001100000100000000000100001100000100001100000100000100
000100010000001100000100000100000000000100010000001100000000000100000100001100000000000100010000000100000100000100001100000100001100000100000100001100010000001100000100000100000100000100000100
001100010000000100001100000100000000000100010000000100000000001100000100000100010000000100000000000100000100000100000100000100000100000100000100001100000000001100000100001100001100000100001100
000100000000000100000100000100000000001100000000001100010000000100000100000100010000000100010000001100001100000100000100001100000100000100001100001100000000000100001100000100000100000100000100
001100000000001100001100001100010000000100000000000100000000000100000100001100000000001100000000000100000100000100000100000100001100000100000100000100000000000100000100001100000100000100000100
001100010000001100000100001100010000000100000000001100010000000100000100001100000000001100010000001100000100000100000100000100000100001100000100001100000000000100000100000100000100000100000100
000100000000000100000100001100000000001100000000000100010000000100000100001100000000000100000000001100001100000100000100001100000100000100001100001100000000000100001100000100000100001100001100
000100010000000100000100001100000000001100010000001100000000001100001100000100010000000100000000001100001100001100000100000100000100001100000100001100000000000100001100000100000100001100000100
000100000000000100001100001100010000001100000000000100000000000100001100001100000000000100000000001100000100000100001100000100000100000100000100001100000000000100000100001100001100000100000100
000100010000000100000100001100000000001100000000000100000000001100000100001100000000001100000000001100000100001100001100000100001100001100000100000100000000000100001100000100000100001100000100
001100000000000100000100001100000000000100010000000100010000000100000100000100000000000100010000000100000100000100000100001100000100000100000100000100010000001100000100000100000100000100000100
001100010000000100000100001100010000000100000000001100010000001100001100001100000000001100000000000100000100000100000100000100001100000100000100001100010000000100000100000100001100000100000100
001100000000000100001100000100000000000100000000000100000000000100000100000100010000001100000000000100000100001100001100001100000100000100000100000100000000001100001100000100001100000100000100
000100000000000100000100000100000000001100010000000100010000000100001100001100010000001100010000000100000100001100001100001100001100000100001100000100010000001100000100000100001100001100001100
001100000000000100001100000100000000001100000000000100000000000100001100000100010000000100000000001100001100000100001100000100001100001100000100001100010000001100000100000100001100000100000100
000100010000000100000100000100000000000100010000000100000000000100001100000100000000000100000000000100000100000100000100000100001100000100000100001100000000000100001100000100001100000100001100
000100010000001100001100001100010000000100010000001100010000000100000100000100000000000100010000000100000100000100000100001100001100001100000100000100000000000100000100000100001100000100000100
001100010000001100000100000100010000001100010000000100000000001100001100001100000000001100000000000100000100001100001100001100000100000100000100001100010000000100000100000100000100000100001100
000100010000001100000100000100010000000100010000001100010000001100000100001100000000001100000000000100001100001100001100000100001100001100000100000100000000001100001100000100000100000100001100
000100000100000100001100000100010000000100000000001100000000000100000100001100000000000100010000001100000100000100000100000100001100000100000100001100000000001100000100000100000100000100001100
001100000100000100000100001100000000001100010000000100000000001100001100000100000000000100000000000100000100001100000100000100000100000100001100001100000000001100000100000100000100001100000100
000100000100000100000100001100000000001100000000000100000000001100001100001100010000000100000000000100001100001100001100001100001100001100000100000100010000001100000100001100000100000100000100
001100001100001100000100000100000000000100000000001100010000000100000100000100010000001100010000000100000100001100001100000100000100000100001100000100000000000100000100001100000100000100000100
000100001100001100000100001100000000001100000000001100000000000100001100001100010000000100000000000100000100000100001100000100001100000100000100000100010000001100000100001100001100000100000100
001100001100001100000100001100000000000100000000000100010000001100000100000100000000000100000000000100001100001100000100000100000100000100000100000100000000001100000100000100000100000100000100
001100001100000100000100000100000000001100000000000100000000000100001100000100000000000100010000000100001100001100000100001100001100000100000100000100000000000100000100000100001100000100000100
000100001100000100001100000100000000000100000000000100000000000100000100001100000000000100000000000100000100000100001100000100000100001100000100001100010000000100000100000100001100001100001100
000100001100001100001100000100000000001100000000001100010000000100000100000100010000001100010000000100001100001100000100000100000100000100000100000100010000001100000100000100000100001100000100
001100000100000100000100000100000000001100000000001100010000001100001100001100000000000100000000001100000100001100001100000100001100001100001100001100010000001100001100001100000100000100001100
000100001100000100001100000100000000000100010000001100000000000100000100000100000000001100010000000100000100000100000100001100000100001100000100000100010000000100001100000100000100000100000100
000100000100001100000100001100000000000100000000001100000000000100000100000100000000001100000000000100000100000100000100001100001100001100000100001100010000000100000100001100000100000100000100
001100000100000100001100000100000000001100000000000100000000000100000100000100000000000100000000001100000100000100000100000100001100000100000100000100010000001100000100000100001100000100001100
000100001100000100001100001100000000000100010000000100000000001100000100000100000000000100000000001100000100001100000100001100001100000100001100000100010000000100000100000100000100001100000100
001100000100000100000100001100010000001100000000000100000000000100000100000100000000000100000000000100000100000100000100000100000100001100000100000100000000000100001100000100000100000100001100
001100000100001100000100001100010000000100000000000100000000000100000100000100000000000100001100000100000100000100000100000100000100001100000100001100000000000100000100001100000100000100001100
000100001100000100000100000100010000000100000000001100000000001100000100000100000100001100001100001100000100000100000100000100000100000100000100000100010000000100001100001100001100000100001100
000100001100001100001100000100000100001100000000000100010000000100000100000100000100000100000100000100000100000100000100001100001100000100000100000100000000000100001100000100000100000100000100
000100001100000100000100001100001100000100010000000100010000000100000100001100001100001100000100000100000100000100001100000100000100000100000100001100010000000100000100000100000100000100000100
001100001100001100001100000100000100001100000000001100010000000100001100000100000100001100001100000100000100001100000100000100000100000100000100000100000000000100001100001100000100000100000100
001100001100000100000100000100001100000100000000000100010000000100000100000100000100001100000100000100001100000100000100000100000100000100000100001100010000000100000100001100001100000100001100
000100001100000100000100000100001100000100000000001100010000001100001100001100001100000100000100001100000100000100001100000100001100000100001100000100000000001100000100001100000100000100001100
001100000100000100000100001100001100000100010000001100010000001100000100000100000100000100000100000100000100000100000100000100000100001100000100000100010000000100000100000100000100000100000100
000100001100001100000100001100001100000100000000001100010000000100000100001100000100000100000100001100000100000100000100000100001100001100000100000100000000000100000100000100000100001100000100
000100001100000100000100001100000100000100000000000100000000001100000100000100000100000100000100001100001100000100001100000100001100001100001100001100000000000100001100000100000100000100001100
000100000100001100000100001100000100000100000000000100000000000100001100001100000100000100001100001100000100000100000100000100000100001100001100000100000000000100000100000100000100000100000100
001100000100000100000100000100000100000100000000000100000000000100000100000100000100000100001100000100000100000100001100001100000100000100000100000100000000000100000100000100000100000100000100
000100001100001100001100000100000100001100000000000100010000000100000100000100000100000100001100001100001100000100001100000100000100001100000100000100000000001100001100001100001100000100000100
000100000100001100001100000100001100000100000000000100000000000100000100000100000100000100000100001100000100000100000100000100001100000100001100000100000000000100001100001100000100000100000100
000100001100000100000100001100001100001100010000000100000000000100000100000100000100001100000100000100000100000100000100001100001100000100001100000100000000001100000100001100000100000100000100
000100000100000100000100000100000100000100010000000100000000000100001100000100001100000100000100000100000100000100001100000100000100000100000100000100000000000100000100000100000100001100000100
000100001100000100000100001100000100001100010000000100010000000100001100000100000100000100000100000100000100001100000100000100001100000100001100001100000000001100000100000100000100000100001100
000100001100000100001100000100000100001100010000000100010000000100001100001100001100001100000100001100000100000100000100000100000100000100000100001100000000000100000100000100000100000100000100
000100001100001100000100000100000100000100000000000100000000000100000100001100000100000100000100000100001100000100001100000100000100000100000100001100010000000100000100001100000100000100000100
000100001100001100000100000100001100000100010000000100010000000100000100001100001100001100000100001100000100001100001100001100001100001100000100000100010000000100000100001100000100001100001100
000100001100000100000100001100001100000100010000000100000000000100000100000100001100001100000100000100000100001100001100000100000100000100000100001100000000001100001100001100000100000100001100
000100000100001100001100000100000100001100000000000100010000000100000100000100000100000100000100000100000100000100001100000100000100001100000100000100010000001100001100000100000100000100000100
000100001100000100000100001100000100000100000000000100000000000100000100000100000100001100000100000100000100000100001100000100001100001100001100001100000000000100000100001100000100001100000100
000100000100000100000100000100001100001100010000001100000000000100000100000100000100000100000100001100000100000100000100000100000100001100001100001100000000000100001100000100001100000100001100
001100000100000100000100001100001100001100000000000100010000000100001100000100000100000100001100001100000100000100000100000100000100000100000100001100010000001100001100001100000100000100000100
000100000100000100000100001100001100001100010000001100010000000100000100000100001100001100001100001100001100000100000100000100000100000100000100000100000000001100001100000100000100000100000100
000100000100000100000100000100001100000100010000001100000000000100001100000100001100000100000100000100000100000100000100000100001100000100000100000100000000001100001100001100001100001100001100
000100000100000100000100001100000100000100000000000100000000000100000100000100001100000100000100001100001100000100001100001100000100000100000100001100000000000100000100000100001100000100000100
001100001100001100001100000100001100001100000000001100000000000100000100001100001100000100000100000100000100000100001100000100001100001100001100000100000000001100001100000100000100001100000100
000100000100001100000100000100001100001100000000000100000000000100000100001100000100000100001100000100001100000100001100000100001100000100001100001100000000000100000100000100001100000100000100
000100000100000100000100000100001100001100010000000100000000000100000100000100000100000100001100001100001100000100000100000100000100000100001100000100000000000100000100000100000100001100001100
000100001100001100000100000100000100000100000000001100010000001100001100000100000100000100001100000100000100000100001100000100001100000100000100000100000000000100000100000100000100000100001100
000100001100001100000100001100000100000100000000000100000000000100001100001100001100001100001100001100000100000100000100000100001100000100000100000100000000001100001100000100001100000100000100
001100000100001100000100001100000100000100010000001100000000000100001100001100001100000100001100001100001100000100000100001100000100000100000100001100010000001100000100001100000100000100000100
001100001100000100000100001100001100001100000000001100000000000100000100000100000100001100000100000100001100001100000100001100000100001100000100000100010000000100000100001100000100001100000100
000100001100000100001100001100001100000100000000001100010000000100000100000100001100000100001100000100001100001100000100001100000100001100001100001100010000000100000100001100001100000100000100
000100000100000100001100000100001100000100010000000100000000000100001100001100000100000100001100000100000100001100000100000100000100000100000100001100000000001100001100001100001100001100000100
001100001100001100001100001100001100000100000000001100010000000100000100000100000100000100000100000100001100001100000100000100001100001100000100000100000000001100000100001100001100000100001100
000100000100001100001100001100000100001100010000001100010000000100001100000100001100000100001100000100000100000100000100000100001100001100001100000100010000000100000100000100000100001100001100
000100001100000100000100000100000100001100010000000100010000000100001100001100001100001100000100001100000100000100001100001100001100000100000100000100010000000100000100000100000100000100000100
000100000100000100000100001100000100001100000000000100000000000100000100001100000100000100001100001100000100001100000100000100000100000100001100001100010000000100000100000100000100000100001100
000100001100000100000100001100001100001100000000001100000000001100000100001100000100001100000100001100000100000100000100000100001100000100000100000100010000001100000100001100000100000100000100
001100001100001100000100000100000100000100000000000100001100000100001100000100000100000100000100000100001100000100000100000100000100000100000100000100010000000100000100001100001100001100000100
000100000100001100000100001100000100001100000000000100000100000100000100000100001100000100000100001100000100001100001100000100001100000100001100000100000000001100001100000100000100000100001100
000100001100001100000100000100001100001100010000000100001100000100000100000100001100001100001100001100000100001100001100001100000100001100000100000100000000001100000100000100000100001100001100
001100000100000100000100001100001100000100010000001100000100000100000100001100001100000100000100001100000100000100000100001100001100000100000100000100000000000100000100000100001100001100000100
001100001100000100001100001100001100000100000000001100000100000100000100001100001100001100001100001100001100000100001100000100000100000100000100000100010000000100000100001100001100001100000100
000100000100000100001100000100000100000100000000000100001100000100000100000100001100000100000100001100000100000100000100000100000100000100001100000100000000000100001100000100001100001100000100
000100000100000100001100000100001100001100000000000100000100001100000100001100000100001100000100001100000100000100000100000100001100000100000100000100010000000100000100000100001100000100001100
000100000100000100000100001100000100001100000000000100000100001100000100001100000100001100001100001100000100000100000100000100001100000100000100001100000100000100001100000100000100000100000100
000100001100000100000100001100000100000100000000000100001100001100000100000100001100001100000100001100000100001100000100000100001100001100001100001100001100000100000100000100000100000100001100
000100001100001100000100001100001100000100000000001100000100001100001100001100000100000100000100000100000100000100000100000100000100000100000100000100000100000100000100001100000100001100000100
000100000100000100000100000100000100001100000000001100000100000100000100001100000100001100000100000100000100000100000100000100000100001100000100001100000100000100001100000100000100000100000100
001100000100001100000100001100000100000100010000001100000100000100000100001100000100000100001100000100000100000100000100001100000100000100001100001100001100000100000100000100001100001100000100
000100000100000100001100000100001100000100010000000100000100000100001100000100001100001100000100001100001100001100001100001100000100000100001100000100000100000100000100000100000100001100001100
001100000100000100000100000100000100000100010000000100001100000100000100000100001100000100000100000100001100000100000100001100000100001100001100001100000100000100001100001100000100001100000100
000100000100001100000100000100000100001100000000001100000100001100001100000100000100000100000100000100001100000100000100000100001100000100001100000100000100001100000100000100000100000100000100
000100000100001100000100000100001100000100000100001100000100000100000100000100000100000100000100000100000100000100000100000100000100001100000100001100000100000100000100000100000100000100000100
000100000100000100000100000100000100001100001100001100000100000100000100001100000100000100000100000100000100001100000100000100000100000100001100000100001100000100001100001100000100000100001100
001100001100001100001100000100001100001100000100001100001100001100000100000100000100001100001100001100000100001100000100001100000100000100001100001100000100000100001100000100000100000100001100
000100001100000100000100000100001100000100001100000100000100001100000100000100001100000100001100001100000100001100001100001100001100000100001100001100000100000100001100000100000100000100000100
001100000100001100001100000100000100000100000100000100001100000100001100001100000100001100000100000100000100000100000100000100000100001100000100000100000100000100000100001100000100000100001100
000100000100001100001100000100000100000100000100000100001100001100000100000100001100001100001100001100000100000100000100001100000100000100000100001100001100000100001100000100000100001100000100
000100000100000100001100001100000100001100000100000100000100001100000100000100000100000100000100000100001100000100000100000100001100001100000100001100000100000100000100000100000100000100001100
001100001100000100001100000100000100001100001100000100001100001100000100000100001100000100000100001100001100001100000100000100001100000100000100000100000100000100000100000100001100000100000100
001100000100000100001100000100000100001100000100000100000100000100000100001100000100000100001100000100001100000100001100000100000100001100001100001100000100001100000100000100000100001100001100
000100001100000100000100000100001100001100000100001100000100001100000100001100001100000100001100000100001100000100001100000100001100001100001100000100000100000100000100001100000100000100001100
001100000100000100000100001100001100000100000100000100000100001100001100000100001100001100000100001100000100001100001100000100000100000100001100001100000100001100000100000100001100001100000100
000100000100000100000100000100000100001100001100001100001100000100001100001100000100000100000100001100000100000100000100000100001100001100000100001100000100000100000100000100001100000100001100
001100001100001100000100000100000100001100000100000100001100001100000100000100000100000100001100000100000100001100000100001100000100000100000100000100001100000100000100000100000100000100000100
001100001100000100000100000100000100001100001100000100000100001100000100000100001100000100001100001100000100001100000100000100000100000100000100000100000100001100001100000100000100001100000100
001100000100001100001100000100001100001100000100000100001100000100000100000100000100001100000100000100000100001100000100000100000100000100001100000100000100000100001100000100001100000100000100
001100000100000100001100000100001100001100001100000100000100001100001100001100000100000100001100000100000100001100001100000100001100000100001100001100000100001100000100001100001100000100001100
001100000100000100000100000100001100000100000100001100000100000100000100000100000100001100001100001100000100001100000100000100000100000100001100001100000100001100000100001100001100000100001100
001100000100000100000100001100001100000100001100000100001100000100000100001100000100000100001100000100000100000100001100001100001100000100000100000100000100001100000100000100001100000100001100
000100001100001100001100001100000100000100000100000100000100000100001100000100000100001100000100000100001100001100001100000100000100001100001100000100000100001100001100000100000100000100000100
001100000100001100000100000100000100000100000100001100001100001100001100000100000100001100000100001100001100000100000100001100000100000100000100000100000100001100000100001100000100001100001100
000100001100000100001100001100000100001100001100000100000100000100000100001100000100000100000100000100001100000100000100000100001100000100000100000100000100000100000100000100000100001100001100
000100000100000100000100001100000100000100000100001100000100000100001100000100000100000100001100000100000100000100001100000100001100001100001100000100000100000100001100001100000100000100000100
001100000100001100001100000100000100000100001100000100000100000100000100001100000100001100000100001100001100000100000100000100001100000100000100001100000100001100000100001100001100000100000100
001100000100000100001100001100000100001100000100000100000100000100000100000100000100000100000100000100001100000100001100001100000100001100000100000100000100000100000100001100001100001100000100
001100001100001100000100001100001100000100000100000100000100001100001100000100000100000100000100000100001100000100000100001100000100001100001100000100000100001100000100001100001100000100000100
001100001100001100000100000100001100000100000100000100001100000100000100000100001100001100000100000100000100000100000100000100000100001100000100000100000100001100000100001100000100001100000100
000100000100001100001100000100000100001100000100000100000100001100000100001100000100001100001100000100000100001100000100000100000100000100001100000100001100000100000100000100000100001100000100
000100000100000100000100000100001100000100001100000100001100000100000100001100000100000100001100001100000100000100000100000100000100001100000100000100000100001100001100000100000100001100000100
001100000100000100000100000100000100001100000100000100001100000100000100000100000100000100001100000100000100000100000100000100000100000100000100000100000100001100000100001100001100000100000100
000100001100001100000100000100001100001100000100000100001100000100000100000100001100000100000100001100001100000100000100000100000100000100000100000100001100000100000100001100000100000100000100
001100001100001100000100000100001100001100001100000100000100000100000100001100000100000100000100001100001100000100000100001100000100001100001100000100001100001100000100000100000100000100001100
000100001100000100000100000100000100001100001100001100000100001100000100001100000100000100000100000100001100000100000100000100000100000100001100001100000100000100000100001100000100000100001100
000100001100000100000100000100000100000100000100000100000100000100001100001100001100000100000100000100000100000100001100000100000100001100000100001100000100000100000100000100000100000100000100
001100000100000100000100000100000100001100001100001100000100001100000100001100000100001100000100000100000100000100000100000100001100000100000100000100001100001100001100000100000100001100000100
000100000100000100000100000100000100000100001100001100000100000100000100001100000100000100001100000100000100000100001100000100000100000100001100001100001100000100000100000100001100000100001100
000100000100000100001100001100000100000100001100000100001100001100000100000100000100000100000100000100001100000100001100000100001100000100000100001100000100001100000100001100000100001100001100
000100001100000100001100000100001100000100000100000100000100000100000100000100000100001100000100001100000100000100000100000100001100000100000100000100000100001100001100001100000100000100001100
000100000100000100000100000100000100000100000100000100000100001100000100001100000100001100001100001100000100001100000100001100001100001100000100000100001100000100000100001100001100001100001100
000100000100000100000100000100001100000100000100001100001100000100000100000100000100001100000100000100000100000100000100001100000100001100000100001100001100000100000100001100000100001100000100
000100000100000100000100000100000100000100001100001100000100000100000100001100001100001100000100000100000100001100001100001100000100001100001100000100001100000100001100000100001100000100000100
000100000100000100000100001100001100000100001100000100000100000100000100000100000100001100000100000100001100001100000100000100001100000100000100000100000100001100000100000100000100000100001100
000100000100001100000100000100001100000100000100001100000100000100000100000100001100000100000100000100000100000100001100001100000100000100001100000100000100000100000100000100000100000100001100
001100000100000100001100000100000100001100000100000100000100000100000100001100001100000100000100000100001100001100001100000100000100000100001100001100000100000100000100000100000100001100001100
000100001100000100001100000100000100000100000100000100000100000100001100000100000100000100000100001100000100001100001100000100001100001100001100000100000100000100001100000100001100001100001100
000100000100000100001100000100001100000100001100001100001100000100000100000100000100000100001100000100001100000100001100001100001100000100001100001100000100001100000100000100001100001100000100
000100000100001100000100001100000100001100000100000100000100000100001100000100001100000100001100000100000100001100001100000100000100000100001100000100001100001100001100000100000100000100001100
000100000100000100001100001100001100000100000100001100001100000100001100000100000100001100000100000100000100000100000100001100001100000100000100000100000100000100000100000100000100001100001100
000100000100000100000100000100000100000100001100000100001100000100000100001100000100001100000100000100001100000100001100000100001100000100000100001100001100000100000100001100000100000100000100
000100001100001100001100001100001100000100001100000100001100000100000100001100001100000100000100000100001100000100001100001100000100001100000100001100001100001100001100000100000100000100000100
001100000100000100001100001100000100000100000100000100000100001100000100000100001100000100000100001100000100000100001100001100000100001100000100001100001100000100000100000100001100000100000100
000100001100001100001100000100001100001100000100001100001100001100000100000100001100000100000100000100000100000100000100001100000100001100001100001100000100001100000100001100000100000100001100
001100000100000100001100001100000100000100000100000100000100000100000100000100000100000100001100001100000100000100000100000100000100001100001100001100001100000100000100001100001100000100001100
000100000100000100000100001100001100000100001100001100000100001100000100001100000100001100001100000100001100000100001100001100001100000100000100001100000100000100000100001100000100000100001100
001100000100001100000100000100001100000100001100000100000100001100001100000100001100000100001100001100000100001100001100001100001100000100001100001100000100001100000100000100001100000100001100
000100000100000100000100000100001100001100000100000100000100001100000100001100000100000100000100000100000100001100000100001100001100001100001100000100001100000100000100000100001100001100001100
001100000100001100000100000100001100000100000100001100001100000100001100001100000100001100000100000100000100000100000100001100001100001100001100000100001100001100000100000100000100000100000100
000100001100000100000100000100000100000100001100001100000100001100000100000100000100000100001100001100000100000100001100000100000100000100000100001100001100000100000100000100001100001100000100
001100000100001100000100001100000100000100000100000100001100001100000100000100001100001100000100000100001100000100001100000100000100000100000100000100000100000100000100000100001100000100000100
000100000100000100000100000100000100000100000100000100000100001100001100000100001100001100000100000100001100000100000100001100000100000100000100001100000100000100001100000100001100000100000100
000100001100000100000100001100000100000100000100000100001100000100000100001100001100001100000100000100000100000100000100000100001100000100000100000100001100000100000100000100001100001100001100
000100001100001100000100000100001100000100001100000100001100001100000100000100000100000100000100001100001100000100001100001100001100000100000100001100001100000100001100000100000100001100000100
000100000100000100000100000100001100001100000100000100000100001100000100001100000100000100000100000100001100000100001100000100001100001100000100000100000100000100000100000100001100000100000100
000100001100001100000100000100000100001100001100000100000100000100001100000100000100000100000100000100001100000100000100000100000100000100000100001100000100001100001100000100000100001100001100
001100000100000100001100001100001100001100000100000100000100000100000100001100001100000100000100000100000100001100000100000100000100000100000100000100001100001100001100001100000100001100000100
000100000100000100001100000100000100001100000100001100000100001100001100000100000100001100000100000100001100001100001100001100000100000100000100000100000100000100000100000100001100001100000100
001100000100000100001100000100001100000100001100001100000100000100001100000100000100000100000100000100000100001100001100001100001100001100000100000100000100000100000100000100000100000100000100
000100000100001100000100000100000100001100000100001100000100000100000100000100001100000100001100000100000100000100000100000100000100000100000100000100000100000100000100000100000100000100000100
000100000100000100000100001100000100001100001100001100000100000100000100001100001100000100000100001100000100001100000100000100001100001100001100000100000100000100000100000100000100001100000100
001100000100000100000100001100000100000100000100001100000100000100000100001100000100000100000100001100001100000100001100000100000100000100001100000100001100001100001100000100001100001100000100
000100001100001100000100000100000100000100001100001100000100000100000100000100000100001100000100000100001100000100001100001100000100000100000100000100000100000100001100001100001100000100001100
000100000100001100001100000100000100001100001100001100000100000100000100000100000100000100001100000100001100000100001100000100000100000100000100000100000100001100000100001100001100001100000100
000100000100001100000100000100001100000100000100000100001100000100001100001100001100001100000100001100001100000100000100001100000100001100000100000100000100001100001100001100000100000100000100
000100001100000100000100001100000100001100001100000100000100000100001100001100000100000100001100001100000100001100000100000100000100000100000100000100000100000100001100000100001100000100001100
000100001100000100001100001100000100001100000100000100001100000100001100000100000100001100000100001100001100000100000100001100001100000100000100001100000100000100001100000100000100001100000100
000100001100000100000100000100001100000100000100001100001100000100001100000100000100000100000100000100001100001100000100000100001100001100000100001100000100000100001100000100000100001100000100
000100001100000100000100000100001100000100001100000100000100001100001100000100000100001100000100000100000100000100000100001100000100001100000100000100000100000100001100000100000100000100001100
000100000100000100000100001100000100000100001100000100001100000100000100001100000100000100000100000100000100000100000100001100000100001100000100001100000100001100000100000100000100001100001100
000100000100001100000100000100000100001100000100000100001100001100000100000100000100000100001100000100000100001100001100000100001100000100000100000100001100001100000100001100001100000100000100
000100001100000100000100000100000100000100000100001100000100001100000100000100001100000100001100001100000100000100001100001100000100000100001100000100000100001100001100000100000100000100001100
000100000100001100000100001100001100000100000100001100001100000100001100000100000100000100000100001100001100000100001100000100000100000100001100001100000100001100001100001100000100000100000100
000100000100001100001100000100000100000100001100000100000100001100000100000100000100001100000100000100001100000100000100000100000100001100000100000100000100000100000100001100001100001100000100
000100000100000100000100000100001100000100000100001100001100000100001100001100000100000100000100000100000100001100001100000100001100000100001100000100000100000100001100000100001100000100000100
000100000100000100000100000100000100001100000100000100000100000100001100001100001100000100001100001100001100000100001100001100001100000100000100000100000100000100000100000100000100001100000100
001100001100000100000100000100000100001100001100001100000100000100000100001100000100001100000100000100000100000100000100000100000100001100001100000100001100001100000100001100000100000100000100
001100001100001100000100001100001100000100000100000100001100000100001100000100001100000100001100000100001100000100000100000100001100000100000100000100001100001100001100000100000100000100000100
000100001100000100001100001100000100001100001100000100000100001100001100000100000100000100001100001100000100000100000100000100000100001100000100000100001100001100000100001100001100000100000100
000100001100000100000100001100001100001100001100001100000100000100001100000100000100001100000100001100000100001100000100001100000100001100000100000100000100000100000100000100001100001100001100
000100001100001100000100001100000100000100000100001100001100001100000100000100001100000100001100000100000100000100000100001100001100001100000100000100000100000100000100000100000100000100000100
001100000100000100000100000100001100001100000100000100000100001100000100000100000100000100000100001100001100000100000100000100001100000100000100001100001100000100000100001100001100000100000100
001100000100000100000100000100000100001100000100000100001100000100001100000100001100001100000100000100000100000100000100000100001100000100001100001100000100001100000100000100001100001100000100
001100001100000100001100000100001100001100000100000100001100001100001100001100000100000100000100000100000100001100001100001100000100001100001100001100000100000100000100001100000100000100000100
000100000100000100000100000100001100001100001100000100001100000100001100001100000100000100000100001100000100000100001100000100000100000100000100000100000100000100001100000100000100000100000100
000100001100001100000100000100000100001100001100000100000100001100001100001100000100001100000100000100000100001100000100000100001100001100001100000100001100000100001100000100000100000100001100
001100000100001100000100000100001100000100000100001100001100000100001100000100000100000100000100001100001100000100001100000100000100000100000100001100000100000100000100000100001100000100001100
000100001100001100001100000100001100001100000100000100000100000100001100000100000100000100001100000100001100000100001100000100000100000100001100001100000100000100000100001100000100001100000100
000100000100000100000100000100000100000100000100000100000100000100001100000100000100000100001100001100000100000100000100000100000100000100000100001100001100001100000100000100000100000100000100
000100001100000100000100000100001100001100000100000100000100000100001100001100000100001100000100000100000100000100000100000100000100001100001100001100000100000100000100000100000100001100000100
000100000100000100001100000100000100001100000100001100001100001100000100000100000100000100001100000100000100000100001100001100000100000100000100001100001100000100001100001100000100000100000100
001100000100000100000100000100000100001100000100000100000100001100000100000100000100001100000100000100000100000100000100001100000100000100001100000100000100000100000100000100000100000100001100
001100000100000100000100000100001100000100000100001100000100001100001100000100000100001100001100000100000100001100000100000100000100001100000100000100000100001100000100000100001100001100001100
001100001100001100000100000100000100000100001100001100000100000100001100000100001100001100000100001100000100000100000100000100000100000100000100000100000100000100000100001100000100000100000100
000100001100001100000100001100000100000100001100001100001100000100001100000100001100001100000100000100001100000100001100000100000100001100000100001100000100000100001100000100000100000100001100
001100001100000100000100001100001100000100001100000100001100000100000100000100001100000100000100000100000100001100000100000100000100000100000100000100000100000100000100000100001100000100000100
000100001100000100000100001100000100001100000100000100001100000100000100000100000100001100000100001100000100001100000100000100001100000100000100001100000100001100001100001100000100001100001100
