010000010000010000010000010000010000010000010000010000010000010000010000010000010000010000010000010000010000010000010000010000010000010000010000010000010000010000010000010000010000010000010000
010000010000010000010000010000010000010000010000010000010000010000010000010000010000010000010000010000010000010000010000010000010000010000010000010000010000010000010000010000010000010000010000
010000010000010000010000010000010000010000010000010000010000010000010000010000010000010000010000010000010000010000010000010000010000010000010000010000010000010000010000010000010000010000010000
010000010000010000010000010000010000010000010000010000010000010000010000010000010000010000010000010000010000010000010000010000010000010000010000010000010000010000010000010000010000010000010000
010000010000010000010000010000010000010000010000010000010000010000010000010000010000010000010000010000010000010000010000010000010000010000010000010000010000010000010000010000010000010000010000
010000010000010000010000010000010000010000010000010000010000010000010000010000010000010000010000010000010000010000010000010000010000010000010000010000010000010000010000010000010000010000010000
010000010000010000010000010000010000010000010000010000010000010000010000010000010000010000010000010000010000010000010000010000010000010000010000010000010000010000010000010000010000010000010000
010000010000010000010000010000010000010000010000010000010000010000010000010000010000010000010000010000010000010000010000010000010000010000010000010000010000010000010000010000010000010000010000
010000010000010000010000010000010000010000010000010000010000010000010000010000010000010000010000010000010000010000010000010000010000010000010000010000010000010000010000010000010000010000010000
010000010000010000010000010000010000010000010000010000010000010000010000010000010000010000010000010000010000010000010000010000010000010000010000010000010000010000010000010000010000010000010000
010000010000010000010000010000010000010000010000010000010000010000010000010000010000010000010000010000010000010000010000010000010000010000010000010000010000010000010000010000010000010000010000
010000010000010000010000010000010000010000010000010000010000010000010000010000010000010000010000010000010000010000010000010000010000010000010000010000010000010000010000010000010000010000010000
010000010000010000010000010000010000010000010000010000010000010000010000010000010000010000010000010000010000010000010000010000010000010000010000010000010000010000010000010000010000010000010000
010000010000010000010000010000010000010000010000010000010000010000010000010000010000010000010000010000010000010000010000010000010000010000010000010000010000010000010000010000010000010000010000
010000010000010000010000010000010000010000010000010000010000010000010000010000010000010000010000010000010000010000010000010000010000010000010000010000010000010000010000010000010000010000010000
010000010000010000010000010000010000010000010000010000010000010000010000010000010000010000010000010000010000010000010000010000010000010000010000010000010000010000010000010000010000010000010000
010000010000010000010000010000010000010000010000010000010000010000010000010000010000010000010000010000010000010000010000010000010000010000010000010000010000010000010000010000010000010000010000
010000010000010000010000010000010000010000010000010000010000010000010000010000010000010000010000010000010000010000010000010000010000010000010000010000010000010000010000010000010000010000010000
010000010000010000010000010000010000010000010000010000010000010000010000010000010000010000010000010000010000010000010000010000010000010000010000010000010000010000010000010000010000010000010000
010000010000010000010000010000010000010000010000010000010000010000010000010000010000010000010000010000010000010000010000010000010000010000010000010000010000010000010000010000010000010000010000
010000010000010000010000010000010000010000010000010000010000010000010000010000010000010000010000010000010000010000010000010000010000010000010000010000010000010000010000010000010000010000010000
010000010000010000010000010000010000010000010000010000010000010000010000010000010000010000010000010000010000010000010000010000010000010000010000010000010000010000010000010000010000010000010000
