01001101101111000111111011010111
01101011001110010010111111110111
10101001110001000110000111010110
10000101101111011101010111001111
00100110110000010001001010111010
00100011111001011111001111001110
11110111101001101011010001000010
10101011110010011110110101110110
11111101011111001001001110001111
00011011000111001111111100100010
00111001011110010000110000010011
01000110000110101100111011100101
01001111001100111001110111010111
01111001010100110110111101001111
10110101101010010010011000110001
11011010010011101111101100001010
11111111110000101100101100000000
10111100011000111001111100011000
01000001011011111000010011011101
00011110110110100111100010111111
11011001100100011111010001111101
00000110001110010100110001010010
00110111100101110100100011010110
00110110001100101100011101010110
11101000000101001011010111010101
10011111110111010110001111001101
01010010010110101100111010111111
00010101000101101101100101111110
10110001111011011101001111000100
11101111011011001111010011110011
11011101110101010110100101011111
10110111111100111101011101101110
11101110100100000101111011010111
10111111011111101010010000111111
11100111100111110101100100000100
11100101111110111000101000011011
00010010110110101000101101111101
11111101011111111000111010101001
10011000010110110011001111110010
00011100011011111110110111010111
01110001010111101110111110101110
11101011111110101111100111100110
01011111001001111101110111011001
00011000101100111110100101000010
10110011001011100011000111001111
00111001101011111101011010011000
00110111001011110010110100101000
11001000000110010101010001011101
11100011001101110101011100001011
00001111001000111011101011000111
01111110011111010110001110011000
00101011101111101011010001110000
11100001001001001011010011001101
10001100000000111111010001001101
00001010011001101110110111011010
01100111010001001110011011100100
10111101110000101101111111000101
11011101101100110111101010001100
00101101110000000011000101010111
10001111100110100011110011011010
11110000101000101101001000010010
11101111010100001011101011000111
01101011011011011110110011101111
00010100000110000001000000001011
00011000001000010110001000111110
01001100110101101010110110000000
11110010100101101011011011111110
10111111110010111000011101001100
00010011011010101100000010111011
01101110100111100011001101101011
00111111010010001011110101101111
10101000111001001100011100111110
11000101101111011000100110100110
11001100001111001000101101110110
10111011100000101111111000001011
10001100111111101100001101111101
11100111101010000010010101101101
01111110010011011011001100000011
01101110110111011010001111001011
11101111100010000101110110001100
11110000101111100111101010000001
10011001011000111101011011111001
11010100101101111100100101010001
11111101011010000010001011110010
11011011011101101100011111111110
11011001000101011111110001110111
10000011101100111111110011101011
10101111001110101011000010111110
01000001111110000011101001010110
11000001100000111000010010000001
10000110101010111000000111001110
10100001100101110011100001111111
01101111100110000111111110111001
11101101101001001110001010111111
01101010101010110111110110000011
00110010101010001111001011001100
00111100001111000110000111000001
00100001010111000000010100101001
01100110001101111111100111110110
10100110111110110111110101011011
10100000010111000001111011110011
01001110110111011000111000111011
11011101101000100001101010011101
10111111010110011110011110110111
00011011110111110101101101010011
01101101110111111101100010100101
11111010011000001101001001001101
01000001100011100110100011011110
01011011000010011111011010010101
10111111000011010011011011100010
11001011001110001011111111011111
00110110111001011001000010011111
10110100011110001100001101101101
01110100110101001101110111010000
11000001011001110001011110001010
11110001101100111111001000010001
10111010111001000110111101000111
01111101000010011111111001000010
10101001110010101111111010000011
00110001100110101101001000111111
11011110111110100101001011101001
00101101111101101011000100000011
11011111100111110111001101110011
01101111110001111011101011100101
01100101100001000101111101110000
01111001001100110111110100101001
01010001011000100011111001001101
00010010011101111001010110100000
01010011011000101001100011000100
10001101010110101001000110001111
01000011011000001111010000101100
10011011101001011111011100100010
01010010010100111001101111010111
10101011100101111110100111110110
01011101011011001011111010110001
11110001011001010011111001111111
01000100110110010111100101110111
01110011011001010111101100000011
01001101011111011100111110101011
10110101110010001011010010101001
11100110100011111000110110110111
00110101100000111110000010001101
11100110111011010101011110011111
00101111101110110101001000000001
10100001101001001110100111001101
11110111000100101110101000101010
11011111101011100000010010101110
10110101110111001000111000111000
11101111001011001000100111100111
00000101011110111011001100110001
10011101111101100011001000111101
11010001100000001100110011111111
10011001000110001110111100011010
10011111011100001101011100011001
01100100000101110101111110010111
11101010101001011100000011110101
11101110111010111100011000101111
11101110101111110110110010101011
11100111000000010101001001001010
00100110011000000100111111011101
11101000111000110110000101110101
00010010000100111110010000011011
01011100000011000110100110011101
11010001110010011110010110010011
01001101101110101011011111111000
01110010001001101000110101110001
00100001010111111111100111001100
01110100001101101011111001000100
00111010111010111110100111111100
11000101110011111111110110011001
01111100100110101100010101001111
11110010100111101110011001100101
10111110011100010110100100011010
01100111001111101011011111110000
11110010100011000100000111010111
11010100100110001101110101100100
11101011010101101111100111011100
11010101001101011110100001110010
10101010111111000000101100100011
01100001111011001001111100010101
10100100110111010000011110001101
10111000011010111100110101011100
11000001101010011111100011110101
11001011100110010011111111011101
11110010001001011111101011011100
01001011010001011110100100101011
01010010001100110101010111010001
10010111010110101100111111110001
10110011110111110111111001010101
00101010111110100111010100001000
11110000101111001110000100001110
00111110000100011001101101111010
01110100101111010101011101011111
10111100111111101010011001011101
01011001001011101010110110000011
11100011100110111100111010011001
11011001100111101001100011110011
10111010100100110011000111000111
10011001111101011101011100001011
11111111110010111111011011101001
11101010011110010000011100100000
11100100011101110111000101101000
01011000011110101100100011011010
01100111100011111011011111111110
00101010101110111110010001111000
10000001001110010000010110011101
01101001110001111010000110110101
01110011100110011111100010110100
01110010101111100110111010010011
00100110011110001101110111011110
11100111111000011011111010110111
10000011110101110111001000000111
10011000001100000001000101110100
01111110011110101110110101011011
01011011110001011011000110011110
01110000110101100010001011110100
01110111000111000011101010111101
11110001100000110010010111010010
01011100000111111100100011100110
10101001001110101101011010111111
11001101111100000101110000000000
00001111110100111101011110001100
11111110101101100010101010000111
