00000000001100110000011111101110101010101100001
00000000001100110101110000110101001111111000001
00110001101101111100111001001110100001110001011
00000000110100101001000011010000001101100101011
00000000000101000011111111001100001011011100111
00011000111110000101010101111001110100110011110
00000000000011100101010111010001101000010010000
00000000001001110000100100000101001111100110111
00000000000000111000101010010100000101000011011
00000000111010110111011010111111110101111010100
00000000111011001001101110010100011011111110101
00000000001101011101100101010000110001001011110
00000000001100000010001000001111010001100000010
00000000001100010000111001001100011010011010101
00000000001111010010010110000010101100111011111
00000000001101011010111010100011111000010000000
00000000111101100000111010101110110110001111111
00000000001110011010110101100011111011110000010
00000000001000110101010111010110000000111111011
00000000000100111111010110100101101110100100110
00000000001111100110100010110010111000001110010
00000000000111011011010010110000011111000000111
00000000001001110111101101100100101110001010010
00000000111000111111101110111010001101110011110
00000000001010100100101010111101110000110101010
00000000001111000001001001001011011101110001100
00000000111011100100010110010100000000110000001
00000000000101100001101000011110110111111110111
00000000001010010000010001101110101011110110010
00000000001010011111010011100100111001000000000
00011000111111101101100010111101110001010000100
00000000001100010000010011001100101101011110001
00000000001111011000101111100000001110110110011
00000000110111110000111111011000000100100111110
00000000001101000100100011000000010011010110001
00000000000011000011010110110100000000101110010
00000000110111111010111110001010100001110110001
00000000111011010011110101100010110010000101101
00000000001000011110100111110100100010000100000
00011000110111100111101110011100010110011001001
00000000110100011010001101010100100100110110100
00000000001011110111000100010111001010101010100
00000000001111010011111110001101101001110101101
00000000001111101000101101111010111110011011000
00011000111010001010100011100100101010110100010
00011000111111110001100000010000111000000101000
00000000000010011111101010000110000011110011111
00011000111100111001101000100001001010011100010
00000000000110011110000101111010110011011011010
00011000111111101010110101011001001010111100001
00011000111111100101101001101010000110101011110
00000000001101100110000110100010110110110111011
00000000001011101101010010101000010100010011101
00011000111110100001111011100011010110010100011
00000000001011111001100001110010001111110010000
00000000001111110001001001010111100001100100111
00000000000100000011001000110000110011111101110
00000000110100110001010000110010010001001101001
00000000001000111100100101111000101010001100001
00000000001100010111100011000010001000111100101
00000000000110110101111111011010000101001010010
00000000001100000111011010100101010001101111110
00000000110100000101101110100001010001001000011
00000000110101110011010010110011001011101111110
00000000111010000000110011110111111010001010100
00000000001000111001010110000110110101001000011
00000000001111100001110010001001110001111011001
00000000111010100010000000110100001010011100011
00000000001110010100001100011011000111110100011
00000000001000001011010100110101000010000100101
00000000111111110101000100101010001101110000110
00000000001111110101110000101000111101010111110
00000000001111110110111001010111010010011111111
00000000001010000011110101011010000001100111000
00011000111100101110000010011111010011101101011
00011000111110110100101011110011010011000011000
00000000000110000100101011000010011111101110010
00011000111011100110010100011110010110011101100
00000000001101100110000101000011011000100110101
00000000001100001001011111000101111000011001110
00000000000100101000000101101001001011111011011
00000000001111101010010101001001111010110110100
00000000110000010011011110110110100010000111111
00000000111100100111100001101001110111100100010
00000000001101111111111011000111011010000010110
00000000001110110011011011011011100010010000011
00000000001001011000110011011100101001001001000
00000000001000110000001100110001010110110001101
00011000111110010000101000010001111101101011011
00011000110101001110011011000010001001011111100
00011000111111011001111111101001101110100010100
00000000001011100010011001010100111101110101000
00000000001001110011001010000111000111011111101
00000000001100000110111110001000000100011000101
00000000001111110010000001101110110110000000011
00000000001110111011111110101000101100001000010
00000000000101010001011100101000001110100011111
00000000001000011001111110000100110101011011100
00000000001011100101010000101010000111001111111
00000000001000011000011011110101010110010000111
00000000001000110001001110110111011011000000011
00011000111011110011001111001110000110100001110
00000000111100010001010000010100001111110001010
00000000110000100011111010100000111000011010111
00000000001100000001100000000100011101001010111
00000000001110110110100010011101011001000100001
00000000001111001111001110111111101110000000011
00000000000001010011001110101111001111010011101
00000000001000000100101010100101110011011111111
00000000001111000001101111010011101110110100111
00000000110010111101001111011011000000001100101
00000000001110001100001110001010011101011100110
00000000001011101000100001111000001110010101101
00000000111001101011110100001001100111110100010
00000000001000101110000000110010010011001111111
00011000111010101011101101010101000111100000010
00000000001010101000000101001001001001101111110
00000000111011001001110001010001110101111100000
00000000001101111000100111110000010000000001101
00000000110110011101100001111100010111011000010
00000000001000010001100111111110011110101011111
00000000001100010000011101110001000110100101010
00011000111111101001110000010000100111001011111
00000000111101010110010101100111001010001101101
00000000000001010010011111101011001001111110000
00000000110000011000010000011101000001011100000
00000000001010010000110101100110111010100001101
00000000001100100010011110100111010101000101000
00000000111110011111101010101100100101101010010
00000000000111011111011011011110100011110011111
00000000001100111100011010101100111111101011011
00011010010001100011110101000001010101010100011
00000000001001011101011101110101110010010101001
00000000110011001101001111100100100100100111010
00000000110001000000101111001100110010110101110
00000000110100000000110010111011011001001110000
00000000110111011111000011011100111110100100110
00000000111111100000000011001011111010010111011
00011000111111100100110100110011100110110000111
00000000111101110111100010010111110011011010110
00000000001101111110001100111100111010010100011
00000000111000111111100011010010000111100010111
00000000110010011100110110110001111111001100110
00000000110010010001000001011001001010111110000
00000000001000110001100111011000010111010111101
00000000001110101100001110101011100001110101110
00000000001101101000001001001110110010010011001
00011000111001000011110001010111001001110111110
00000000111111101001011011110110101001011001111
00000000111001011101010001001110110100000110001
00000000000111010110101010111010111111011000000
00000000000101100010101001011111000110001110101
00000000001110010101100111011000010001101000111
00000000111010110000110000100110001001011001010
00000000001101011110100011110000000101100101010
00000000111100110101111101001110100010010001111
00000000001111111011101110010001100000000001000
00000000001001100010101100011011101001011111010
00000000110010011110101100010101011111011010101
00000000110010111000111001110111101011101001100
00000000001011011011001010010110011101100000001
00011000111011011000111001011001011110100011001
00000000001111110111110011101001011110000100110
00011000111100110011100000011111111110111001001
00000000111110100100010000001010010010011001101
00000000000111010010110111100001101110010110110
00000000110011100001110000111101110001001001010
00000000001101100101111111101000110100111110001
00000000110111011110101101110110101100101011110
00000000000111111111010101010110110100010100100
00000000001101101100101010011000011101110011011
00000000001110010011000010101010010011111111100
00000000001100100011000101100011001100000001101
00000000001011001110000111011111110101001101100
00000000001111001001010100101110011011111101110
00000000111101001011011110101010011111001001111
00000000111100111111010111100000100001111100010
00000000001010110010100011101101001010110011000
00011000111100000010110100111101101110110111000
00000000001000000100010000000010001001010100010
00000000000101000101101101001011001000101101111
00011000111110101001111101101011010011011000011
00000000001111001001101100100100101000011100000
00000000110111001011001000101010011000001010010
00000000001000001110100111111100100111011000100
00000000001100001010010000110100001101111000111
00011000111111101011100100001000010011011110111
00000000001100010010111000110110011110010011010
00000000001000100000011101000111011001110010111
00000000111000100011101011101011011111101101001
00000000001111101101110101101101111000110001100
00000000001000100010000000010010000111101001010
00011000111111010001111000111101010000100010011
00000000000100010110011101010110011110001100100
00000000111010000010101001000110110001010001111
00000000110110011010010111010000101010100100101
00011000111011011000010000010010101011100100000
00000000000111010110110011001000100100000001001
00011000111111001110100010001011000111011111110
00000000001110110110110010100111011111011000001
00000000001110010111111011100011010001001000111
00000000001111110010001000111111111000000110111
00011000111101011101010101101110001100001000100
00000000110100011000100000000101111001011011111
00000000111110110111001001100100100011010000100
00011000111111011011101110111111001000100001010
00011000111111100100101111010111000110100010100
00000000110111110001111000010101001001010001011
00000000001111101010110010111111011110111000000
00000000111000111110111010010000011010100100011
00000000001101010010101001011010001100110000101
00000000001010101110101110010100010000101110000
00000000111010111000101001000011111010110101000
00011000111111101001011011110100100001110011100
00000000001011000111010000101100000100011110000
00000000000100010010110010100011011011011001111
00000000001110011001001011001110000010101010111
00000000001101110010100110111101101010100101101
00000000001111110101100111100010001011111101100
00000000111000000110111010001110001010110011010
00011000111111010100000100000001111101010101011
00011001101001110001011100000010011111111001110
00000000001110011101011110001100110100001000110
00000000110000000011010110100101100100100111110
00000000111110100000111010001000100001000000101
00000000001101011001110100000100101110010111101
00000000001000001000111101001011100001111000010
00000000111010001011011010100001010100011111011
00000000110110000101110000110100111001101001001
00000000001010100111100001100011100011110101110
00000000111000110110101111011111010000100111011
00000000001100001100001101100001001001011100001
00000000110010111101110000001010000010101001010
00000000000110011111001011011100011011100110111
00000000001100000111101010110011110111110100010
00000000001000100011000000010001101100011000110
00011000111111000111101011001000000011101111101
00000000001101010101111100101010101010100000101
00000000110100110001101001011100000011001110100
00000000110000111111001011111010111000100010101
00000000001101100011101011001101000000000011011
00000000000100110010111110111001100010001100101
00011000111100101110001100111011010111100010011
00000000001101010111110110000011010010111111111
00000000001110111010011011000010111100011100110
00000000000111000011010001111011001011100001101
00000000110010000011000001011100000001001110010
00000000001110101000110100100000110110010001110
00000000001110001000111011100010110010101100000
00000000110000100101011110010111111100110010100
00000000111111011100111000011111010001100011010
00000000000100010100100100010001111110110010010
00000000001100111000100110010101011010011010010
00011000111111011010100000101010110001011101110
00011000111110111010100101111111110010110000001
00011000111011100101000000110111001001101001111
00000000000111001000111101010100100000001001110
00000000111000100110100100110110000011011110110
00000000000011001110001010110001100011111110110
00000000001110000110110101100111100111010111010
00000000001101101110100010111001110011101000100
00000000001000000010111100010100100100100101101
00000000001010001000110001010110101010111110100
00000000001100110001001011101110101101111001011
00000000111010001100101011001001011000110010111
00000000001000111001111100110101100110100001111
00000000110001110100110111001110100001001110001
00000000001011110000101111100111100000111100000
00000000000001101111001001100001000100110001001
00000000001111010000100111111000101000101000101
00000000001010110011010100110110000100110010100
00000000001110000111100110100110011011001010001
00011000111101101011111011010001000111010101100
00000000111001000101101001100110001000111111010
00000000110001100100001010100101001100110110101
00000000001000101110100111100111100111011010111
00000000001100100000000100000110000110011010100
00000000001101001011111011101001100111110110000
00000000001000110010100001011110000000000110000
00000000001000100111001011000010010110110100111
00000000001110011010010101000000001011011111100
00000000001111000100110110011100000110110010100
00000000001111100100011111100101001111110000011
00000000110001001100101110010001011000011001011
00011000111111101011010111101110100001011010001
00000000001111110110010000011000010010110011110
00000000001010101111001000101110101111001100001
00000000001010111111110000111011101000111111101
00000000110010000000010101100010101111110010100
00000000000011100001110101111111110100100001101
00000000001011101011111010000111111011101111100
00000000000110101001101000000010101110110110010
00000000001101101010101101101010110011100101101
00000000111011100010100000011001110001100110110
00000000110000001111011010011111001010101110110
00000000001110110011000011110010001111000010101
00000000001111001101000111101100000100010010101
00000000001101110011110010011110000101101000011
00000000001101011010111110100111110011010111001
00000000001101001100110110110100101101100111110
00000000111010101110101000000101101111000011001
00000000001100101001100001111110111101111101000
00000000001101110110000101010110110100010000000
00000000000101100111011011100010110001100001111
00000000000111101001001000010101001010010100101
00000000001101011110010101101011000101001100011
00000000110001100101110111010100111111001111010
00000000000001101110001110100111101110100000000
00000000001111001001000100000111010000000101110
00011000111010001010110000000111101010010100100
00011000110010001010000010011010011011011101011
00000000110100110010011110111010110101010110011
00000000111101100101000000100011111010000111111
00000000000011101110100001110000110110000110100
00000000110111100010010001011100011000100010101
00000000001101001101111011001010111011001100011
00000000001001101010101000010011000010010011111
00000000111001000101100000001110010001010000000
00011000111010001110001011010100010100011101011
00000000001001111010101110000001111011001010000
00000000001010000010110011101111111100000100011
00000000001011100100101110101000010000110100011
00000000111010110011001001110110000111001001100
00000000110011100011010000101100000001100101101
00000000110110110110001101000100010011000110110
00000000110100100010001110010100001101011111010
00000000001101001110100110010101101010011011110
00000000110011001110011110010110101000011111101
00000000000111100000111001100100100011111110101
00000000001101001000110101011011000000100100110
00000000001001000001011100101011010000010111101
00000000001010100111100101001000001011010110110
00011000111111101001000001101001010101000101010
00011000111111101000101111111000010110011100100
00000000001011101001010100010110000110001001100
00011000111110011001001011001011110011001111001
00000000000101000010000010010110111111100011101
00000000111000101001100011001111110100000001110
00000000111110101000011100010110101010101100110
00000000000100111010111011111000101111111001010
00000000001101110111000000000011111001111110110
00000000001000101001100110010100110101111101010
00000000001100101001011101011100110011010101101
00000000111010101100001111010011111001011010101
00000000001101111110101100100111110010101010011
00000000110011011110001101010111000110100101101
00011000111110000101011111001110110000110100011
00000000000110101101111011010100100000001110101
00000000001010001111011010001110000111110110011
00000000111000011110111101001010110101000011001
00000000001111111110000000100111000100010110111
00000000001010101001101100110111001100011001001
00000000001000001101010111001101000111000011011
00011000111010000010011011110110010001011101000
00000000110001111011000100010000010000001000001
00000000001111000001110100011111101010010101001
00000000111100011001010110111111010100110111101
00000000000101111101111100101011111111000011100
00000000111111110011110110110111101000101000000
00011000111110000101111111110100111011101001001
00000000001100110001011011001000101101100010100
00011000111011101100100110110101111110000010011
00000000111011001011100010101000101010111100011
00000000111101111011001000100110000110001011011
00000000000010101101100100010110001110100111110
00000000110110001100101111000110111111000011010
00000000001111100011110011110101000000100101011
00000000001101111100010100110011110101101000001
00000000000100110001100101000010011001001000000
00000000001110001111000001111010010010110000001
00000000001000110111100000000101100001001001000
00000000110001110011101001011001110100010010010
00000000110100101001111011011111010111001001100
00000000000111010011100001111101110010000010111
00000000000100011110111100101010011011111101010
00000000000111000101011010101111000110000010101
00000000001101000001010111001100101000011011111
00000000001000000011111111011111100110101111101
00000000111111001100101000100001011111001111001
00000000001110110001001010110100010111001010001
00000000111100011010100110000100011001101111111
00000000001101011101000110101111100011110001001
00000000111011010110110000111100010111110000000
00000000110010011100100111010101001011100100111
00000000001111111100111100110100001111110111101
00000000000011100011110010010110100010101111001
00000000001101100101111000011000111010011001000
00000000110101110100101100101011100001110010001
00000000001100101000001100010110110110111010100
00000000001110001110000110010100110011000110010
00000000111111010100111001100111011101011000111
00000000001001011010100010011111110000001000110
00000000000110101101111110100101111001100000011
00000000001100100011001010000111000101000110100
00000000110000101010110001000110100010110000011
00000000110110111110001001110100100111000001011
00000000111000001011000101010011001101110100010
00000001100010110011000111111011011110011100000
00000000001110100110110011111010010010100100100
00000000001101011011100011101110100011010001101
00011000111110001110011000111101101100110000110
00000000001111000101100010110001110110111111001
00000000001011110011101011000100000111010001100
00011000111111000001010010110100111111110101110
00011000111101010111011101110111101111110001001
00000000001111001111011110000000011001100010100
00000000001111011100100100110111100100011001110
00000000001111011000000000011100100010100111110
00000000001100100011001000100110101111100110000
00000000001011010111101110000101111010100011010
00000000000101001110100100010001111101011001010
00000000110111011010001000100100010010001111111
00000000001011011010011001111001110111100101010
00000000000111111011101010100110111010000101111
00000000110110001010010111110000010110000000101
00000000110010011011111101111110010001000011100
00000000001111000001111101011011010011011101100
00011000111111111111000001010111011100011001010
00000000001000000011000011011000101100100011101
00000000001101010000100011010101010001100000110
00000000001100111010100111000011110001011101001
00000000110111000011111011011001000100110101100
00011000111111101101000111011101011110011101110
00000000001011110100100110101101000110001110110
00000000110001010101101100101101001110000011011
00000000000100011101100001111000011000011111110
00000000001111110110000011001000000100001111010
00000000111110110001101010001011011001100111010
00011001101100011100111111111100011101000011100
00000000001111001010100110111000101001110001010
00000000001101110110001110101110011100100010011
00011000111110110001110110001011001010010000001
00011000111001110100000010000011000101000011011
00000001100101111111110000101100000000001000000
00000000110011110000111101010001100000000111010
00000000110011001000000110100110110010011011010
00000000001000011011000111111111101100111100111
00000000111001111100011010011010001011001011101
00000000111100111010010101111111010000101110101
00000000111000000110001001110100001101110001010
00000000001011001001111111011110000000000100111
00011000111110101001111111110111101001010111000
00000000001001000000011110010111011000110000001
00000000001110100101101110100110011111011111110
00011000111100101001010000111000000010111000010
00000000001111110100000001001011111011111000001
00000000111100011100110010111011111110111000011
00000000001101110001100000100101101100101010001
00000000001110011001010001011110100111010111110
00000000001110111001010110010101000011101001011
00011000111110001010010000010000011100000001001
00000000001101001001101010010100011100111011100
00000000111010110110100011000000011011100111100
00000000111011011101011111001101011010100100111
00000000111101010110100110000101100001101100101
00000000000101010010001101011011010000101011100
00000000001101001111101100011101001011011001001
00000000001111110001011101110100101010000010100
00000000001110000111001000100110010000000010100
00000000110000010100101001011111111101010110111
00000000000100101101101100011110101000111101111
00000000001101011111111101100110000100110001111
00011000111110110011001111001101110001000001010
00000000110110100010100011101110001111000101111
00000000001100011010101000101101101110011001111
00000000111010001011000101010010011000111110000
00000000001100110111011101010101111010110110111
00000000110011001100011000110110111111110001110
00000000111100110010110011000010010110110111100
00000000110011001001011010001010010010110111111
00000000001000101011110010101011101001000110110
00000000001101001011110100100010111101110011111
00000000001111100001100111001011011000000010011
00011000111111010111110101110010001001000110111
00000000111110111000110000111000000111011000100
00000000001110111010111101111011111111000011101
00000000001001001011100010011011110110010000100
00011000111100100011111101010110111101011000001
00000000000100111100110100011011001011101001110
00000000001001000011011010101111011010101001001
00000000001001001000001110111000101111110101110
00000000110010001100100010001100110111100110000
00000000001010000010010001010101011011111011001
00000000001111011010111001010000111111101001110
00000000001111100101110110110011111001000110111
00000000001010111011100100010101010111010001110
00000000001110111110011100000010000100001101100
00000000001010001000111100100000111101110000101
00000000001110011001110110100111011010100011011
00000000000111001000111111100100101100000111101
00000000000111110100010010110001010111110000010
00000000001111011011010010010111001111111010000
00000000001100010100100010000101100101101010011
00011000111110001011101011101100001100000000011
00000000001001011111011101010000001011001111111
00000000110101000010110001001001110011111011110
00000000110000011001010001011010000111010000111
00000000001111000111110000010000001001010010111
00000000001110100000010110000100100110110110001
00000000111101001101011000001111010000010100111
00000000001100101001100011111000000011010111101
00000000000010101000000000011110111110111001000
00000000001001000110010101100101111110101010010
00000000001101001010010111111111011100100010111
00000000000111111100001010101010001100100111001
00000000001011011101000101010111110111001011111
00000000001101111011001011010001001111011010100
00000000001110100101000001000111111001111110101
00000000001110011000011100001001111110100100011
00000000001100101101000011100001001101000000110
00011000111111011011010001010011111111001001010
