00000000000001010100001111001110011110110000011
00000000000110110010011000010110001111000001000
00000000000000111111111111100011110111110110100
00000000000100010010101100101001000111010110110
00000000000001110010010111011100110100101001101
00000000000100011011000010101101111111011111110
00000000000110101100000010001100010001100010011
00000000000000101000100001000011000001100111111
00000000001000010011001011101011101000101100101
00000000000001101101000100110100011000010001101
00000000000001000101101111110011100110100011010
00000000001010011101011010100100110011110101101
00000000000010000011010000010011100100010111000
00000000000100101111011110010001101001011111000
00000000000101000000010101101100101100110000101
00000000000001101110011000110001100101100011001
00000000000011101110011010111000011110011001001
00000000000100000111100110111001001111011010010
00000000000010000111000001001010001001000010000
00000000000000110011001000100001011110101100110
00000000000011000101101010100010100100111101100
00000000000000010010010001101100111110011111100
00000000000001101000011001001101001000110101010
00000000000010111101101010001101010100100000010
00000000000000001110010100111110000000011100000
00000000000010010101000000001010011001011110100
00000000000001111000001011011000010000111110010
00000000000100010110001001010001010111101010011
00001000010101101000110011110110010110011100001
00000000000010100101110111010101010000001011101
00000000000000011001100110000110010001100100010
00000000000110011011011011001101111110111110111
00000000001101001010011101111110011110010011101
00000000000000111100010000011100111000101010011
00000000000110100010111100111001000110000110100
00000000000000010000101000100010011010000011001
00000000000000111110111110111101110010111101101
00000000000001000111011010110001010000101011010
00000000000010101100011010010010111011111001101
00000000000110001010010011110011101010101111110
00000000000100001110100101110010111110100000101
00000000000100100101111001010100111111100011110
00000000000010100001011011100101111010001001101
00000000001000110011100000001011011111110111100
00000000000001011011000001001010000000100110100
00000000000000110000011111010110010000100101110
00000000000111110000101000000100000011001011010
00000000000010010011010111010111100011000110110
00000000011011101100010101100000101001101010010
00000000000010111110000001011011101111001100001
00000000000100111101011100110110001010101010101
00000000010011001011111101100010001100010011111
00000000000101010100111011101111010101101001100
00000000000000010001001000000100001100011110000
00000000001000101100010111010111100101011111101
00000000000011110000001110000010001110110001000
00000000000100011010001011011011101110011011101
00000000000001110111110011111100010100010010011
00000000000100000110010000011000011110111011100
00000000000001111000101010101111111111010100011
00000000000001000000010010011000011001101011000
00000000000110010100000110101111011101100000101
00000000000010111100101001001001100111110010010
00000000001001100110010111101100100110010001011
00000000000001000000110101000110100100010011101
00000000000000111000110110100001111100000000001
00000000000000011111111101011110111000000001101
00000000000010110001010010000000010010110011110
00000000000010001000100011100110011110100110001
00000000000010011111000010001100010110101110001
00000000000110011100100000100010110110011111111
00000000000100011100111011010100110011110111111
00000000000110000101001100000000010101100010010
00000000010111000001100011111011010101010110100
00000000000010101011111000010010010000010100000
00000000001000101101010000000101110000110110010
00000000001010101000011001011010000000011000101
00000000000000010111001000110010100010101111111
00000000010100011010101011111001010000111101011
00000000000001111111100110100110111000110101100
00000000000000110110001111111011001010101110011
00000000000100100000000110100011001000000000001
00000000001010001011101101010011010000001001010
00000000000001101010000100101011011011100001110
00000000000001010111100000101001101100011110110
00000000000001101111101101111011011111010000010
00000000000000001101010010000100000001001011101
00000000000000111000110000010001110111101101100
00000000001000111011010010010111011101000010000
00000000001010010101101100001010101110111000111
00000000000010010110101001001101111000101001111
00000000000000111000001001010000000101101101010
00000000000000000111110001111011101100100011100
00000000000110110011110000110000110110011010001
00000000000010101111111011101101011001000101000
00000000000011100000100101011000100101011100000
00000000000011011101110111111001111101110111001
00000000000000001101001101101011011000110111101
00000000000000110111100111011001110011101110010
00000000000000001011000001111101011010111101010
00000000000010111110000111100110001111010111011
00000000000000010101100111100111000000001000001
00000000000010011001011011001111111000010111000
00000000000011010010001111000000110000010000011
00000000000000000100010000100001010010001100010
00000000000001011011101101110110011101001101111
00000000000011111000101000011110110111010111000
00000000000101011011110001100011101010111000001
00000000000101100001010100011100011011001110100
00000000000011011000111111011001001010110011001
00000000000101101000011011010010011111100100001
00000000000010011001010001001000011101000010110
00000000000100001001110110101100011010110011111
00000000000001101110000110100011100100100001100
00000000000010101110001011101000100111010100010
00000000000001101101111110010010010010110011101
00000000000100100011101100111110001001010101000
00000000000000010101111000100110100000000100000
00000000000000011010000101011011100010100111101
00000000000110001011010111110100000100010111010
00000000000110001001000101101111011110101011111
00000000000001011011111001011100111011110100001
00000000000100100101100000011011101001100110000
00000000000001000101100001001011011110000000100
00000000000011100010010010001110000011011011100
00000000000011011011110111110001110110011011110
00000000000100010010011111001101101000110100111
00000000000001001001100001011011110010101110010
00000000000011010000111000000011000110010110000
00000000000010111101001010001100110011000100111
00000000000000101101000101101101100101101110010
00000000000000000010111000000100100111100101001
00000000000000111111000101111110111110011110001
00000000000010011111010110100011000111001000110
00000000000001000000100100111110011110110101001
00010000100000001100011001010111100001111111111
00000000000000100000100001111100000011111100111
00000000000000110111011010110110001111101111101
00000000000100011101010100101111000100001011111
00000000000010011001010011111000001110010010110
00000000000011000100101001110010111010111111111
00000000000111100101010000101111000101011011001
00000000001001110001011111001101111101110110010
00000000000010110111011101111010101101101001010
00000000000011001000010101010001100101110101010
00000000001010101100111100010010111101110110111
00000000000000001111111110101010111101111011000
00000000000010101110100011111010000010100011101
00000000000101101010110110100100010110010110110
00000000000011010101001111011110001010111001111
00000000001001110100000011110001011100001000000
00000000000000001111111101001101011010100110101
00000000000000000111101011001010000101111000111
00000000000011110011000000001010111100100010001
00000000000000001111110100101010110101111110010
00000000000010111011010000000101001010010111000
00000000000001001011111101001010011100001011000
00000000000010110001110001111110000010000101101
00000000000011001000100100100001010101101010000
00000000000001000000110101011011110111100001011
00000000000001001010001010000100111001100110111
00000000000001001001010111100111011100000100000
00000000000100001100100101001101010010111011000
00000000000001100111000011011000110011110001001
00000000000011011011101001100100011100100100000
00000000001110010011111010100010110000100010100
00000000000011111010100000101011110100000001110
00000000000111000111011010111010001001010001111
00000000000100010100110011101101000001010110101
00000000000001111001010110010001011010000011110
00000000000100010110100100100000110101110000111
00000000000010100111010001111111111100101111101
00000000011010100111010100010000101100111101011
00000000000000000001001011100001110100011111110
00000000000100001000101001111000110011000111111
00000000000000010111101011111100110010100100001
00000000000001000011000011001001111101111000111
00000000000000111010111110110101110010000000100
00000000000000001101011101011000000100110101110
00000000000000101101100011101111000100010101001
00000000000011001010101111001110101110111000110
00000000000001111100010001101011100010101011000
00000000000011000100010100011100011111011110101
00000000000000000001110101101101001011111111110
00000000000001001001001011110101100000100111100
00000000000101100100101110000101101100110111001
00000000000001101100101111111101100001010101111
00000000000011011101101000110101010111001100010
00000000000100010110101011101110101101101101100
00000000000001101111100011100011010011111001101
00000000000100111011101011001110110011111110011
00000000000011010001000010101100001100001001100
00000000000001100110011011101111110000011001101
00000000010110100010001000000001100000100010010
00000000001000011010101111000101110101001111100
00000000000000001100001111111111010000000100111
00000000000011010010111001110101000001001011011
00000000000010001101011100011111010100001011000
00000000010001011111101111111101010010000010000
00000000000000100000111001010000110100010001100
00000000000010001001001101100101010000010100000
00000000000011000001110001011010000000110011111
00000000001000100101000100100101000111000000110
00000000000011001010100100000100000010100110000
00000000010101100001000101011010111100001110010
00000000000010011110001101010010001011011011001
00000000000000001110100110001000010010110000011
00000000000011110100011010000000001111111010001
00000000000111111000100011001101100011100111010
00000000000000001010000111111010101111110111010
00000000001011000110101110000110011101011111100
00000000000111000110000100010010011011101111011
00000000000000001101100000011000010101110100000
00000000000011110100011001101111010010000110110
00000000000010000011101001111011110110000010101
00000000000110011000110001101000011000001010011
00000000000000110000010111110101011000111110101
00000000011000111001011110110011100111110011100
00000000001001111010110100011001010100101100111
00000000000001001000100000111010000011011101001
00000000000000101000000000010101101101110011011
00000000000000010101011001001001110000010111000
00000000000110000000001010111010100101110001101
00000000000100001001000111001000010100110110010
00000000000000100110110110010001010010110110110
00000000000010100011111101000010101111100011101
00000000000110001110000111101100010110111101010
00000000000010100001001000001100010001010110000
00000000000010110111111111010101110000110000000
00000000000011110010000100001011000010110111000
00000000000100001000011001010010100111001101010
00000000000001011010001001101011100000011111001
00000000000011111000001101110101100000010111110
00000000000010010001110111111010001001100100111
00001000010111000010000100010111101010110100100
00000000000101111011011001011110001100100011010
00000000000001001101000110011001101100000010100
00000000001111001001010001011000010101111011001
00000000000011001101100001000110101111011011100
00000000000000101100100110101011101001111111101
00000000000011101011101000111010111111100110101
00000000000000011101010111001100100010110001111
00000000000001011111100000001000010001001010101
00000000000010111110101011001000101101101010011
00000000000011110111101011111011101010010011001
00000000000001111001011011001110110101001110100
00000000000001011011001111010010001001001011111
00000000000111011100110111000100001111111000011
00000000000000110110001101111100110001011100010
00000000000001010000100110010110000011011111111
00000000000100101011110010100100100011000100100
00000000000010001111000010000111000100101111110
00000000001101011000110001010110111101000011111
00000000000000010001111100000011011011011000011
00000000001010111101000100000001001010011000111
00000000001100011100001000101001000001010000110
00000000000000001101000001010010011111100001111
00000000000100101001000010110110010011111001010
00000000000000111110101000000010110011101100100
00000000000111010101101010000011110111011111110
00000000000110000111101010000110110111111110110
00000000000010111110111101111010011111111111011
00000000000011111101110111101111011101001111000
00000000000000001111100010011000000000100000011
00000000010111111111001000100100111011111000011
00000000000001110010011001000010101100110100010
00000000000100110000110000100101101100111000100
00000000000000010101111101110000001110111100111
00000000000011100111000111111101000000010010101
00000000000010000110111011110100110011100101111
00000000000010010111111111111100001111001011100
00000000000000111101111111011011000100010010111
00000000000011001001100100111011101001000111010
00000000010010011101001111100001011101110101101
00000000000000001100101001100001100010101010100
00000000000001111101010001010000101110111100111
00000000000101101001100000100111110100100010010
00000000000100000110111101001101111100111011001
00000000000010000010010101001101001011101000001
00000000000100000001101110000110101010101110000
00000000000010111110110101001101100001010111101
00000000000100000010100001011001000001110100010
00000000001000000101100101010000111101110111100
00000000000111110101110000100101101000011101010
00000000000001000010010011110001000010110000111
00000000000000111111011010000001000110100010010
00000000000001000001011011010000000000011000100
00000000000100110111101110010100111011100100101
00000000000010010000110111101111011011011000010
00000000000100110010101011010010010001011100110
00000000011000101110001011000100101000111000001
00000000000001100001110111001111000000111001111
00000000000010010100111000001111000101100011010
00000000000100110110101111110000001100011101010
00000000000001100011000110100100000110000001000
00000000000011101101101110101010100110000110111
00000000000010010011110001100000100011000001110
00001000010100000110110111110101111111111100100
00000000000010100100110011111010101100101110101
00000000000110000010111100001011000011000010101
00000000000011100010001100001111000011101100100
00000000000111010100101111000100101000000011010
00000000000110010100000001110100000100010110010
00000000000011100000110001111001111110010000111
00000000010100110011110111011111101001110110101
00000000000011111101101100101011111100001111001
00000000000000000111010010010010101100100000101
00000000000000100111101111100101001001010100001
00000000000000001010111001011110001000111001100
00000000000010001001101010001011101000010001001
00000000000000111101001100100111111110101001111
00000000000010001000110010010110101101000011000
00000000000000011110100110101010111110101100000
00000000000000000011101010100001010101001111110
00000000010000111001010011011011001011110011111
00000000011010110000000001101000111001000000010
00000000001010110000110111001010001011010000100
00000000000101110010001110000000111110001001101
00000000001001010011010000000101010111111101111
00000000001000000110110100100101111011101011111
00000000000010101100100000111000000111010011101
00000000000001111110101111000000110011101011111
00000000001010000110001010111101001011111000011
00000000000000100101010001000100100011110101001
00000000001010110110101110111100111101000100001
00000000000010001010010001010010100000101010011
00000000001001111110110100010100010110111010010
00000000000000011111110000110111101111010111100
00000000000001111001011011000100010000011101011
00000000000010010010101100001111110011010001011
00000000001000010001100111010100000000000001000
00000000000011110001111110111100111111110011111
00000000000010000111101101101011011110010111100
00000000001000100110110000111001100111000011011
00000000000010010111100010001010100000101110000
00000000010111001010011010100110001001010111000
00000000000011001101010110101000010100011111011
00000000000001100100001100101111011001011101011
00000000000010111001101011110111001101010011101
00000000000100010000110101001001110100100000110
00000000000001010110101001101100100100111011000
00000000000111100000011001110011000000010111011
00000000000001010010010100111110101100100100101
00000000000010111100101001101100101100000101111
00000000000001110101111100011110111001001111100
00000000000011110111000111010000110011100001000
00000000000110111101010101100011001001001110100
00000000000011001010101010101111011010010010100
00000000000001101110100000001110001010111001110
00000000000100110011000110010000001101101010010
00000000000100100100001011011010010001100000111
00000000000100101000101010101111000100110011000
00000000000011101110101001101110011010010100011
00000000000000000011101001001111111100101000010
00000000001010110000000010011001001001001000100
00000000000000011000010101011010110011111111110
00000000000000111100011010111011101100101110000
00000000000101100101000011110001111110001000000
00000000001011111001001111000011110100111000110
00000000000000111000011000110011000100000010100
00000000000101011110011111110001001110110011000
00000000000110010010000100100100011000110000011
00000000000011110001101110001001001000110110000
00000000000110001110100111111001110010010100110
00000000000010101100001101010111110100010010110
00000000000000100111111101100111001010110111111
00000000000101001001010100010111111101111110011
00000000000101000110110000000000001110001001000
00000000000001100011011100000101011010100001111
00000000000101011010000101101010100010000011111
00000000000000110111101110000111110111100111101
00000000000010110011011010100000011000110001110
00000000000111101111100101110101110111100010100
00000000000010101111001001100001010010010100001
00000000000010010010011000000011000000000110001
00000000000000011001001111010011010000110011110
00000000000011100110110100100011010110101101111
00000000000010000110110000000111010101011010000
00000000001011101010111111110111011110100110000
00000000011010110011110101001001111001110101111
00000000000100110001111011101101111111111110011
00000000000010001010101110100100011101101111110
00000000000110001101001101001110110001010111111
00000000010001101111111010001111111111110110110
00000000000011010101010010100110011111101011110
00000000000110011110011110111010110100011011111
00000000000101110101101000110101100001010010010
00000000001000011010101110001000011101000111111
00000000000000100111100101100000101110001000111
00000000000001111101011111111000001000100011011
00000000000001000000100011000101010001110010100
00000000000011000111000101100000011111001010101
00000000000000001110111001000101100111110011010
00000000001010110101001111000100000011010001001
00000000000010011001000001011011010000011110101
00000000000010101111100001000011010101010101100
00000000000000011000101010111010111100000111100
00000000000011011110000001010001001101011111011
00000000000100111101010110011010011110100010001
00000000000101101000001011100000011001000111100
00000000000000001100001001101011011110110011101
00000000000000100000010101100000111001001110101
00000000000011011011000000000011010111011100001
00000000000011001110101010000010101001101011010
00000000000010111100011100100000001000110000100
00000000000001100001010001001010011010001001001
00000000000101010011111110011111111010110011111
00000000000001111111011111001110010000000111100
00000000000001010000111010101100111001100000001
00000000000101001000100111101010110000111101111
00000000000010110101000101111111111000011111111
00000000000001110101101010101010100110101110000
00000000000000100101001010000010111011111011111
00000000000001011000100110111101010111011101101
00000000000010000011001100101001011101010010000
00000000000000000001011100010000100100100110001
00000000000001011100011011010110101110001001111
00000000001011110100111010001110011001010110001
00000000000001100001100001101100000100111011100
00000000000001000011111010011100000010111101111
00000000000110110010000101010100110000100011011
00000000000000111111000100011111011011010111010
00000000000100110111000101010100011010011111101
00000000000011001111010111111000111101010011111
00000000000000000110110100101110000101110010001
00000000000110011011110100111011000010111111010
00000000000010011001011100011001011111110111110
00000000000000111010111100010110011011110000101
00000000000010110011000110000101101010110101010
00000000000000000100111101010111100110110111101
00000000000011010100101110000001110111100100110
00000000000010000100110111110011111100011010101
00000000000000111011000001110100111010100011001
00000000000100011111111100110111011001011011100
00000000000000001111010011000011101110101110110
00000000000010011000000000101001000110010100000
00000000000000110100110101011011011110100100101
00000000000010110001101010110100110111101100101
00000000001001000000001010000110110110010011011
00000000000000110000110101001100101101010100101
00000000000001110011000110110111110001001110011
00000000000110110000110000011001100111111111001
00000000000100011001010001000011100010001101101
00000000000001110000011001110100100110011111001
00000000000001110100101100101001001010100011000
00000000000001110110100000000011101000011110101
00000000000001010000100001110011000001010000101
00000000000000010011010111011001001111111001101
00000000011000001100111110111100110101011110111
00000000000111010001101010100110111001000101110
00001000010001010010111111100101001001111111111
00000000000010111010101010010111101001010101100
00000000000000111101110011101101111100001111110
00000000000000101111010011010110010001011001011
00000000000110001111101010101101010000110110101
00000000000010111011111011111000111100110000001
00000000000010011101111111111111111001111000111
00000000000100010100111011000001101111001000001
00000000000100110100011010111000100101110111010
00000000000011101110110001100111111001011110110
00000000000001111001001101111010001010000101111
00000000000000001011110010110001100111001001111
00000000000011011110001110101000110111000001001
00000000000100011100010101110101010010111110111
00000000010101010101000101110101111111111110011
00000000010110001101100010010000101101001000101
00000000000000101111011101010111101100111000101
00000000000101011111010000110011000101010110101
00000000000001100100101110001101100001011011001
00000000001011010111101110000111110111110011001
00000000000010101010101101101110100111111001011
00000000000010110101111111111101110010011100010
00000000000001011000100111001100011001011101010
00000000000100000110110011111001101011110110110
00000000000101111001011001000101000110110011111
00000000011100010011110010101001010100110011000
00000000000100001111001111000001010010001100110
00000000000110000111100100010100001001000110011
00000000001000010111110101000000110000000001011
00000000000011101010101100100111100011001001010
00000000000110100001101011111001001110011100010
00000000000000100011010101000010101100000110100
00000000000001110101100001010000110011111011000
00000000000000001010100010011000100001011111011
00000000000010111010010001110110011011010111010
00000000000010001111110011100010010100011100000
00000000000000001010001101000111110011110110110
00000000000000101100000111001101011000000111001
00000000000010111110100010001111110111101100110
00000000000000110010001001101110101010001000010
00000000011100100111010111100110010101101101111
00000000000010111000110011110010100111111011111
00000000000001001001010111011111111011101110101
00000000000010110010110011100101110010011101001
00000000000001001101110011011010001011101000110
00000000000010011101111110100010010101101000101
00000000000101101011111111011010011001101110100
00000000000110100010010001010111001101110111111
00000000000100000101101100110010101100111011111
00000000000000001001110100101110011001110101101
00001000010010111101111011011110000110110011100
00000000000001010011000101001110001000111110010
00000000000001011011100000111010000110101001111
00000000000001100100001010110100110101110000001
00000000000101100111110010100010011000100010110
00000000000011000000001010110111001010100100100
00000000000011100101001011000000100001100000100
00000000000010010001100010001111000100110010100
00000000000000100111101100001100001111011001100
00000000000010010100101100100010111001010010110
00000000000000110010001000011110001100011001100
