00000000001001011001100001100010101101000111110
00000000001111001001000010010001111001100101101
00000000000111100011010000010110101111000111001
00000000001011010111111100001100101110101000011
00000000100100101101010011010001111010010101110
00010000111000101000100011110000111011101100100
00000000001011011011111011010100011011101001100
00000000001000110001000101010100100000111010011
00001000101000101101001101010001110000110000101
00000000100100110010110001000010110010110100000
00000000000101111100101111110001001001011010111
00000000111000000001010001010011101000100010100
00000000001101001110011000111111100010010110001
00000000001111000101010101110100110011010011001
00000000001110010011101110000111011011001010110
00011000110110101110001101011010010100111110011
00010000101100101110011000000100100011000001010
00000000100101111100011101001100001011001001000
00000000110001011110101110000101000101101100110
00000000111101101001100110111011110011000101101
00011000111001010100101111011110000110100000101
00000000001010011001010100100011001000011010011
00000000101000000110100101110100111000111100010
00000000001111111000011101100111110000100001001
00000000001101110000011000001000100001100111001
00000000001110010011111000001111111011011101011
00011000111111110001101001010101101001010101010
00000000001110111101110010011011001010100101011
00000000001001110001001000001011110110101001011
00000000000000100001011111111010110111101100110
00000000001011001010011000110101000001111110000
00000000000111110111010001010011101100001001001
00000000001100010010101110101100011100101110011
00000000110010011111011011010110010110000000011
00000000111000010101011011100011110101001101011
00000000000001100001111110000101000100011000010
00000000001001001100101010011001110110001110100
00000000001110001001100100100010110010111010111
00010000111111111100001000110010000101101011110
00001000110000000111100110100000100111100101101
00000000001011111110000101010111110010101001010
00000000100000100010110101101101011101101101001
00000000001101110011011101001111101100101110010
00000000001010011110011001010000001110001100011
00000000111001110111000111110101000011100110101
00000000000011110110001101100010100100001111010
00000000001110001111011100010101110110010001010
00011000111110111000111100101100101010110100100
00000000001110110100010101110001000010011010111
00000000000001110011010000100110011001011101010
00000000110011000001110001010110111100101010111
00010000111000111101100011110111010010110000111
00000000001011100001111100101100000110111010010
00001000110000010111001000011011011001111110110
00000000101010000100111010000111111100011111011
00000000000111101100101111010100011111110001001
00000000001110110010110111010001101101010100001
00000000001111111111101010100100011100101110100
00000000001100011100101000100101101100010100000
00000000110000100001110110001100111100111111111
00000000001111010010110010110110100000001101110
00000000000011000100001000101111010111101101010
00000000001101101000111100101100011110110111101
00000000001111101001101110110100110111110011111
00011001010011001011110111011111000110000001111
00000000101100100010010011000010011010001001111
00000000001010110001111010011101001010001101011
00011000111111101111101011011011110001110101101
00000000110100101010111000100011101010110110100
00000000000111001111001110001111000010011101010
00000000101111011110001011010100001000010101000
00000000111101010010110001000100101111101001000
00000000110101001001001100000111001101101011101
00001000100111111010101111111110010100101011001
00000000001100010110011010101001101100101000101
00000000001011110000110011000000010000011011011
00011000111110101001010000010000010010000000010
00000000000111001001001001011111000100001010100
00000000101101011001010011001011111111100000101
00011000111110001111010101100011000101100100000
00000000001010110100110010101010101111011001001
00000000001110101100111011111100100110110010101
00000000001001110001100111110111110000101101111
00010000101111000010111000100110111110001100111
00011000111010011101101000101101111010011011000
00000000001111011101011110110111100111101111110
00000000100011110000001101000110101000111110011
00000000001001000010100001001111110001101000100
00000000000100000001000000110111100011000010011
00000000000011000110011000011100010001010011011
00101001011111001111000001010101010100101010001
00000000001111111010010001100011110111101111111
00000000001101010001001100110100010011110110001
00000000101000010000101011101110000110111010010
00000000001101101100101110011001110111010011000
00000000011000110000001101000100101100110010000
00000000000110000010001110000110100011100110000
00010001101101110100100110011101100101000100000
00000000001010101010111010000110111000001011101
00000000011101111101010011001010000010010011011
00000000110000101000001011010001101000001110000
00000000111010010000101011001101001000001001001
00000000001111100011001111101110110011001010111
00000000001010111000011010110101110101010110011
00000000001101101000100001111101110111100101101
00000000001000100110011000011000111100100010101
00000000001111000011010000100011110001100010011
00001000111111110000000000101010001100000101111
00000000110010101010001010010110100111110011111
00000000001111100110110000110111011011000110100
00000000001000000011011000110001001000101011101
00000000001111010001000110110001011101100100110
00000000001111000101011100101111010100111001000
00010000110011110010011110001101010011110000101
00000000100000011001011110100110100100100100001
00000000001001110001001100001100000011101111010
00000000110011001101010110001010110110010100010
00010000101011010101001101101101011111000011001
00000000111010011110011010001010011110101101110
00000000001111110010100100100001001111000110110
00000000110111001001111011011110000100001001110
00000000111111000110001011111101111001111101001
00000000001010010100111100110001100001101010101
00000000110011001001111001101111100001110001111
00000000001100110011100111000110101111000010010
00000000110111101011011011001111110000110110101
00000000001110110111110110111001111001100001111
00000000111101000010100111111010001110000001111
00000000001011111010111000011011110111110001001
00000000111110110110111100100001100110000000000
00000000001000010101100111100000011001101010011
00000000000100111101010100000111011010011111111
00000000111011010111010110011000010110011000110
00000000001011001100001101111111011110101111010
00000000001111010001001101000111001000010100100
00000000011110001010101111011011011001111100101
00000000000111010011101100001111101000111111100
00000000111001011100000111111001100010111111000
00000000101100010001100101101000001010011001100
00000000001010101101010111111111000001111011100
00000000001000000101101110001111100000110001001
00000000000011100111110101111010111001010111100
00000000001101000101001001000001101100101011110
00000000001011000011100000000110010000111110111
00000000110101001010001001011110000111010110001
00000000001110011001001000100011001111001001000
00000000001101110111110101110001100000111001101
00000000000100000101100110000010011110001010100
00010000110001011111001000111100000110111011001
00000000110111010111101111100100010001011110100
00011000111110001011010011010010101001110111001
00000000001001010100000111111001000010100100010
00000000001100111011110000011111011000001010000
00010000111000100001000011010001100011000001001
00000000001101000101000111001001101001001110101
00000000001110000000101110001011100011001001100
00000000111010111000000111110011001101110111100
00000000001100101011000010101100011110100101011
00011000111101011001110000001010000110010111101
00000000000101010111000000010001111101010000110
00000000111101010000010100001000110000000110100
00011000111111110001100010011100100000100110011
00000000001111000110110101000101110101110100110
00000000000111100110111111010001110011010000100
00000000001010011011101100111000110101001101100
00000000000101101000111110011000100001101111111
00000000001110001110110101000100110001110001110
00000000111111101011101001100101110010101000010
00000000110011110011110001011011100110110111101
00000000001101101001010001001000101110000101100
00010000110111101011001011000111111111100101101
00000000001011101011001100110001010010100111001
00000000001100101100100010100010010100101001110
00000000000110000111001001101100001011010100001
00000000000110000000111101010000011000110001011
00000000001000010101111110001111001100011010110
00000000110010000010010010000111010111010100001
00000000001110111011011011101011010110111000011
00000000001011011100110001111001101101001110111
00001000111011110101111111110001000100110011101
00001000110100100011010010110100110110001111111
00011000111101000010010110010110111000010010011
00000000111011001110111110101011011101111000011
00000000001111111010100011100011011011111011001
00000000001100111100111111110000011101000011010
00000000001111110100101111011010010011010100010
00000000001111110111011101101111100101000111011
00000000101100010010000000001101101110010100011
00000000001101101110010010101000010111010110100
00000000001101010011010100111001110001000111011
00000000001000001100101110010001110011101100001
00000000001010101110100111111110110000100111011
00000000101011110001101011110110101001010111010
00011000111100100110001110000111110101000000010
00000000101101001111111000111001000010111001011
00000000001110000011100010101001100001110001001
00000000001111001101010010001011101101010000011
00000000001100010111010000001111000100111110000
00000000110011111111101000100000010001010101000
00000000100111110011010010010000001011111101110
00000000101010110011111010100111100000100110001
00000000110101000011101110001111111000000101100
00000000001111011001100110111101010001000100010
00000000001011000111101011001101010010110010100
00000000001000111001110010000101101100011010111
00000000001010010011000000001110100010100001101
00000000000101110001010101111011011101000111011
00000000001001010010011110001100000101010011100
00000000001100101011100101101010000011101000000
00000000000101110100110101101110101001001011100
00010000110011010000110000111101101100101100010
00000000001011111001000011011100111111010111011
00000000101010011001110000001101011010010010101
00000000111100000110000111011010111110110110101
00000000101100111110001010011010111011001011010
00000000001001111000010111010001110011011111111
00000000001110011101010100111001110010010101001
00000000100001101000011110100101101101110101011
00000000110001100101110000011011010100110000101
00000000111000011110011111100100111111100010001
00000000001100011101101101101111000111110000010
00011000111010110011001001001111110011111011001
00000000001101011000001000011110010010100011000
00000000000100000000100011110000011011011100101
00000000111110000010011101101001010000010011010
00000000000101110100101110101110010000111100011
00000000000111100111000101101111000011100110000
00000000111011000101101100011111000111100000001
00000000111010010111001111010110001011100010110
00000000001100011111101001000100110110110101000
00000000001111001011010100101100001010111001010
00000000110111101111000000101101110110001010000
00000000001101111000100000010011101110101111110
00000000101010001001011010110010100000111010010
00000000001001110000011000110011001001000010001
00000000001011110000000101111101010010100110100
00000000010100001111101010111101000100101101111
00000000001010011010011011000101101010111100100
00000000001000010010001001110111111100001100110
00000000000110001001110011001011011011011100011
00000000100000000000111100001001111111011101011
00000000111111010010001001110011010100011100001
00000001101010111100000010100110000000001001111
00000000001101011111000100000000001101010010111
00011000111110001111100000010111101111001100100
00000000001001001111011001001100110011011011011
00000000011101001000101000111100010011000100110
00000000000100110000100001010010110110100010010
00000000101111000110100110011110100111111011101
00000000001110000111000100111110011011000011101
00000000001100100010101111100010011010100101011
00000000001111110110011010001110100000101000000
00000000110111011111010110000110111101100001000
00000000001010100100011111011111100000111011100
00010000111110010010001000110111001101111010110
00000000100000000000110010101011011111111000010
00000000110001101011111110010001110101000001000
00000000110000000111110001011111111100110000010
00000000001111000001001101101110101110011000101
00000000100010011001001110110110011001011001111
00000000000110100101010111000111111111111011011
00000000001110101001010000101101101011000011101
00011000111011011100111001011010100011111010011
00000000001000100011111100111010001000111001001
00000000101100100010001000010110010111000110100
00000000001000100010100111011011010010111011101
00000000111000000000001011011001010001011100101
00000000001111111100111000100110111111011100111
00000000001101010111010000001100001001100100110
00000000001111110010101110110000100100001001001
00000000000100110111101101001110000010100010011
00000000001001111111111000010111011101001011110
00000000101001111110010011011111010110010101011
00000000100011101101101111001001000001100100110
00000000001000100010000100010101110011010010101
00000000001100110110100111110110000010110010111
00000000001100100010000001010011011111011100011
00000000001000111011111001111000101001010100100
00000000001001001111100111000011001011001111100
00000000110111110001000111101011001010101011110
00000000001110111010011101111011101110111011110
00000000001010011110100110000000110010001100010
00000000000111000000111011110000111101111001011
00000000000111100001100000100010000000101010001
00000000000101001001000100001000010011101011111
00000000001111110000111010010001011101111101001
00000000001001110100000001110011101101000111100
00000000110100101111010100001000110000000111110
00000000100111000100100000011011111100100111000
00010000110001011100100101011100001010000110001
00000000110111101001100111110111001111001010101
00000000101000011101011010110110010010110000010
00000000101100111110100010001110111100111011100
00000000001101010010000010111111000010010101110
00000000001110000111101011011000010100101010110
00000000110000001010010111101011101101011101000
00000000001010011101010001111111101001010011011
00000000001110000111110110100010001111101011110
00000000001101010100010110001110100001111101011
00000000111101110011001011001011111100111010000
00000000001010100111010011001001110110011000010
00000001101110111001110100011111011000010100000
00000000110000100000011111011011101111001111101
00000000100101001110010000111000011010000001100
00000000110001100011111010110101000100001011001
00000000001001110101001010010001101101000001010
00000000001111000100011011101000110011111011001
00011000111111101111100111101011011111011101111
00000000001101110001011110111111101001110101001
00000000100111110011010111100011111110000110101
00000000001000110011001011010001001001010101100
00011000111110100010100100111111001010001101110
00000000000100011010110000010000010111011110001
00000000001111110110000011001000100000100011101
00000000110001010001000011001110111001110111110
00000000111101100011010110111100010010100111011
00000000001101011001100001001100000011010010111
00000000111010101111000001100001010111101000101
00000000001111111001100001101010100100010000110
00000000111000001110001101101111101001001100100
00000000001100010110011010000000111000101101010
00000000001010111000110110000010101010010111111
00000000001111010110111100111011000000001101011
00000000001010100011100000101000100001001011111
00000000111111010101001101010110000101010100011
00000000001111000010110100100110100001100011111
00000000110100110101001010000100100111111000100
00000000000011100100000111111111001000100001111
00000000110010110011100010111000010100101111011
00000000001101100111000010111111001100111001110
00000000100000000000101110011111111100111000011
00000000001110101010011110110101011000110000111
00000000100000011111110000000011000010110000001
00000000100011011101110111110010001110111000001
00010000101011001000010101100011000111101010110
00011000111010101100011100111101111111100001101
00000000001101010010011110101011110101001011010
00000000111011111111110001101111100011000001010
00000000111011100000001110001001010010011010111
00000000001011100001001001010101100000100000001
00000000001000000101100111011010101001100110100
00000000001100000011111001000110101001011001100
00000000110100110011100100011000110000000101100
00000000100101010100111100111101001101100110100
00000000111110111110100111011001111000111101111
00000000001110001001111111101010000001100000001
00000000001111111111000001101110001100100111000
00011000111111110110111000100010001100111011101
00000000001011100111010100011010000100000001110
00000000110001101110001110011001100000110011100
00000000001011100100000001010000001111011101111
00000000110001010101111001101010001000100110111
00101001010111110011000011011001101110000101111
00010000101000010001101100110001011100110111010
00000000001000000001110011011011011000001010000
00000000110101111111001101010011111011011001100
00000000001101110100100000001111000001001101000
00000000001110101001111110100100110011000010100
00000000001111111101111000000000100101011001101
00011000111111010001110001011011010001110011101
00000000110111100100110110011110011011010010100
00000000001000001010100001010011000010010010010
00000000111000100111100001011100000011111011000
00000000101010111110010111010000110100000000100
00000000001101111111000010100000000110000010111
00000000001000011111111010001101001010000100101
00000000000111001001100100110001101111111001000
00011000111110001101110100100110110000100010110
00000000001110111001111101010110100010110010011
00000000000100100110010010100011011101000110101
00000000100100110101110111110000010000010010011
00000000100010110010111001110111001110011000100
00000000100100111001110101011100001101101110001
00000000001111110011110100111110100110001001000
00000000110011010101001101001110111001011011001
00011000111010101100001010010011111110001100100
00011000111101011100100011100010000011100001110
00000000110111001001011001111001011011111110011
00000000001101010110110000100011111110000100100
00000000001101101010101101100101100000010011101
00000000111110111000011100001010100010011101101
00000000101011011111010000010111100000001100010
00000000001000100100100011011000010111000110110
00000000001011111001111100111010001000001010100
00000000001001111101111001101000011001101111101
00000000001111111010101100100101110110100011001
00011000110111000000000100110111000110100100010
00000000111011101010001111011111001111101111100
00000000000110111100110110101100101100101010111
00000000001110101101111101110010111101101111010
00000000111111001101101111101000111100111100000
00000000001101101100000001101001000110100010001
00000000001010001000010000111100101111001000111
00000000001010000100001001101101110111111000000
00000000001011110000100011000111011101101100010
00000000101000110011011000010000000000101001111
00011000110111011111010010011001101101000101101
00000000001101101101011111010010111001011010101
00000000000100110110001011101111011011111010011
00000000010101001101110110100010100101011000011
00011000111110100011000111001010110010101011111
00000000100000000001011101101001000010000010101
00000000111100111110011000100011001110011000001
00010000110001011110100010001110100110100110110
00000000001010101000111001100001000000111111111
00000000101100100111010011010011101101010110000
00000000001111010111110110110010100100111101111
00000000110111110000110001001111110001100101100
00000000001111011000101010101101000000101111111
00000000000111110001010100110000011100110010011
00000000111010010101100101000100011100110100101
00000000001010111011111011001110011100110000101
00000000101011000101100111011101101100101110010
00000000000011111111011111000101001110101010111
00000000111000101111110110001010001001010100110
00000000001100100101111110111001011101001001011
00000000101000011000010101100011111000001000001
00000000001100010100100011010000110101010001111
00000000001000110101010111011110100000001111001
00011000111010100001000101100010010101110110110
00000000111101001101011110001011001001010100001
00011000111011001111001001011010011101111001010
00011000111110101010111101111101100001100110010
00000000000110111001100001001100100001101011101
00000000001111010001000111101101100010111001100
00000000100001101110010110001110100001100011001
00000000111101101001101111111001000011110110011
00000000001010111001100010010111000101001010100
00000000110110010101100001101001001001111010110
00000000001110011001000110100011111110101110100
00000000001001001100011010101111101010110111101
00000000001101111001010111110110111011111111100
00000000001111111110011100001001100111101100001
00000000100010101011000010000111000010111011001
00000000001011011111111111111100110111011111110
00000000001001110111001101001010111001000111001
00000000001010111011011100110110010111011110010
00000000100101011111110100001011011100110011000
00000000001100111100100101000100110011111101001
00000000100111100101010110100101000110010100011
00010000110000010011111111011001100010000000110
00000000101000101101001011101001010101011110110
00000000001111100111011000000111100010110100001
00000000001101010111101110101010001101110001100
00011000111000011101101100100000010111111001110
00000000001100010111000011011000011011101010100
00000000100011100010001011000001010101111000101
00000000001100111010111110110010110101111111000
00000000001110010100000001100001110000011001111
00000000111001000111100000010010111010111100010
00000001011100011101011000000101100001001100000
00000000101010001110001010000010100110100111011
00000000001111001111111100101100111101001111011
00000000001101101000001001001101010110001110010
00010000110100010011100100110110000011010110101
00000000001110101011010000000111010111101010001
00000001010011000010001010100011010010001100000
00000000001111110111111100100100110101100101000
00000000000100010101010010101000010011011110110
00000000101101110110000001101001010010001000101
00000000110110000011010111101001101111100010101
00000000110000111100000000011110000100110001110
00000000001101011100010101101001110010110110111
00000000001000000101110100101001101100111111011
00000000110100100110101110111110111010100101010
00000000001100000011101000011000000001011011110
00000000000101111100000010011110010101001101011
00000000001100100001010111000110001101100000110
00000000001010011010000100111010000000000001100
00000000001110010101010010111101000011001010100
00000000001001111000111100010110001111100010011
00000000001000101000010010100011011011011011000
00000000000101111101000000010111111000101000110
00000000110000000100101000101100101001100100101
00011000111101000101101100111111010101101101110
00000000101010110111110000110010010100001001001
00000000001100001100100011000110111100110001111
00000000001100011101000111101111001111111001111
00000000001111111101111101101111011010001011000
00000000000111010010100110111011001000011001000
00000000001101110011111011100110011110010001111
00000000001110000111100110101100110111011101000
00000000100100010001011010010000100101010111100
00000000001111111110111101011011111001111001010
00000000001111101111001100110100110011011010001
00000000001111000100110000100111010100100100100
00000000110011010110101101100011011100111010001
00011000111101000101100110101010110110111010101
00000000001110101000010010000100111000010100010
00000000110101000011011000011111001100111110110
00000000001000111001001000110100101111110010011
00000000111011011000001110110101000011100101010
00000000110100110101000111110000000000101110100
00000000001111100100100100101101111011001110010
00000000001001010101001100001101111000111010011
00000000001010100111000101011001101110101110001
00000000001010110110000010110111111110111000000
00000000111111001011111110011100111111101001101
00000000001110111111110000100000111100100010000
00000000001110001111010100000110110110100001010
00000000000111001010001001110101111100010110000
00000000001100000100110111010000110110100111010
00011001101101110010111111100000011101000100011
00000000001010001110111000101101100111111010010
00000000110110001000000110110101011110010011010
00000000001101100011111100001101101111110100100
00000000001111101110111001010100100000001101101
00000000001100011100001001100110000011001010001
00000000000110001111011011011000111010100100010
00000000001110100111101001011010111101111110100
00010001010001001111100110001000111010111110000
