00000000000000011111011110101000000100101111010
00000000000010110000010000110100011001001101110
00000000000000011010010001101111010011001100011
00000000000001010010001010001011000001110101111
00000000000010111100011001011110000011001001001
00000000000000000001010011100001010110001010000
00000000001000001101010000101000011001101101110
00000000000010011000100001100011100101111001101
00000000000010110011111101100100010101111000001
00000000000001001100110001000000111000000101111
00000000001001111101011101110111010011111111101
00000000000001100010101110101001010010010001001
00000000000000101001111001100010101110001100010
00000000000100110010111010011011001100010110100
00000000000001011110101111100110010000101001011
00000000000000101101000000001001111010100001110
00000000000001011010100110110110000100101010100
00000000000010111101010001100100111000110010010
00000000000000000011010001010000101011110111011
00000000000000011011000000101011001000110001001
00000000001001001101101111000011100110010111100
00000000000010111000100101011010110010110011111
00000000000011000010010111000101001111111000010
00000000000110111100101100111011000000111010111
00000000000110010110111001100001110100111101010
00000000000011011001110101100000001011010010110
00010000100001101011111111100101011001111010010
00000000000100101110100001100011100100010100010
00000000000000111111001111010000100011010010101
00000000000110101100000000011001111001110010010
00000000000100001011000011010001001001000110111
00000000000001110010100101000011110101001011101
00000000000000000001001011100010001100101001100
00000000000001100100111100011000100101100010101
00000000000101110000000100110110011110000100110
00000000000010011001011010101110100100100001011
00000000000011010101101111110100110011110111011
00000000000011100010110000110110000110111111011
00000000000001000001111100111101100000010101011
00000000000101111000010011110100001101010110100
00000000000001110101111100011101010101101001100
00000000000001001110011111101111101000111110101
00000000000001000110111101011101100111101100111
00000000000001000001011001011111011110110010111
00000000000111011000111000010011110000110010011
00000000011111010101010110001101011111101010100
00000000000010111010110111001100101111101110001
00000000000000001100100010010011010010111100011
00000000000011111101001111101011010010110101010
00000000001001110110000111011011010000110100000
00000000000001101001000011001100101010111000010
00000000000010100101011110100100111101001100001
00000000000000010110110011010000110001000000110
00000000000000000000101100100001000000001100011
00000000000101101100101100100001100111001001110
00000000000000001100111010100101010111101110011
00000000000100110010111011000010000110110100110
00000000000001111011101111110101000110101001111
00000000000001010011100010001010010110010011101
00000000000011100111000001111010100011000110111
00000000000001110011000011000100111110101010110
00000000000000100101010100110111010111110001111
00000000000100011011000000110001101001000001101
00000000000111001010010111010001101100100101010
00000000000000100010110100001111111001001101101
00000000001001100101100010101111101101101111110
00000000000001001101111101011000110010100110111
00000000000011111111100011001011111001111001101
00000000000100110111010010100000110011110111110
00000000000100011110100000001001100100110011000
00000000000000100100101100011001000010000111000
00000000000010001010111111011011110100110101010
00000000000010001101101111110000011101011011011
00000000001001111110010000011001000010110101110
00000000000000011010110011011111000100110011100
00000000000000101110110011111101111001011100100
00000000000000000010101011101001000000110011100
00000000000011100110111001101001010011001000010
00000000000100100011001000101101100101001011101
00000000000000001000110011000111001110000000101
00000000000001000011100010001100000100110000110
00000000000100001100011001000100111011010000100
00000000001010100001111111011111011110101001111
00000000000011100010101110010001100011000100011
00000000000000011100010101111011111111110101010
00000000000111111011100011000101111101011111111
00000000000010011000000000011111100101001000110
00000000000001101000001010110111010010111111101
00000000000010110100011100000011111100010111111
00000000000101010010111100101101100010010001111
00000000000010000100000110001011111010111011101
00000000000011011101101001001111111100000010011
00000000011010000000000001110001110001101000000
00000000000000100110001001100000010100000000110
00000000000001110000011101010011101110101000011
00000000011110110000000110100001000001101001000
00000000000000010101110101011010101101011001101
00000000011110001110001100011000000001001000000
00000000000010000000100011111000001010010111110
00000000010110101001011010111100111001001110001
00001000010011000000000101000000001010011000100
00000000000001000001000011010000011101110001111
00000000000111111000101111000111011011101001110
00000000000001111101000100011001100111000011100
00000000000011110100011101001000001010101001101
00000000000100001011101111010011101010001101100
00000000000000111111110110001001010110100111110
00000000000000000011101010101000110101011110100
00000000000100011111110010011010111000001110001
00000000000010000011000001010011000000111111001
00000000000000011001111110111011111010111101110
00000000000010010011000101011001111010010011010
00000000000100010010100001110100101011101101110
00000000000000011101110111011010010001001111111
00000000000001110111000100001100101001101000110
00000000011111001000001100111101010110011100001
00000000000111001101110001010000111111101111000
00000000000000111000101000100011000111001011111
00001000010001001100111111100001011110111100111
00000000000011001001010110001101110000001100110
00000000000101010010001101110011110000001001010
00000000001000001001100011011111001011001000010
00000000000000011100100111110101011011110110100
00000000000010110011011010001000001100001111111
00000000000001000111110110011110001010001011011
00000000000111100010100100110111111001000000111
00000000000000101111111011101000011001111100011
00000000000010010011100000011100111110001000011
00000000000001000111000010100001001001011010000
00000000001100000010101101111000111100111001100
00000000000010010000111011000110101101010001001
00000000000001011110000011101111000100010111000
00000000000000101011001010000011001001100001110
00000000000110100100000011101100010001110001011
00000000000001111011100000100100111000101101010
00000000000001011100110001101101111110000010011
00000000000010010000010010000101100101000110100
00000000000000111011010111100111101110111011001
00000000000100111101110001101011100110111101100
00000000000000110101100100000001100101000100010
00000000000100110000010101010011010010000100100
00000000000000101000010001010000010110011001010
00000000000000000100101111101110100000100011101
00000000000111010010010111001110011011101010111
00000000000000101010101010111010100010111000011
00000000000010110100000011101100100001101000000
00000000000110100010000111010010000111100001101
00000000000100101100110111101001000011101011010
00000000000011011100000001000101111001101001110
00000000000001101111010001010001100010001110111
00000000000110110011010000101111111001011001111
00000000001000010111111010001101001010100001111
00000000001000100110111011100100000100011001011
00000000000011101111000000001100001010111000000
00000000000000000100001001011110001110111111011
00000000000001100000011000001010001111110101110
00000000011011011100011110010111101101110111011
00000000000000011110000010110111001101110000000
00000000000000100100011001000010000000011100010
00000000000101100000001111110011100101010001110
00000000000010110000011010110101001100100100001
00000000000010010101101100011100101010100000010
00000000000100100101111111101011001111111100011
00000000010101111011110111111000110110001101011
00000000000000011110001011001001100010100001010
00000000000101011101110111100101110001110001101
00000000000001001001110111101110111010001011011
00000000000011010110110011010100101110001100110
00000000000000010011011111111010111101111110011
00000000000100111001100100110010100000010010010
00000000001001010101110010011100101110010011011
00000000000000111000100100101011111111010100000
00000000000010000110000110011011101011000111111
00000000000001101010011001100101000100111001010
00000000000100011110111111111100010000111100111
00000000000000011101010101101111010000100100000
00000000000010011001010010000000001011010010010
00000000000001111010101110001110010011000011000
00000000000010100101011001101111011000010010100
00000000000010010111001001100110000010000010011
00000000000011100111011000000000101111100111110
00000000000011110010101010101011101100011110111
00000000000001110110011110000101011010001101110
00000000000010011000001111000110100111001100101
00000000000001110101011100100110100111011100101
00000000000011101111111100101111001100110111110
00000000000000111000100101001000011000010011011
00000000000010101101000010100110111000111100100
00000000000001001110011101101111111001100100111
00000000000111110110111001001000111111011111010
00000000000100010110100000011111001000010000000
00000000000000100110010010011110000011011000001
00000000000000110111100101110110001001011100000
00000000000011100000100110001001001111011011000
00000000000000101100010010110000001001110010001
00000000000101111110111011100110111101010111111
00000000000010000000100011100101101110100100101
00000000000010101011010001010101011100000100010
00000000000101001110100010011010001100000001010
00000000011001111001111110101001101110101001101
00000000000100001010010110000001111011010001100
00000000000011010111001001001000010001010000010
00000000000110001110100010000100010000110101000
00000000000010010010110000111011000110011100101
00000000000100010111001110101111011000101000101
00000000001000001101001011111010011111000001101
00000000000001101111111101010000100111011010001
00000000000000010111001000000110000110110001111
00000000001011001001110001001111111111001111111
00000000000000011001100100001101000011110000001
00000000000001101110001110100011111010101000100
00000000000001110011011111001000001010100011001
00000000000110010110010000101011111000000000000
00000000000000011101001111010001010011101000011
00000000000000010100110110010000111110111110100
00000000000000110010000010110111011101101101011
00000000000010000000100110111101011010111101101
00000000000100110000110101110111010101110000001
00000000000000100101010001110010101000111000010
00000000001001010110010100000111011111001010111
00000000001110001110001110000100000111000111000
00000000000010001101111010011101110000100101011
00000000000001010111000101101101010111010011110
00000000000000111001110011000101101001010000011
00000000010001001011011100010001000000000001101
00000000000100111101001111110110010010110101100
00000000000001110110011111010110101101010100111
00000000000100011101000101101111101110011111011
00000000000000000010111100010010000000100010011
00000000000100111100110100001001011100010100100
00000000011110000100110000111111100010011110010
00000000001011101011100011101110001111111011111
00000000000100000100001100011100100100011011100
00000000000010011101011010111011011101001101010
00000000000001111110011010110100100011001010111
00000000000000100000001100011011101110011001110
00000000000101000110000001000011100110010110101
00000000000010011000000101100101000101000011100
00000000000010010001001111101000011001101001000
00000000010011111011010001000001001101010011000
00000000000101000111010110010011101101010000011
00000000000010011001100001101010100010000001101
00000000000100001110000100000000011110010100001
00000000001001110110011010010011100001111010000
00000000000011101000100010111111001111001100100
00000000000010001001000110010000110111110010100
00000000000000110000001101001010000000111011011
00000000010111000001111110011111010010010110110
00000000000001101011111111111100000010011101111
00000000000000100111010011110101100101001011010
00000000000111001001100000010000110001001100110
00000000000100110000000100000011000001011110101
00000000000000101110010010001000100001000001011
00000000000011111011100010100010100000110011100
00000000000000001010001010010101100111100101111
00000000000010101011011111001011100010011100010
00000000000000011101110110101111000010000000001
00000000000100100000000100110000100011101101111
00000000000010000100010011011111001010011111010
00000000000100101111010100011000101110011110101
00000000000010101100111010000000000010100110100
00000000000000110111011100000001110110110110101
00000000000111111011010110110001100101100010010
00000000000011111111000110101010111100001010100
00000000000101100101010100101110000101001111111
00000000000100111111110100001101100111000111110
00000000000011000111110011110011011111000111001
00000000000100010100001101000110101111100000000
00000000000010000100010001101011001011001111100
00000000000001100111100010000011010000111110011
00000000000100100110001001000011000110101000000
00001000100100011001101111111110011010111100011
00000000000001011111100101100100110010001101000
00000000000010111101010001100011101100000000100
00000000101111111101000001111011101110011010101
00000000000101001100110011100111101010101111110
00000000000000010000000101111101000010111011100
00000000000011011011001010001001110000100101001
00000000000001001111101110011010000010011000100
00000000000100010111000111111011011101000000110
00000000000100110101011101100101101110111110111
00000000000000110010011010111011001111101010111
00000000000111110000101011000011010000010010010
00000000000010000011011101100010010101101000101
00000000000010001101101010001010110001000011101
00000000000011000001110011110001101110001010010
00000000000100001111110001100010111001001110011
00000000000010001010001100111011100101101000001
00000000000010001111110010011010001010011010111
00000000000110010011010110100010110110101111100
00000000000010111010111100100101101111101001011
00000000011100100111101101010100101011010011101
00000000000001100100010010100000011010100011001
00000000000000011011100110010110010100100011101
00000000001001101000000100010000110001011001011
00000000000001011011111110111110111111011000001
00000000000000100101011110100000100000100000000
00000000000000001111000110000100011011110011000
00000000000001001101111101101111011111100011010
00000000000001101101010101000001100100111101111
00000000001000100010110000101110101100101011111
00000000000000001101011111111000100110001101111
00000000011100110100101011000110000010100100011
00000000000000100000100110000001101010100111110
00000000000110011011101001011001001011100001000
00000000000011110110000000100110110100010001000
00000000001000010001110101101010111000010100001
00000000000000101010011011111001000001010101011
00000000000101100010110101000110111111010110000
00000000000010010001001011100100010000000001111
00010000110010111100110000011101111101011101101
00000000000010001001000010101001110000110111000
00000000000010100101001110001010111101001101011
00000000000100001101011100110010000101001011011
00000000000000110100001100001010101111011111100
00000000000011100111100100001100101000110000000
00000000000000001101001110010011000011011110010
00001000010011000100011110111101111001011011110
00000000000011111110010010100000000010101101010
00000000000111100000111101010110101111000010010
00000000001010111001100011011000111000000010010
00000000000001001100010000011100011100111111010
00000000000011001000010110010010010110110110010
00000000000100101111100101110001010111011100000
00000000000011001000101010010110100100101001010
00000000000000011000100000100011100111100100111
00000000011001011001111001011100111000000111110
00000000000010111001000101010000010100001001010
00000000000001001111010111001000000100001101001
00000000000010100100011110100101111101001010111
00000000000000011001000101101011001111001110101
00000000010010011111001111001110011111101101100
00000000001001100100110101011010010000001101001
00000000000100010100010011111001001000101000100
00000000000001100010100000010101111011110110110
00000000000000001110100010100010100111111001000
00000000000001101010000110101100100010010100111
00000000000011010110011100010011011101101001010
00000000000010011011000110011100101110101011000
00000000000111001111111000010001101111111110100
00000000000101110010101101111001001110110100001
00000000000101001100011010000001110010101011000
00000000000101100101010011000001100100111000101
00000000000100010101111001010000001111110100000
00000000001000010011010111001010111101100100100
00000000000010111010000111100000101001111011111
00000000000000111110000011101111010100011011110
00000000000100111011001010111101001011000111010
00000000000000000101101111000000110100000101101
00000000000111111111000110111001011101100111110
00000000001001011010011101001011000000001000100
00000000001101001010111110011000101101010001111
00000000000000111010000001000000000100110110110
00000000000000100000011001001000111101101000011
00000000000001001111000001111001010010011101010
00000000011101010001100100010011101100100011000
00000000000001100111001010111001000100011010010
00000000000111010110000001001111001001010011000
00000000000101011010010010000101000010000100101
00000000000110000111001010111010101110101000000
00000000000001100011000000010011110110011001001
00000000000111001110100001010000101101010010001
00000000000000011111110001101011000111100001110
00000000000100100111011100000011001111000000010
00000000000010110011100011001101111101001011111
00000000000110101001001010010001001011000000000
00000000001001000101100011101001000001011110010
00000000000000110111110111110101011010100111101
00000000000010101011111001100111010001110011100
00000000011111100011110000010000010101101000111
00000000000100100011010101011011011011110111110
00000000000011011101010100100011001010111010000
00000000000010110110101001101011111110111101101
00000000001010111101100010100011011000111001010
00000000000001000101000100001000010000100011001
00000000000100110001101111100000110001101101011
00000000000001010011011111000110011111110101001
00000000000110011110011011011010101100011110010
00000000000011011100111110110011010010011011110
00000000000010010000011010011101111110000001110
00000000001100000001100001011110111010000000110
00000000000010011010000101100010100110001101100
00000000000010001101000001010011001101101000001
00000000000001010010001111100001001101010101010
00000000000000001000101011001101110100011100111
00000000000010101111010001100001000100010001011
00000000000100101100100111100100100010111111101
00000000000000010101111001001100000100000100011
00000000000010111100000011010101100000010110100
00000000000110101000110011100011001000010001101
00000000000001101111000101011000111111000110101
00000000001000110110100011110100101111010000110
00000000000001110111001101111100101010010001111
00000000000000101111111001001110101001001010101
00000000000100110011100111101011010110100011010
00000000000000101001001100100011001100010011010
00000000000110001010001011011111010100010111101
00000000000010001110000000101110010101000010101
00000000000011001010001011011101010001101011000
00000000010011010111000011110011011101100111110
00000000000000010111000111100100111100000111100
00000000000010101111101000100100000101101011111
00000000000101100000001111010001001011101001011
00000000000001000111001100110111110001011100000
00000000000010100000101001001110111110000100000
00000000000010111100010111101001101111100111010
00000000000110000000011111101010101010110011101
00000000011111011100010101101001101000000010100
00000000000010101100000011000000010001111001010
00000000001001101011111110111110010101010110100
00000000000010110100110110011111010000000110100
00000000000011000000001101000010100001011000010
00000000000011111010110000110100101100000110101
00000000000111001000011111001100010010111111000
00000000000100111110010111110010110010000111100
00000000000000111110110000111001110000001111110
00000000000100110000011100011101101111110110010
00000000000110011010001100111111111110110011110
00000000000100110001001011111000011110011000000
00000000000011011011100101110101111001010100010
00000000001000001000011110010000100110011000101
00000000000100010011101000001111110010110100101
00000000000100010011111111101010010111100110100
00000000000100100010001101010101111110110111100
00000000000010000110000000101010010101010010001
00000000011010100110010010001000010001101111001
00000000001000100000110011111101110101101000011
00000000000100010001010001010101011011000111110
00000000000100010001010100001111101111000110100
00000000000110001110100110111100001011000100001
00000000000001000110111001001111001010111110111
00000000001000111000000000110100010110000011010
00000000000000101111000100010001100100100001110
00000000000000001000101100000111110110001000111
00000000000010010001110010000101011101001100001
00000000000010110010010111000111001000001001110
00000000000000010010000101001010110000011111000
00000000000001001110101001111111101100110101001
00000000011000001010001000111010001111010101111
00000000010011000000001010101100000101001111110
00000000000000110001110001010101111001011001000
00000000000011100010001010100000101011011011010
00000000000000001100011110000111010111111100111
00000000000100000011111101110101111011100101111
00000000000101011010100100101101100000110001000
00000000011000001000000000000010100000010101111
00000000000001010001011111100011101010010001101
00000000000000010110100110100110010111111001100
00000000000011100010110110010000010010110100000
00000000000111011000011010101111011110101111111
00000000000010101100010100001001010111110011011
00000000000010101001010001101110111110100010001
00000000000010000110111001001001100000010010010
00000000000001010111101110010110110000110011111
00000000000011100011011101100010000101111011000
00000000000000100100100000100100010101101100111
00000000000100011110011111101011111111000101001
00000000000001010001110001001011100000111110100
00001000010001100101010010111110110100110101001
00000000000011101100101001101101111010011111110
00000000000011111010100111111011101111100011101
00000000000100100110010001001011010111110110100
00000000000011001001001110100011001010111010100
00000000000001101101000100110101011011010000000
00000000000000110011000000000011110000111000010
00000000000000000110001001101011010011101111000
00000000000001100111000111111111000100010010111
00000000000110010011100111001011101111111010111
00000000001000110101010010010011111011111100111
00000000000000100110001110010111101111010111011
00000000000010111101101001111001101101111011101
00000000000011011110010001011110110101111100101
00000000000100011110110101110101100100011011011
00000000000100011101000111001110001010111110110
00000000000000111110111111111110011101101001110
00000000000100010111101101010101111101110011100
00000000000011001101100000110000001100010110010
00000000000001010100100101111101011101100110101
00000000000000011110101010011001110001010100110
00001000101010011101110011100001100011111001100
00000000000011100100110000101100000100111000001
00000000000011011101101010101010001101000001010
00000000000100011111101101000110100101011100111
00000000011100000010001110110000110000001000000
00000000000011011000001110001011111101100010010
00000000000100011101100101001010011110100110001
00000000000110010010110000101100101110010000010
00000000000000100000101101101010100010011010100
00000000000110001011110010000001101100111010001
00000000000000010000101000100011110010001010001
00000000000010100100000010000001101011001111101
00000000000010001111000100101110000011101001011
00000000000001000110011000110110110101010101001
00000000000100101010010010011111111110000110000
00000000000011100001001010101101000111101110001
00000000000010110011100111101100011110110001001
00000000000001110011100010011100100111110010111
00000000000010001110000100101101101100001010011
00000000000000000001011000010111110100101111111
00000000000011011100101111000111100101010101100
00000000000110111101110011111010101111010011101
00000000000000100101110111100000110001000011000
00000000000010110110111011100011001000100100100
00000000000011010100010100000111111100000100001
00000000000000000101101100010011110000110111010
00000000001000010000010111110110100100000010111
00000000000100110111101000100001110111110110101
00000000000010111110001001101101001011110001101
00000000001100011000111100101011100011001000010
00000000000000001000111001100110110110011111100
00000000000010001110100010001000101100010101001
