00000000000110111001100001100010101101000111110
00000000000000101001000010010001111001100101101
00000000101000000011010000010110101111000111001
00000000000100110111111100001100101110101000011
00000000001000101101010011010001111010010101110
00000000110111010111011100001111100100010011011
00000000000100111011111011010100011011101001100
00000000101111101110111010101011111111000101100
00010000101000001101001101010001110000110000101
00000000000100110010110001000010110010110100000
00000000011010111100101111110001001001011010111
00000000110111100001010001010011101000100010100
00000000000010110001100111000000011101111001110
00000000000000111000101010001011001100101100110
00000000100001110011101110000111011011001010110
00011000111001001110001101011010010100111110011
00000000101111100001100111111011011100111110101
00000000101010011100011101001100001011001001000
00000000111110111110101110000101000101101100110
00000000110010001001100110111011110011000101101
00011000110101010100101111011110000110100000101
00000000000101111001010100100011001000011010011
00000000100101100110100101110101111010111100010
00000000010000011000011101100111110000100001001
00000000000010010000011000001000100001100111001
00000000000001110011111000001111111011011101011
00011000110000010001101001010101101001010101010
00000000000001011101110010011011001010100101011
00000000000111110001001000001011110110101001011
00000000011111100001011111111010110111101100110
00000000000100101010011000110101000001111110000
00000000011000011000101110101100010011110110110
00000000000011110010101110101100011100101110011
00000000111101111111011011010110010110000000011
00000000110111110101011011100011110101001101011
00000000000101011100000001111010111011100111101
00000000000110110011010101100110011001110001011
00000000001100010110011011011101001101000100000
00000001010000000011110111001101111010010100000
00011000110110100111100110100000100111100101101
00000000000011011110000101010111110010101001010
00001000101111000010110101101101011101101101001
00000000011001010011011101001111101100101110010
00000000001100011110011001010000001110001100011
00000000000110010111000111110101000011100110101
00000000011110001001111010011101011011110000101
00000000000001110000100011101010001001101111101
00011000110001011000111100101100101010110100100
00000000000001001011101010001110111101000101000
00000000000000001100101111011001100110100010100
00001000011100111110011110101001000011010101000
00001000100111000010011100001000001101001111000
00000000000100011110000011010011101001000101101
00000000111111111000110111100100100110000001001
00000000010101100100111010000111111100011111011
00000000000011101100101111010100011111110001001
00000000001001001101001000101110010010101011010
00000000000000011111101010100100011100101110100
00000000000011111100101000100101101100010100000
00000000101111000001110110001100111100111111111
00000000000000101101001101001001111111110010001
00000000011100110011110111010000101000010010101
00000000000010010111000011010011100001001100010
00000000000000001001101110110100110111110011111
00011001011100101011110111011111000110000001111
00000000000011011101101100111101100101111110000
00000000010101001111000101100010110101110010100
00001000110000001111101011011011110001110101101
00000000111011001010111000100011101010110110100
00000000001100010000111001110000111101100010101
00001000011011111110001011010100001000010101000
00001000110010110010110001000100101111101001000
00001000101001101001001100000111001101101011101
00000000010111011010101111111110010100101011001
00000000010010010110011010101001101100111010101
00000000011001010000110011000000010000011011011
00000000010001001001010000010000010010000000010
00000000011111001001001001011111000100001010100
00000000110100011001010011001011111111000100101
00001000111100010000100010011100111010011011111
00000000000101010100110010101010101111011001001
00000000000001010011000100000011011001001101110
00000000000110010001100111110111110000101101111
00000000100000100010111000100110111110001100111
00010000110111011101101000101101111010011011000
00000000100000111101011110110111100111101111110
00010000111100001111110010111001010111000001000
00000000000110100010100001001111110001101000100
00000000001011100001000000110111100011000010011
00000000011100110001100111100011101110101100100
00011001010000101111000001010101010100101010001
00000000000000011010010001100011110111101111111
00001000100100010001001100110100010011110110001
00000000000111110000101011101110000110111010010
00000000000010010111010001100110001000101100111
00000000100111010000001101000100101100110010000
00000000001001100010001110000110100011100110000
00000001000010001011011001100010011010111001111
00000000000111110101000101111001000101110100010
00000000100010001010101100110101111101101100100
00000000111111001000001011010001101000001110000
00011000110000110000101011001101001000001001001
00000000100111000011001111101110110011001010111
00000000000101011000011010110101110101010110011
00000000000010010111010110000010001000011010010
00000000000111000110011000011000111100100010101
00000000000000111100101111011100001110010101100
00000000110000001111111111010101110011111010001
00000000111101001010001010010110100111110011111
00000000000110000110110000110111011011000110100
00000000000010100011011000110001001000101011101
00000000000000101110111001001110100010011011011
00000000000000100101011100101111010100111001000
00001000111100010010011110001101010011110000101
00000000000010000110100001011001011011011001110
00000000011010010001001100001100000011101111010
00000000111100101101010110001010110110010100010
00000000001000101010110010010110100000111100110
00010000100101100001100101110101100101010010001
00000000000000010010100100100001001111000110110
00001000110111001001111011011110000100001001110
00000000110000100110001011111101111001111101001
00000000000101101011000011001010011110010101010
00000000111100101001111001101111100001110001111
00000000000011010011100111000110101111000010010
00000000011000001011011011001111110000110110101
00000000000001010111110110111001111001100001111
00000000010010100010100111111010001110000001111
00000000000100011010111000011011110111110001001
00001000010001010110111100100001100110000000000
00000000000111101011011000011111100110010101100
00001000111011011101010100000111011010011111111
00010000110100110111010110011000010110011000110
00000000000100101100001101111011011111101111010
00000000000000110001001101000111001000010100100
00001000110001101010101111011011011001111100101
00000000001000110011101100001111101000111111100
00000000110110111100000111111001100010111111000
00000000110011110001100101101000001010011001100
00000000011111101101110111111111000011111011100
00001000101000011010010001110010011111001110110
00000000000011100111110101111010111001010111100
00000000000010011010110110111110010011010110001
00000000010100111100011111110001101111000001000
00000000111010101010001001011110000111010110001
00000000000001111001001000100011001111001001000
00000000000100001000001010001110011111000100010
00000000011110100101100110000010011110001010100
00010000111110111111001000111100000110111011001
00011000110010010111101111100100010001011110100
00010000110011001011010011010010101001110111001
00000000001110010100000111111001000010100100010
00000000010011011011110000011011011000000010000
00001000110111000001000011010001100011000001001
00001000010010100101000111001001101001001110101
00000000000001100000101110001011100011001001100
00000000100101011000000111110011001101110111100
00000000010110110100111101010011000001011010100
00001000111011111001110000001010000110010111101
00000000101010110111000000010001111101010000110
00000000100010110000010100001000110000000110100
00011000110000010001100010011100100000100110011
00000000000000100110110101000101110101110100110
00000000001000000110111111010001110011010000100
00000000000101111111101100111000110001001101100
00000000000000101000111110011000100001101111111
00001000010111110001001010111010001110001110001
00011000110000001011101001100101110010101000010
00011000111011010011110001011011100110110111101
00000000000010001001010001001000101110000101100
00000000111000010100110100111010000000011010010
00000000000100010110110011001110101101011000110
00000000000011010011111101011101101011010110001
00000000000110011000110110010011111100101011110
00000000001001100000111101010000011000110001011
00000000000111101010000101110000110011100101001
00000000010101100010010010000111010111010100001
00000000010001000100100100010100101001000111110
00000000000100111100110001111001101101001110111
00011000110000110101111111110001000100110011101
00001000101100111100101111001011001001110000000
00011000110010100010010110010110111000010010011
00010000100100110001000001010100100011000111100
00000000000000001101011100011100100100000100110
00000000000011000011000000001111100010101100101
00000000010100010100101111011010010011010100010
00000000000000010111011101101111100101000111011
00001000110011110010000000001101101110010100011
00000000000000110001101101010111101000101001001
00000000000100110011010100111001110001000111011
00000000001100001100110110010001110011101100001
00000000000101010001011000000001001101011000100
00000000100100010001101011110110101001010111010
00001000111110100110001110000111110101000000010
00000000000010111000000111000110111101000110100
00000000000001111100011100010110011110001110110
00000000000000101101010010001011101101010000011
00000000000011110111010000001111000100111110000
00010000111100011111101000100000010001010101000
00000000101000010011010010010000001011111101110
00000000000101010011111010100111100000100110001
00001000111010100011101110001111111000000101100
00000000000000111001100110111101010001000100010
00000000000100100111101011001101010010110010100
00000000110111011001110010000101101100011010111
00000000000101110011000000001110100010100001101
00000000000000101110101010000100100010111000110
00000000001010010010011110001100000101010011100
00000000110100001011100101101010000011101000000
00000000011100110100110101101110101001001011100
00000000101100110000110000111101101100101100010
00000000000100011001000011011100111111010111011
00000000100101011001110000001101011010010010101
00000000110011100110000111011010111110110110101
00000000000011011110001010011010111011001011010
00000000000000100001101000101110001100100000010
00000000000001100010101011000110001101100010110
00000000101110010101100001011010010010001010100
00000000001000100101110000011011010100110000101
00000000110111111110011111100100111111100010001
00000000000000000010010010010000111000001111001
00011000110101010011001001001111110011111011001
00001000100010100110110111100001101101011100111
00000000001011111111001100001111100100100011010
00000000110001100010011101101001010000010011010
00000000001010001011010001110001101111000011100
00011000110000100111000101101111000011100110000
00010000111000000101101100011111000111100000001
00000000000101110111001111010110001011100010110
00000000000011111111101001000100110110110101000
00000000010000110100101011010011110101001110101
00000000111000001111000000101101110110001010000
00000000000010011000100000010011101110101111110
00000000100101101001011010110010100000111010010
00000000010110010000011000110011001001000010001
00000000000100010000010101111101110010100110100
00000000001011101111001010111101001100101101111
00000000000001011010011011000101101010111100100
00000000010111100101110110001000000011110011001
00001000101001100110001100110100100100100011100
00001000111111101111000011110110000000100010100
00000000110000110010001001110011010100011100001
00100001010101011100000010100110000000001001111
00000000000010111111000100000000001101010010111
00000000110001101111100000010111101111001100100
00000000000110110000110110110011001100100100100
00000000110010110111010111000011101100111011011
00000000001011010000100001010010110110100010010
00000000110000100110100110011110100111111011101
00000000000001111000111011000001100100111101010
00000000110011011101010000011001100101011010100
00000000101111010110011010001110100000101000000
00000000111000111111010110000110111101100001000
00001000010101001100011111011111100010111011100
00001000010001101101110111001000110010000100001
00000000101111100000110010101011011111111000010
00001000100100001011111110010001110101000001000
00000000111111100111110001011111111100110000010
00000000000000100001001101101110101110011000101
00001000101101111001001110110110011001011001111
00000000001001000101010111000111111111111011011
00000000100001001001010000101101101011000011101
00001000111011111100111001011010100011111010011
00000000000010011100000011000101010111000110110
00001000110011000010001000010111010111001110100
00000000010111011100011000100100101101000100010
00000000110111100000001011011001010001011100101
00000000000000011100111000100110111111011100111
00000000110110010111010000001100001001100100110
00010000111011101101010101001111011011110110110
00000000101101010111101101001110000010100010011
00000000000110011111111000010111011101001011110
00000000010110111110010011011111010110010101011
00000000100011010010011000110110111110011011001
00000000010111011101111011101010101100101101010
00000000000011000001011000001001111101001101000
00000000010011000010000001010011011111011100011
00000000100111000100000110000011010110101011011
00001000100111001111100111000011001011001111100
00000000101000010001000111101011001010101011110
00000000000111000101100010000100010001000100101
00000000101101011110100110000000110010001100010
00000000101101011111100100001111000010000110100
00000000001000000001100000100010000000101010001
00000000001010101001000100001000010011101011111
00000000000000010000111010010001011101111101001
00000000101001110100000001110011000101000111100
00000000001011010000100011110111001111111000001
00000000010010000100100000011011111100100111000
00000000111110100111011010100011110101111001110
00000000011000001001100111110111001111001010101
00000000110111111101011010110110010010110000010
00000000010011011110100010001110111100111011100
00000000001000010010000010111111000010010101110
00000000000001100111101011011000010100101010110
00000000111111101010010111101011101101011101000
00001000101110011101010001111111101001010011011
00000000110101111000001101011101110000010100001
00000000000010110100010110001110100001111101011
00000000110010010011001011001011111100111010000
00000000000000100111010011001001110110011000010
00000001110001011001110100011111011000010100000
00000000101111010111100000100100010000110000010
00000000011010101110010000111000011010000001100
00000000111110000011111010110101000100001011001
00000000001011001010110101101110011010111110101
00000000011011011011100000010111001100000100110
00011000110000001111100111101011011111011101111
00000000101101010001011110111111101001110101001
00000000000001010011010111100011111110000110101
00000000000111001100110100101111110110101010011
00011000110001000010100100111111001010001101110
00000000001011111010110000010000010111011110001
00000000011010010110000011001000100000100011101
00000000001100110001000011001110111001110111110
00010000110010011100101001000011101101011010100
00001000101110000100011110110011111100101101000
00010000110101010000111110011110101010010111010
00000000010000011001100001101010100100010000110
00000000110111110001110010010001010110110011011
00000000010011101001100001111111000111010010101
00000000110101011000110110000010101010010111111
00000000000000110110111100111011000000001101011
00000000001001000011100000101000100001001011111
00010000110001110101001101010110000101010100011
00000000000000100010110100100110100001100011111
00010000111011010101001010000100100111111000100
00000000000000011011111000000000110111011110001
00000000101101010011100010111000010100101111011
00010000100010000111000010111111001100111001110
00001000111111111101010001100000000011000111100
00000000000001001010011110110101011000110000111
00001000010111111111110000000011000010110000001
00000000000011111101110111110010001110111000001
00000000110101110111101010011100111100010101001
00000000110111101100011100111101111111100001101
00000000000010111010011110101011100101001011010
00010000100100011111110001101111100011000001010
00000000011010100000001110001001010010011010111
00000000000100011110111110101010011111011111110
00000000000111100101100111011010101001100110100
00000000101000100011111001000110101001011001100
00000000011011001100011001100111001111111010011
00000000011010101011000010000010110010011001011
00000000010001011110100111011001111000111101111
00000000100001101001111111101010000001100000001
00000000000110100000110110010001110011011000111
00011000110000010110111000100010001100111011101
00000000000010111000101011100101111011111010001
00000000101110001110001110011001100000110011100
00000000000100001011111110101111110000100010000
00000000111110110101111001101010001000100110111
00011001011110010011000011011001101110000101111
00000000101011010001101100110001011100110111010
00000000000100111110001100100100100110110101111
00001000101000111111001101010011111011011001100
00000000000010001011011111110000111110111010111
00000000000001010110010001011011001100111101011
00000000000100100010000111111111011010110110010
00011000110000110001110001011011010001110011101
00000000111000000100110110011110011011010010100
00000000000111101010100001010011000010010010010
00011000110111000111100001011100000011111011000
00000000000101011110010111010000110100000000100
00000000000111100001111101011111111001111101000
00000000000111111111111010001101001010000100101
00000000001000101001100100110001101111111001000
00011000111011001101110100100110110000100010110
00000000000001011001111101010110100010110010011
00000000000011100110010010100011011101000110101
00000000101011010101110111110000010000010010011
00000000101101001101000110001000110001100011011
00000000001011011001110101011100001101101110001
00000000000000001100001011000001011001110010111
00001000101100101010100010110001000110100100110
00011000110101001100001010010011111110001100100
00011000110010111100100011100010000011100001110
00000000011000110110100110000010100100000001100
00000000000010111001001111011100000001111011011
00000000000010001010101101100101100000010011101
00010000110001000111100011110101011101100010110
00000000000100111111010000010111100000001100010
00000000000111000100100011011000010111000110110
00000000000100011001111100111010001000001010100
00000000000100111101111001101000010000101111101
00000000000000011010101100100101110110100011001
00011000111000100000000100110111000110100100010
00001000101001110101110000100000110000110000011
00000000000001110011001001010011010011010000000
00000000100001011101111101110010111101101111110
00000000100000101101101111101000111100111100000
00000000010100001100000001101001000110100010001
00000000000101110111111111000011010000110111000
00000000000101100100001001101101110111111000000
00000000000100010000100011000111011101101100010
00000000000111001000100111101111111111010110000
00011000110110111111010010011001101101000101101
00000000000110110010100000101101000110100111010
00000000011011010110001011101111011011111010011
00000000000011101101110110100010110101001000011
00001000110110000011000111001010110010101011111
00000000101111101110100010010110111101111101010
00000000100011011110011000100011001110011000001
00010000111110111110100010001110100110100110110
00000000000101001000111001100001000000111111111
00000000010001111000101100101100010010100001111
00000000100000110111110110110010100100111101111
00001000111000001111001110110010001110011010011
00000000110100011000101010101101000000101111111
00000000011000101110101011001101100011001101100
00000000110101110101100101000100011100110100101
00000000001100011011111011001110011100110000101
00000000110100100101100111011101101100101110010
00000000001100000000101000111010110001010101000
00000000110111001111110110001010001001010100110
00000000000011000101111110111001011101001001011
00000000000010100111101010011100000111110011110
00000000000011110100100011010000110101010001111
00000000001001101010101000100001111111110000110
00011000111000100001000101100010010101110110110
00000000110010101101011110001011001001010100001
00011000110000101111001001011010011101111001010
00011001000100101010111101111101100001100110010
00000000101110111001100001001100100001101011101
00000000100000110001000111101101100010111001100
00000000101110001110010110001110100001100011001
00011000110010101001101111111001000011110110011
00000000100111000110011101001000111010110101011
00011000110110010101100001101001001001111010110
00000000000001111001000110100011111110101110100
00000000000110101100011010101111101010110111101
00000000000110100110101000001001000100001000011
00000000000000011110011100001001100111101100001
00000000101101001011101010000111000010111011001
00000000000100100000000000000001001000100000001
00000000000110010111001101001010111001000111001
00000000000101011011011100110110010111011110010
00000000001001111111110100001011011100110011000
00000000100011011100100101000100110011111101001
00000000101000000101010110100101000110010100011
00000000010111011100000000100110011101111111001
00000000110111001101001011101001010101011110110
00000000011010000111011000000111100010110100001
00000000000010101000010001010101110010011110011
00011000110001011101101100100000010111111001110
00000000000011101000111100100111100100000101011
00000000101100011101111100111110101010000111010
00000000000010011010111110110010110101111111000
00001000110001101011111110011110001111100111000
00000000010110100111100000010010111010111100010
00000000110011111101011000000101100001001100000
00000000100101101110001010000010100110100111011
00000000000100101111111100101100111101001111011
00000000000010010111110111110010101001110001101
00000000111011110011100100110110000011010110101
00000000011110010100101111111000101000010101111
00010001011100100010001010100011010010001100000
00000000000000001000000001011011001010011010111
00000000001011101010100101010111101100100001001
00000000000010010110000001101001010010001000101
00000000111001100011010111101001101111100010101
00000000101111011100000000011110000100110001110
00000000000010111100010101101001110010110110111
00000000000111100101110100101001101100111111011
00000000111011000110101110111110111010100101010
00000000000011100011101000011000000001011011110
00000000000000100011111101100001101010110010110
00000000000100000001010111000110001101100000110
00000000000111011010001100111010010000000001100
00000000110010001010101101000010111100110100011
00000000000110000111100011101001110000011101100
00000000101101001000010010100011011011011011000
00000000001010010010111111101000000111010111001
00000000111101000100101000101100101001100100101
00011000110010100101101100111111010101101101110
00000000100101010111110000110010010100001001001
00000000000011101100100011000110111100110001111
00000000000001100010110000010000110000000110000
00000000000000011101101101001111011010001011000
00010000101000101101011001000000110111100110111
00000000110010010011111011100110011110010001111
00000000000101100111100110101100110111011101000
00000000101011110001011010010000100101010111100
00000000000000010001000010100100000110000100100
00000000010000010100110011001011001100100101110
00000000000100100100110000100111010100100100100
00000000000000101001000010011100100011000101110
00011000110010100101100110101010110110111010101
00000000000001001000010010000100111000010100010
00000000101110000011011000011111001100111110110
00000000000111011001001000110100101111110010011
00011000110001111000001110110101000011100101010
00000000011101001010111010001111111111010001011
00000000000001000100100100101101111011001110010
00000000000110110101001100001000111000111010011
00000000101110011010111010100110010001010001110
00000000000101010010000110110111111110111000000
00000000110000101011111110011100111111101001101
00000000000001011111110000100000111100100010000
00000000000001101111010100000110110110100001010
00000000101000101010001001110101111100010110000
00001000111011011011001010101111001001011000101
00011000110010010010111111100000011101000100011
00000000000101110001000111010010011100000101101
00010000110001001000000110110101011110010011010
00000000010110011100000011100010010000001011011
00000000000000001110111001010100100000001101101
00000000101011011100001001100110000011001010001
00000000101100101111011011011000111010100100010
00000000000011111000010110100101000010010001011
00000001011110101111100110001000111010111110000
