00000000000011010000011111101110101010101100001
00000000000011010101110000110101001111111000001
00110001100010011100111001001110100001110001011
00000000111011001001000011010000001101100101011
00000000001010100011111111001100001011011100111
00011000110001100101010101111001110100110011110
00000000001100000101010111010001101000010010000
00000000000110010000100100000101001111100110111
00000000001111011000101010010100000101000011011
00000000110101010111011010111111110101111010100
00000000110100101001101110010100011011111110101
00000000000010111101100101010000110001001011110
00000000000011100010001000001111010001100000010
00000000000011110000111001001100011010011010101
00000000000000110010010110000010101100111011111
00000000000010111010111010100011111000010000000
00000000110010000000111010101110110110001111111
00000000000001111010110101100011111011110000010
00000000000111010101010111010110000000111111011
00000000001011011111010110100101101110100100110
00000000000000000110100010110010111000001110010
00000000001000111011010010110000011111000000111
00000000000110010111101101100100101110001010010
00000000110111011111101110111010001101110011110
00000000000101000100101010111101110000110101010
00000000000000100001001001001011011101110001100
00000000110100000100010110010100000000110000001
00000000001010000001101000011110110111111110111
00000000000101110000010001101110101011110110010
00000000000101111111010011100100111001000000000
00011000110000001101100010111101110001010000100
00000000000011110000010011001100101101011110001
00000000000000111000101111100000001110110110011
00000000111000010000111111011000000100100111110
00000000000010100100100011000000010011010110001
00000000001100100011010110110100000000101110010
00000000111000011010111110001010100001110110001
00000000110100110011110101100010110010000101101
00000000000111111110100111110100100010000100000
00011000111000000111101110011100010110011001001
00000000111011111010001101010100100100110110100
00000000000100010111000100010111001010101010100
00000000000000110011111110001101101001110101101
00000000000000001000101101111010111110011011000
00011000110101101010100011100100101010110100010
00011000110000010001100000010000111000000101000
00000000001101111111101010000110000011110011111
00011000110011011001101000100001001010011100010
00000000001001111110000101111010110011011011010
00011000110000001010110101011001001010111100001
00011000110000000101101001101010000110101011110
00000000000010000110000110100010110110110111011
00000000000100001101010010101000010100010011101
00011000110001000001111011100011010110010100011
00000000000100011001100001110010001111110010000
00000000000000010001001001010111100001100100111
00000000001011100011001000110000110011111101110
00000000111011010001010000110010010001001101001
00000000000111011100100101111000101010001100001
00000000000011110111100011000010001000111100101
00000000001001010101111111011010000101001010010
00000000000011100111011010100101010001101111110
00000000111011100101101110100001010001001000011
00000000111010010011010010110011001011101111110
00000000110101100000110011110111111010001010100
00000000000111011001010110000110110101001000011
00000000000000000001110010001001110001111011001
00000000110101000010000000110100001010011100011
00000000000001110100001100011011000111110100011
00000000000111101011010100110101000010000100101
00000000110000010101000100101010001101110000110
00000000000000010101110000101000111101010111110
00000000000000010110111001010111010010011111111
00000000000101100011110101011010000001100111000
00011000110011001110000010011111010011101101011
00011000110001010100101011110011010011000011000
00000000001001100100101011000010011111101110010
00011000110100000110010100011110010110011101100
00000000000010000110000101000011011000100110101
00000000000011101001011111000101111000011001110
00000000001011001000000101101001001011111011011
00000000000000001010010101001001111010110110100
00000000111111110011011110110110100010000111111
00000000110011000111100001101001110111100100010
00000000000010011111111011000111011010000010110
00000000000001010011011011011011100010010000011
00000000000110111000110011011100101001001001000
00000000000111010000001100110001010110110001101
00011000110001110000101000010001111101101011011
00011000111010101110011011000010001001011111100
00011000110000111001111111101001101110100010100
00000000000100000010011001010100111101110101000
00000000000110010011001010000111000111011111101
00000000000011100110111110001000000100011000101
00000000000000010010000001101110110110000000011
00000000000001011011111110101000101100001000010
00000000001010110001011100101000001110100011111
00000000000111111001111110000100110101011011100
00000000000100000101010000101010000111001111111
00000000000111111000011011110101010110010000111
00000000000111010001001110110111011011000000011
00011000110100010011001111001110000110100001110
00000000110011110001010000010100001111110001010
00000000111111000011111010100000111000011010111
00000000000011100001100000000100011101001010111
00000000000001010110100010011101011001000100001
00000000000000101111001110111111101110000000011
00000000001110110011001110101111001111010011101
00000000000111100100101010100101110011011111111
00000000000000100001101111010011101110110100111
00000000111101011101001111011011000000001100101
00000000000001101100001110001010011101011100110
00000000000100001000100001111000001110010101101
00000000110110001011110100001001100111110100010
00000000000111001110000000110010010011001111111
00011000110101001011101101010101000111100000010
00000000000101001000000101001001001001101111110
00000000110100101001110001010001110101111100000
00000000000010011000100111110000010000000001101
00000000111001111101100001111100010111011000010
00000000000111110001100111111110011110101011111
00000000000011110000011101110001000110100101010
00011000110000001001110000010000100111001011111
00000000110010110110010101100111001010001101101
00000000001110110010011111101011001001111110000
00000000111111111000010000011101000001011100000
00000000000101110000110101100110111010100001101
00000000000011000010011110100111010101000101000
00000000110001111111101010101100100101101010010
00000000001000111111011011011110100011110011111
00000000000011011100011010101100111111101011011
00011010011110000011110101000001010101010100011
00000000000110111101011101110101110010010101001
00000000111100101101001111100100100100100111010
00000000111110100000101111001100110010110101110
00000000111011100000110010111011011001001110000
00000000111000111111000011011100111110100100110
00000000110000000000000011001011111010010111011
00011000110000000100110100110011100110110000111
00000000110010010111100010010111110011011010110
00000000000010011110001100111100111010010100011
00000000110111011111100011010010000111100010111
00000000111101111100110110110001111111001100110
00000000111101110001000001011001001010111110000
00000000000111010001100111011000010111010111101
00000000000001001100001110101011100001110101110
00000000000010001000001001001110110010010011001
00011000110110100011110001010111001001110111110
00000000110000001001011011110110101001011001111
00000000110110111101010001001110110100000110001
00000000001000110110101010111010111111011000000
00000000001010000010101001011111000110001110101
00000000000001110101100111011000010001101000111
00000000110101010000110000100110001001011001010
00000000000010111110100011110000000101100101010
00000000110011010101111101001110100010010001111
00000000000000011011101110010001100000000001000
00000000000110000010101100011011101001011111010
00000000111101111110101100010101011111011010101
00000000111101011000111001110111101011101001100
00000000000100111011001010010110011101100000001
00011000110100111000111001011001011110100011001
00000000000000010111110011101001011110000100110
00011000110011010011100000011111111110111001001
00000000110001000100010000001010010010011001101
00000000001000110010110111100001101110010110110
00000000111100000001110000111101110001001001010
00000000000010000101111111101000110100111110001
00000000111000111110101101110110101100101011110
00000000001000011111010101010110110100010100100
00000000000010001100101010011000011101110011011
00000000000001110011000010101010010011111111100
00000000000011000011000101100011001100000001101
00000000000100101110000111011111110101001101100
00000000000000101001010100101110011011111101110
00000000110010101011011110101010011111001001111
00000000110011011111010111100000100001111100010
00000000000101010010100011101101001010110011000
00011000110011100010110100111101101110110111000
00000000000111100100010000000010001001010100010
00000000001010100101101101001011001000101101111
00011000110001001001111101101011010011011000011
00000000000000101001101100100100101000011100000
00000000111000101011001000101010011000001010010
00000000000111101110100111111100100111011000100
00000000000011101010010000110100001101111000111
00011000110000001011100100001000010011011110111
00000000000011110010111000110110011110010011010
00000000000111000000011101000111011001110010111
00000000110111000011101011101011011111101101001
00000000000000001101110101101101111000110001100
00000000000111000010000000010010000111101001010
00011000110000110001111000111101010000100010011
00000000001011110110011101010110011110001100100
00000000110101100010101001000110110001010001111
00000000111001111010010111010000101010100100101
00011000110100111000010000010010101011100100000
00000000001000110110110011001000100100000001001
00011000110000101110100010001011000111011111110
00000000000001010110110010100111011111011000001
00000000000001110111111011100011010001001000111
00000000000000010010001000111111111000000110111
00011000110010111101010101101110001100001000100
00000000111011111000100000000101111001011011111
00000000110001010111001001100100100011010000100
00011000110000111011101110111111001000100001010
00011000110000000100101111010111000110100010100
00000000111000010001111000010101001001010001011
00000000000000001010110010111111011110111000000
00000000110111011110111010010000011010100100011
00000000000010110010101001011010001100110000101
00000000000101001110101110010100010000101110000
00000000110101011000101001000011111010110101000
00011000110000001001011011110100100001110011100
00000000000100100111010000101100000100011110000
00000000001011110010110010100011011011011001111
00000000000001111001001011001110000010101010111
00000000000010010010100110111101101010100101101
00000000000000010101100111100010001011111101100
00000000110111100110111010001110001010110011010
00011000110000110100000100000001111101010101011
00011001100110010001011100000010011111111001110
00000000000001111101011110001100110100001000110
00000000111111100011010110100101100100100111110
00000000110001000000111010001000100001000000101
00000000000010111001110100000100101110010111101
00000000000111101000111101001011100001111000010
00000000110101101011011010100001010100011111011
00000000111001100101110000110100111001101001001
00000000000101000111100001100011100011110101110
00000000110111010110101111011111010000100111011
00000000000011101100001101100001001001011100001
00000000111101011101110000001010000010101001010
00000000001001111111001011011100011011100110111
00000000000011100111101010110011110111110100010
00000000000111000011000000010001101100011000110
00011000110000100111101011001000000011101111101
00000000000010110101111100101010101010100000101
00000000111011010001101001011100000011001110100
00000000111111011111001011111010111000100010101
00000000000010000011101011001101000000000011011
00000000001011010010111110111001100010001100101
00011000110011001110001100111011010111100010011
00000000000010110111110110000011010010111111111
00000000000001011010011011000010111100011100110
00000000001000100011010001111011001011100001101
00000000111101100011000001011100000001001110010
00000000000001001000110100100000110110010001110
00000000000001101000111011100010110010101100000
00000000111111000101011110010111111100110010100
00000000110000111100111000011111010001100011010
00000000001011110100100100010001111110110010010
00000000000011011000100110010101011010011010010
00011000110000111010100000101010110001011101110
00011000110001011010100101111111110010110000001
00011000110100000101000000110111001001101001111
00000000001000101000111101010100100000001001110
00000000110111000110100100110110000011011110110
00000000001100101110001010110001100011111110110
00000000000001100110110101100111100111010111010
00000000000010001110100010111001110011101000100
00000000000111100010111100010100100100100101101
00000000000101101000110001010110101010111110100
00000000000011010001001011101110101101111001011
00000000110101101100101011001001011000110010111
00000000000111011001111100110101100110100001111
00000000111110010100110111001110100001001110001
00000000000100010000101111100111100000111100000
00000000001110001111001001100001000100110001001
00000000000000110000100111111000101000101000101
00000000000101010011010100110110000100110010100
00000000000001100111100110100110011011001010001
00011000110010001011111011010001000111010101100
00000000110110100101101001100110001000111111010
00000000111110000100001010100101001100110110101
00000000000111001110100111100111100111011010111
00000000000011000000000100000110000110011010100
00000000000010101011111011101001100111110110000
00000000000111010010100001011110000000000110000
00000000000111000111001011000010010110110100111
00000000000001111010010101000000001011011111100
00000000000000100100110110011100000110110010100
00000000000000000100011111100101001111110000011
00000000111110101100101110010001011000011001011
00011000110000001011010111101110100001011010001
00000000000000010110010000011000010010110011110
00000000000101001111001000101110101111001100001
00000000000101011111110000111011101000111111101
00000000111101100000010101100010101111110010100
00000000001100000001110101111111110100100001101
00000000000100001011111010000111111011101111100
00000000001001001001101000000010101110110110010
00000000000010001010101101101010110011100101101
00000000110100000010100000011001110001100110110
00000000111111101111011010011111001010101110110
00000000000001010011000011110010001111000010101
00000000000000101101000111101100000100010010101
00000000000010010011110010011110000101101000011
00000000000010111010111110100111110011010111001
00000000000010101100110110110100101101100111110
00000000110101001110101000000101101111000011001
00000000000011001001100001111110111101111101000
00000000000010010110000101010110110100010000000
00000000001010000111011011100010110001100001111
00000000001000001001001000010101001010010100101
00000000000010111110010101101011000101001100011
00000000111110000101110111010100111111001111010
00000000001110001110001110100111101110100000000
00000000000000101001000100000111010000000101110
00011000110101101010110000000111101010010100100
00011000111101101010000010011010011011011101011
00000000111011010010011110111010110101010110011
00000000110010000101000000100011111010000111111
00000000001100001110100001110000110110000110100
00000000111000000010010001011100011000100010101
00000000000010101101111011001010111011001100011
00000000000110001010101000010011000010010011111
00000000110110100101100000001110010001010000000
00011000110101101110001011010100010100011101011
00000000000110011010101110000001111011001010000
00000000000101100010110011101111111100000100011
00000000000100000100101110101000010000110100011
00000000110101010011001001110110000111001001100
00000000111100000011010000101100000001100101101
00000000111001010110001101000100010011000110110
00000000111011000010001110010100001101011111010
00000000000010101110100110010101101010011011110
00000000111100101110011110010110101000011111101
00000000001000000000111001100100100011111110101
00000000000010101000110101011011000000100100110
00000000000110100001011100101011010000010111101
00000000000101000111100101001000001011010110110
00011000110000001001000001101001010101000101010
00011000110000001000101111111000010110011100100
00000000000100001001010100010110000110001001100
00011000110001111001001011001011110011001111001
00000000001010100010000010010110111111100011101
00000000110111001001100011001111110100000001110
00000000110001001000011100010110101010101100110
00000000001011011010111011111000101111111001010
00000000000010010111000000000011111001111110110
00000000000111001001100110010100110101111101010
00000000000011001001011101011100110011010101101
00000000110101001100001111010011111001011010101
00000000000010011110101100100111110010101010011
00000000111100111110001101010111000110100101101
00011000110001100101011111001110110000110100011
00000000001001001101111011010100100000001110101
00000000000101101111011010001110000111110110011
00000000110111111110111101001010110101000011001
00000000000000011110000000100111000100010110111
00000000000101001001101100110111001100011001001
00000000000111101101010111001101000111000011011
00011000110101100010011011110110010001011101000
00000000111110011011000100010000010000001000001
00000000000000100001110100011111101010010101001
00000000110011111001010110111111010100110111101
00000000001010011101111100101011111111000011100
00000000110000010011110110110111101000101000000
00011000110001100101111111110100111011101001001
00000000000011010001011011001000101101100010100
00011000110100001100100110110101111110000010011
00000000110100101011100010101000101010111100011
00000000110010011011001000100110000110001011011
00000000001101001101100100010110001110100111110
00000000111001101100101111000110111111000011010
00000000000000000011110011110101000000100101011
00000000000010011100010100110011110101101000001
00000000001011010001100101000010011001001000000
00000000000001101111000001111010010010110000001
00000000000111010111100000000101100001001001000
00000000111110010011101001011001110100010010010
00000000111011001001111011011111010111001001100
00000000001000110011100001111101110010000010111
00000000001011111110111100101010011011111101010
00000000001000100101011010101111000110000010101
00000000000010100001010111001100101000011011111
00000000000111100011111111011111100110101111101
00000000110000101100101000100001011111001111001
00000000000001010001001010110100010111001010001
00000000110011111010100110000100011001101111111
00000000000010111101000110101111100011110001001
00000000110100110110110000111100010111110000000
00000000111101111100100111010101001011100100111
00000000000000011100111100110100001111110111101
00000000001100000011110010010110100010101111001
00000000000010000101111000011000111010011001000
00000000111010010100101100101011100001110010001
00000000000011001000001100010110110110111010100
00000000000001101110000110010100110011000110010
00000000110000110100111001100111011101011000111
00000000000110111010100010011111110000001000110
00000000001001001101111110100101111001100000011
00000000000011000011001010000111000101000110100
00000000111111001010110001000110100010110000011
00000000111001011110001001110100100111000001011
00000000110111101011000101010011001101110100010
00000001101101010011000111111011011110011100000
00000000000001000110110011111010010010100100100
00000000000010111011100011101110100011010001101
00011000110001101110011000111101101100110000110
00000000000000100101100010110001110110111111001
00000000000100010011101011000100000111010001100
00011000110000100001010010110100111111110101110
00011000110010110111011101110111101111110001001
00000000000000101111011110000000011001100010100
00000000000000111100100100110111100100011001110
00000000000000111000000000011100100010100111110
00000000000011000011001000100110101111100110000
00000000000100110111101110000101111010100011010
00000000001010101110100100010001111101011001010
00000000111000111010001000100100010010001111111
00000000000100111010011001111001110111100101010
00000000001000011011101010100110111010000101111
00000000111001101010010111110000010110000000101
00000000111101111011111101111110010001000011100
00000000000000100001111101011011010011011101100
00011000110000011111000001010111011100011001010
00000000000111100011000011011000101100100011101
00000000000010110000100011010101010001100000110
00000000000011011010100111000011110001011101001
00000000111000100011111011011001000100110101100
00011000110000001101000111011101011110011101110
00000000000100010100100110101101000110001110110
00000000111110110101101100101101001110000011011
00000000001011111101100001111000011000011111110
00000000000000010110000011001000000100001111010
00000000110001010001101010001011011001100111010
00011001100011111100111111111100011101000011100
00000000000000101010100110111000101001110001010
00000000000010010110001110101110011100100010011
00011000110001010001110110001011001010010000001
00011000110110010100000010000011000101000011011
00000001101010011111110000101100000000001000000
00000000111100010000111101010001100000000111010
00000000111100101000000110100110110010011011010
00000000000111111011000111111111101100111100111
00000000110110011100011010011010001011001011101
00000000110011011010010101111111010000101110101
00000000110111100110001001110100001101110001010
00000000000100101001111111011110000000000100111
00011000110001001001111111110111101001010111000
00000000000110100000011110010111011000110000001
00000000000001000101101110100110011111011111110
00011000110011001001010000111000000010111000010
00000000000000010100000001001011111011111000001
00000000110011111100110010111011111110111000011
00000000000010010001100000100101101100101010001
00000000000001111001010001011110100111010111110
00000000000001011001010110010101000011101001011
00011000110001101010010000010000011100000001001
00000000000010101001101010010100011100111011100
00000000110101010110100011000000011011100111100
00000000110100111101011111001101011010100100111
00000000110010110110100110000101100001101100101
00000000001010110010001101011011010000101011100
00000000000010101111101100011101001011011001001
00000000000000010001011101110100101010000010100
00000000000001100111001000100110010000000010100
00000000111111110100101001011111111101010110111
00000000001011001101101100011110101000111101111
00000000000010111111111101100110000100110001111
00011000110001010011001111001101110001000001010
00000000111001000010100011101110001111000101111
00000000000011111010101000101101101110011001111
00000000110101101011000101010010011000111110000
00000000000011010111011101010101111010110110111
00000000111100101100011000110110111111110001110
00000000110011010010110011000010010110110111100
00000000111100101001011010001010010010110111111
00000000000111001011110010101011101001000110110
00000000000010101011110100100010111101110011111
00000000000000000001100111001011011000000010011
00011000110000110111110101110010001001000110111
00000000110001011000110000111000000111011000100
00000000000001011010111101111011111111000011101
00000000000110101011100010011011110110010000100
00011000110011000011111101010110111101011000001
00000000001011011100110100011011001011101001110
00000000000110100011011010101111011010101001001
00000000000110101000001110111000101111110101110
00000000111101101100100010001100110111100110000
00000000000101100010010001010101011011111011001
00000000000000111010111001010000111111101001110
00000000000000000101110110110011111001000110111
00000000000101011011100100010101010111010001110
00000000000001011110011100000010000100001101100
00000000000101101000111100100000111101110000101
00000000000001111001110110100111011010100011011
00000000001000101000111111100100101100000111101
00000000001000010100010010110001010111110000010
00000000000000111011010010010111001111111010000
00000000000011110100100010000101100101101010011
00011000110001101011101011101100001100000000011
00000000000110111111011101010000001011001111111
00000000111010100010110001001001110011111011110
00000000111111111001010001011010000111010000111
00000000000000100111110000010000001001010010111
00000000000001000000010110000100100110110110001
00000000110010101101011000001111010000010100111
00000000000011001001100011111000000011010111101
00000000001101001000000000011110111110111001000
00000000000110100110010101100101111110101010010
00000000000010101010010111111111011100100010111
00000000001000011100001010101010001100100111001
00000000000100111101000101010111110111001011111
00000000000010011011001011010001001111011010100
00000000000001000101000001000111111001111110101
00000000000001111000011100001001111110100100011
00000000000011001101000011100001001101000000110
00011000110000111011010001010011111111001001010
