000000000000000000000000000000000000000000000000000000000000000000000000000000000000000000000000000000000000000000000000000000000000000000000000000000000000000000000000000000000000000000000000
000000000000000000000000000000000000000000000000000000000000000000000000000000000000000000000000000000000000000000000000000000000000000000000000000000000000000000000000000000000000000000000000
000000000000000000000000000000000000000000000000000000000000000000000000000000000000000000000000000000000000000000000000000000000000000000000000000000000000000000000000000000000000000000000000
000000000000000000000000000000000000000000000000000000000000000000000000000000000000000000000000000000000000000000000000000000000000000000000000000000000000000000000000000000000000000000000000
000000000000000000000000000000000000000000000000000000000000000000000000000000000000000000000000000000000000000000000000000000000000000000000000000000000000000000000000000000000000000000000000
000000000000000000000000000000000000000000000000000000000000000000000000000000000000000000000000000000000000000000000000000000000000000000000000000000000000000000000000000000000000000000000000
000000000000000000000000000000000000000000000000000000000000000000000000000000000000000000000000000000000000000000000000000000000000000000000000000000000000000000000000000000000000000000000000
000000000000000000000000000000000000000000000000000000000000000000000000000000000000000000000000000000000000000000000000000000000000000000000000000000000000000000000000000000000000000000000000
000000000000000000000000000000000000000000000000000000000000000000000000000000000000000000000000000000000000000000000000000000000000000000000000000000000000000000000000000000000000000000000000
000000000000000000000000000000000000000000000000000000000000000000000000000000000000000000000000000000000000000000000000000000000000000000000000000000000000000000000000000000000000000000000000
000000000000000000000000000000000000000000000000000000000000000000000000000000000000000000000000000000000000000000000000000000000000000000000000000000000000000000000000000000000000000000000000
000000000000000000000000000000000000000000000000000000000000000000000000000000000000000000000000000000000000000000000000000000000000000000000000000000000000000000000000000000000000000000000000
000000000000000000000000000000000000000000000000000000000000000000000000000000000000000000000000000000000000000000000000000000000000000000000000000000000000000000000000000000000000000000000000
000000000000000000000000000000000000000000000000000000000000000000000000000000000000000000000000000000000000000000000000000000000000000000000000000000000000000000000000000000000000000000000000
000000000000000000000000000000000000000000000000000000000000000000000000000000000000000000000000000000000000000000000000000000000000000000000000000000000000000000000000000000000000000000000000
000000000000000000000000000000000000000000000000000000000000000000000000000000000000000000000000000000000000000000000000000000000000000000000000000000000000000000000000000000000000000000000000
000000000000000000000000000000000000000000000000000000000000000000000000000000000000000000000000000000000000000000000000000000000000000000000000000000000000000000000000000000000000000000000000
000000000000000000000000000000000000000000000000000000000000000000000000000000000000000000000000000000000000000000000000000000000000000000000000000000000000000000000000000000000000000000000000
000000000000000000000000000000000000000000000000000000000000000000000000000000000000000000000000000000000000000000000000000000000000000000000000000000000000000000000000000000000000000000000000
000000000000000000000000000000000000000000000000000000000000000000000000000000000000000000000000000000000000000000000000000000000000000000000000000000000000000000000000000000000000000000000000
000000000000000000000000000000000000000000000000000000000000000000000000000000000000000000000000000000000000000000000000000000000000000000000000000000000000000000000000000000000000000000000000
000000000000000000000000000000000000000000000000000000000000000000000000000000000000000000000000000000000000000000000000000000000000000000000000000000000000000000000000000000000000000000000000
000000000000000000000000000000000000000000000000000000000000000000000000000000000000000000000000000000000000000000000000000000000000000000000000000000000000000000000000000000000000000000000000
000000000000000000000000000000000000000000000000000000000000000000000000000000000000000000000000000000000000000000000000000000000000000000000000000000000000000000000000000000000000000000000000
000000000000000000000000000000000000000000000000000000000000000000000000000000000000000000000000000000000000000000000000000000000000000000000000000000000000000000000000000000000000000000000000
000000000000000000000000000000000000000000000000000000000000000000000000000000000000000000000000000000000000000000000000000000000000000000000000000000000000000000000000000000000000000000000000
000000000000000000000000000000000000000000000000000000000000000000000000000000000000000000000000000000000000000000000000000000000000000000000000000000000000000000000000000000000000000000000000
000000000000000000000000000000000000000000000000000000000000000000000000000000000000000000000000000000000000000000000000000000000000000000000000000000000000000000000000000000000000000000000000
000000000000000000000000000000000000000000000000000000000000000000000000000000000000000000000000000000000000000000000000000000000000000000000000000000000000000000000000000000000000000000000000
000000000000000000000000000000000000000000000000000000000000000000000000000000000000000000000000000000000000000000000000000000000000000000000000000000000000000000000000000000000000000000000000
000000000000000000000000000000000000000000000000000000000000000000000000000000000000000000000000000000000000000000000000000000000000000000000000000000000000000000000000000000000000000000000000
000000000000000000000000000000000000000000000000000000000000000000000000000000000000000000000000000000000000000000000000000000000000000000000000000000000000000000000000000000000000000000000000
000000000000000000000000000000000000000000000000000000000000000000000000000000000000000000000000000000000000000000000000000000000000000000000000000000000000000000000000000000000000000000000000
000000000000000000000000000000000000000000000000000000000000000000000000000000000000000000000000000000000000000000000000000000000000000000000000000000000000000000000000000000000000000000000000
000000000000000000000000000000000000000000000000000000000000000000000000000000000000000000000000000000000000000000000000000000000000000000000000000000000000000000000000000000000000000000000000
000000000000000000000000000000000000000000000000000000000000000000000000000000000000000000000000000000000000000000000000000000000000000000000000000000000000000000000000000000000000000000000000
000000000000000000000000000000000000000000000000000000000000000000000000000000000000000000000000000000000000000000000000000000000000000000000000000000000000000000000000000000000000000000000000
000000000000000000000000000000000000000000000000000000000000000000000000000000000000000000000000000000000000000000000000000000000000000000000000000000000000000000000000000000000000000000000000
000000000000000000000000000000000000000000000000000000000000000000000000000000000000000000000000000000000000000000000000000000000000000000000000000000000000000000000000000000000000000000000000
000000000000000000000000000000000000000000000000000000000000000000000000000000000000000000000000000000000000000000000000000000000000000000000000000000000000000000000000000000000000000000000000
000000000000000000000000000000000000000000000000000000000000000000000000000000000000000000000000000000000000000000000000000000000000000000000000000000000000000000000000000000000000000000000000
000000000000000000000000000000000000000000000000000000000000000000000000000000000000000000000000000000000000000000000000000000000000000000000000000000000000000000000000000000000000000000000000
000000000000000000000000000000000000000000000000000000000000000000000000000000000000000000000000000000000000000000000000000000000000000000000000000000000000000000000000000000000000000000000000
000000000000000000000000000000000000000000000000000000000000000000000000000000000000000000000000000000000000000000000000000000000000000000000000000000000000000000000000000000000000000000000000
000000000000000000000000000000000000000000000000000000000000000000000000000000000000000000000000000000000000000000000000000000000000000000000000000000000000000000000000000000000000000000000000
000000000000000000000000000000000000000000000000000000000000000000000000000000000000000000000000000000000000000000000000000000000000000000000000000000000000000000000000000000000000000000000000
000000000000000000000000000000000000000000000000000000000000000000000000000000000000000000000000000000000000000000000000000000000000000000000000000000000000000000000000000000000000000000000000
000000000000000000000000000000000000000000000000000000000000000000000000000000000000000000000000000000000000000000000000000000000000000000000000000000000000000000000000000000000000000000000000
000000000000000000000000000000000000000000000000000000000000000000000000000000000000000000000000000000000000000000000000000000000000000000000000000000000000000000000000000000000000000000000000
000000000000000000000000000000000000000000000000000000000000000000000000000000000000000000000000000000000000000000000000000000000000000000000000000000000000000000000000000000000000000000000000
000000000000000000000000000000000000000000000000000000000000000000000000000000000000000000000000000000000000000000000000000000000000000000000000000000000000000000000000000000000000000000000000
000000000000000000000000000000000000000000000000000000000000000000000000000000000000000000000000000000000000000000000000000000000000000000000000000000000000000000000000000000000000000000000000
000000000000000000000000000000000000000000000000000000000000000000000000000000000000000000000000000000000000000000000000000000000000000000000000000000000000000000000000000000000000000000000000
000000000000000000000000000000000000000000000000000000000000000000000000000000000000000000000000000000000000000000000000000000000000000000000000000000000000000000000000000000000000000000000000
000000000000000000000000000000000000000000000000000000000000000000000000000000000000000000000000000000000000000000000000000000000000000000000000000000000000000000000000000000000000000000000000
000000000000000000000000000000000000000000000000000000000000000000000000000000000000000000000000000000000000000000000000000000000000000000000000000000000000000000000000000000000000000000000000
000000000000000000000000000000000000000000000000000000000000000000000000000000000000000000000000000000000000000000000000000000000000000000000000000000000000000000000000000000000000000000000000
000000000000000000000000000000000000000000000000000000000000000000000000000000000000000000000000000000000000000000000000000000000000000000000000000000000000000000000000000000000000000000000000
000000000000000000000000000000000000000000000000000000000000000000000000000000000000000000000000000000000000000000000000000000000000000000000000000000000000000000000000000000000000000000000000
000000000000000000000000000000000000000000000000000000000000000000000000000000000000000000000000000000000000000000000000000000000000000000000000000000000000000000000000000000000000000000000000
000000000000000000000000000000000000000000000000000000000000000000000000000000000000000000000000000000000000000000000000000000000000000000000000000000000000000000000000000000000000000000000000
000000000000000000000000000000000000000000000000000000000000000000000000000000000000000000000000000000000000000000000000000000000000000000000000000000000000000000000000000000000000000000000000
000000000000000000000000000000000000000000000000000000000000000000000000000000000000000000000000000000000000000000000000000000000000000000000000000000000000000000000000000000000000000000000000
000000000000000000000000000000000000000000000000000000000000000000000000000000000000000000000000000000000000000000000000000000000000000000000000000000000000000000000000000000000000000000000000
000000000000000000000000000000000000000000000000000000000000000000000000000000000000000000000000000000000000000000000000000000000000000000000000000000000000000000000000000000000000000000000000
000000000000000000000000000000000000000000000000000000000000000000000000000000000000000000000000000000000000000000000000000000000000000000000000000000000000000000000000000000000000000000000000
000000000000000000000000000000000000000000000000000000000000000000000000000000000000000000000000000000000000000000000000000000000000000000000000000000000000000000000000000000000000000000000000
000000000000000000000000000000000000000000000000000000000000000000000000000000000000000000000000000000000000000000000000000000000000000000000000000000000000000000000000000000000000000000000000
000000000000000000000000000000000000000000000000000000000000000000000000000000000000000000000000000000000000000000000000000000000000000000000000000000000000000000000000000000000000000000000000
000000000000000000000000000000000000000000000000000000000000000000000000000000000000000000000000000000000000000000000000000000000000000000000000000000000000000000000000000000000000000000000000
000000000000000000000000000000000000000000000000000000000000000000000000000000000000000000000000000000000000000000000000000000000000000000000000000000000000000000000000000000000000000000000000
000000000000000000000000000000000000000000000000000000000000000000000000000000000000000000000000000000000000000000000000000000000000000000000000000000000000000000000000000000000000000000000000
000000000000000000000000000000000000000000000000000000000000000000000000000000000000000000000000000000000000000000000000000000000000000000000000000000000000000000000000000000000000000000000000
000000000000000000000000000000000000000000000000000000000000000000000000000000000000000000000000000000000000000000000000000000000000000000000000000000000000000000000000000000000000000000000000
000000000000000000000000000000000000000000000000000000000000000000000000000000000000000000000000000000000000000000000000000000000000000000000000000000000000000000000000000000000000000000000000
000000000000000000000000000000000000000000000000000000000000000000000000000000000000000000000000000000000000000000000000000000000000000000000000000000000000000000000000000000000000000000000000
000000000000000000000000000000000000000000000000000000000000000000000000000000000000000000000000000000000000000000000000000000000000000000000000000000000000000000000000000000000000000000000000
000000000000000000000000000000000000000000000000000000000000000000000000000000000000000000000000000000000000000000000000000000000000000000000000000000000000000000000000000000000000000000000000
000000000000000000000000000000000000000000000000000000000000000000000000000000000000000000000000000000000000000000000000000000000000000000000000000000000000000000000000000000000000000000000000
000000000000000000000000000000000000000000000000000000000000000000000000000000000000000000000000000000000000000000000000000000000000000000000000000000000000000000000000000000000000000000000000
000000000000000000000000000000000000000000000000000000000000000000000000000000000000000000000000000000000000000000000000000000000000000000000000000000000000000000000000000000000000000000000000
000000000000000000000000000000000000000000000000000000000000000000000000000000000000000000000000000000000000000000000000000000000000000000000000000000000000000000000000000000000000000000000000
000000000000000000000000000000000000000000000000000000000000000000000000000000000000000000000000000000000000000000000000000000000000000000000000000000000000000000000000000000000000000000000000
000000000000000000000000000000000000000000000000000000000000000000000000000000000000000000000000000000000000000000000000000000000000000000000000000000000000000000000000000000000000000000000000
000000000000000000000000000000000000000000000000000000000000000000000000000000000000000000000000000000000000000000000000000000000000000000000000000000000000000000000000000000000000000000000000
000000000000000000000000000000000000000000000000000000000000000000000000000000000000000000000000000000000000000000000000000000000000000000000000000000000000000000000000000000000000000000000000
000000000000000000000000000000000000000000000000000000000000000000000000000000000000000000000000000000000000000000000000000000000000000000000000000000000000000000000000000000000000000000000000
000000000000000000000000000000000000000000000000000000000000000000000000000000000000000000000000000000000000000000000000000000000000000000000000000000000000000000000000000000000000000000000000
000000000000000000000000000000000000000000000000000000000000000000000000000000000000000000000000000000000000000000000000000000000000000000000000000000000000000000000000000000000000000000000000
000000000000000000000000000000000000000000000000000000000000000000000000000000000000000000000000000000000000000000000000000000000000000000000000000000000000000000000000000000000000000000000000
000000000000000000000000000000000000000000000000000000000000000000000000000000000000000000000000000000000000000000000000000000000000000000000000000000000000000000000000000000000000000000000000
000000000000000000000000000000000000000000000000000000000000000000000000000000000000000000000000000000000000000000000000000000000000000000000000000000000000000000000000000000000000000000000000
000000000000000000000000000000000000000000000000000000000000000000000000000000000000000000000000000000000000000000000000000000000000000000000000000000000000000000000000000000000000000000000000
000000000000000000000000000000000000000000000000000000000000000000000000000000000000000000000000000000000000000000000000000000000000000000000000000000000000000000000000000000000000000000000000
000000000000000000000000000000000000000000000000000000000000000000000000000000000000000000000000000000000000000000000000000000000000000000000000000000000000000000000000000000000000000000000000
000000000000000000000000000000000000000000000000000000000000000000000000000000000000000000000000000000000000000000000000000000000000000000000000000000000000000000000000000000000000000000000000
000000000000000000000000000000000000000000000000000000000000000000000000000000000000000000000000000000000000000000000000000000000000000000000000000000000000000000000000000000000000000000000000
000000000000000000000000000000000000000000000000000000000000000000000000000000000000000000000000000000000000000000000000000000000000000000000000000000000000000000000000000000000000000000000000
000000000000000000000000000000000000000000000000000000000000000000000000000000000000000000000000000000000000000000000000000000000000000000000000000000000000000000000000000000000000000000000000
000000000000000000000000000000000000000000000000000000000000000000000000000000000000000000000000000000000000000000000000000000000000000000000000000000000000000000000000000000000000000000000000
000000000000000000000000000000000000000000000000000000000000000000000000000000000000000000000000000000000000000000000000000000000000000000000000000000000000000000000000000000000000000000000000
000000000000000000000000000000000000000000000000000000000000000000000000000000000000000000000000000000000000000000000000000000000000000000000000000000000000000000000000000000000000000000000000
000000000000000000000000000000000000000000000000000000000000000000000000000000000000000000000000000000000000000000000000000000000000000000000000000000000000000000000000000000000000000000000000
000000000000000000000000000000000000000000000000000000000000000000000000000000000000000000000000000000000000000000000000000000000000000000000000000000000000000000000000000000000000000000000000
000000000000000000000000000000000000000000000000000000000000000000000000000000000000000000000000000000000000000000000000000000000000000000000000000000000000000000000000000000000000000000000000
000000000000000000000000000000000000000000000000000000000000000000000000000000000000000000000000000000000000000000000000000000000000000000000000000000000000000000000000000000000000000000000000
000000000000000000000000000000000000000000000000000000000000000000000000000000000000000000000000000000000000000000000000000000000000000000000000000000000000000000000001000000000000000000000000
000000000000000000000000000000000000000000000000000000000000000000000000000000000000000000000000000000000000000000000000000000000000000000000000000000000000000000000001000000000000000000000000
000000000000000000000000000000000000000000000000000000000000000000000000000000000000000000000000000000000000000000000000000000000000000000000000000000000000000000111111000000000000000000000000
000000000000000000000000000000000000000000000000000000000000000000000000000000000000000000000000000000000000000000000000000000000000000000000000000000000000000000000001000000000000000000000000
000000000000000000000000000000000000000000000000000000000000000000000000000000000000000000000000000000000000000000000000000000000000000000000000000000000000000000111111000000000000000000000000
000000000000000000000000000000000000000000000000000000000000000000000000000000000000000000000000000000000000000000000000000000000000000000000000000000000000000000111111000000000000000000000000
000000000000000000000000000000000000000000000000000000000000000000000000000000000000000000000000000000000000000000000000000000000000000000000000000000000000000000000001000000000000000000000000
000000000000000000000000000000000000000000000000000000000000000000000000000000000000000000000000000000000000000000000000000000000000000000000000000000000000000000000001000000000000000000000000
000000000000000000000000000000000000000000000000000000000000000000000000000000000000000000000000000000000000000000000000000000000000000000000000000000000000000000000001000000000000000000000000
000000000000000000000000000000000000000000000000000000000000000000000000000000000000000000000000000000000000000000000000000000000000000000000000000000000000000000000001000000000000000000000000
000000000000000000000000000000000000000000000000000000000000000000000000000000000000000000000000000000000000000000000000000000000000000000000000000000000000000000000001000000000000000000000000
000000000000000000000000000000000000000000000000000000000000000000000000000000000000000000000000000000000000000000000000000000000000000000000000000000000000000000111111000000000000000000000000
000000000000000000000000000000000000000000000000000000000000000000000000000000000000000000000000000000000000000000000000000000000000000000000000000000000000000000000001000000000000000000000000
000000000000000000000000000000000000000000000000000000000000000000000000000000000000000000000000000000000000000000000000000000000000000000000000000000000000000000111111000000000000000000000000
000000000000000000000000000000000000000000000000000000000000000000000000000000000000000000000000000000000000000000000000000000000000000000000000000000000000000000111111000000000000000000000000
000000000000000000000000000000000000000000000000000000000000000000000000000000000000000000000000000000000000000000000000000000000000000000000000000000000000000000000001000000000000000000000000
000000000000000000000000000000000000000000000000000000000000000000000000000000000000000000000000000000000000000000000000000000000000000000000000000000000000000000111111000000000000000000000000
000000000000000000000000000000000000000000000000000000000000000000000000000000000000000000000000000000000000000000000000000000000000000000000000000000000000000000111111000000000000000000000000
000000000000000000000000000000000000000000000000000000000000000000000000000000000000000000000000000000000000000000000000000000000000000000000000000000000000000000000001000000000000000000000000
000000000000000000000000000000000000000000000000000000000000000000000000000000000000000000000000000000000000000000000000000000000000000000000000000000000000000000000001000000000000000000000000
000000000000000000000000000000000000000000000000000000000000000000000000000000000000000000000000000000000000000000000000000000000000000000000000000000000000000000000001000000000000000000000000
000000000000000000000000000000000000000000000000000000000000000000000000000000000000000000000000000000000000000000000000000000000000000000000000000000000000000000000001000000000000000000000000
000000000000000000000000000000000000000000000000000000000000000000000000000000000000000000000000000000000000000000000000000000000000000000000000000000000000000000000001000000000000000000000000
000000000000000000000000000000000000000000000000000000000000000000000000000000000000000000000000000000000000000000000000000000000000000000000000000000000000000000000001000000000000000000000000
000000000000000000000000000000000000000000000000000000000000000000000000000000000000000000000000000000000000000000000000000000000000000000000000000000000000000000111111000000000000000000000000
000000000000000000000000000000000000000000000000000000000000000000000000000000000000000000000000000000000000000000000000000000000000000000000000000000000000000000000001000000000000000000000000
000000000000000000000000000000000000000000000000000000000000000000000000000000000000000000000000000000000000000000000000000000000000000000000000000000000000000000111111000000000000000000000000
000000000000000000000000000000000000000000000000000000000000000000000000000000000000000000000000000000000000000000000000000000000000000000000000000000000000000000000001000000000000000000000000
000000000000000000000000000000000000000000000000000000000000000000000000000000000000000000000000000000000000000000000000000000000000000000000000000000000000000000111111000000000000000000000000
000000000000000000000000000000000000000000000000000000000000000000000000000000000000000000000000000000000000000000000000000000000000000000000000000000000000000000000001000000000000000000000000
000000000000000000000000000000000000000000000000000000000000000000000000000000000000000000000000000000000000000000000000000000000000000000000000000000000000000000000001000000000000000000000000
000000000000000000000000000000000000000000000000000000000000000000000000000000000000000000000000000000000000000000000000000000000000000000000000000000000000000000111111000000000000000000000000
000000000000000000000000000000000000000000000000000000000000000000000000000000000000000000000000000000000000000000000000000000000000000000000000000000000000000000111111000000000000000000000000
111111000000000000000000000000000000000000000000000000000000000000000000000000000000000000000000000000000000000000000000000000000000000000000000000000000000000000111111000000000000000000000000
000001000000000000000000000000000000000000000000000000000000000000000000000000000000000000000000000000000000000000000000000000000000000000000000000000000000000000111111000000000000000000000000
000001000000000000000000000000000000000000000000000000000000000000000000000000000000000000000000000000000000000000000000000000000000000000000000000000000000000000111111000000000000000000000000
000001000000000000000000000000000000000000000000000000000000000000000000000000000000000000000000000000000000000000000000000000000000000000000000000000000000000000000001000000000000000000000000
111111000000000000000000000000000000000000000000000000000000000000000000000000000000000000000000000000000000000000000000000000000000000000000000000000000000000000000001000000000000000000000000
111111000000000000000000000000000000000000000000000000000000000000000000000000000000000000000000000000000000000000000000000000000000000000000000000000000000000000000001000000000000000000000000
111111000000000000000000000000000000000000000000000000000000000000000000000000000000000000000000000000000000000000000000000000000000000000000000000000000000000000000001000000000000000000000000
111111000000000000000000000000000000000000000000000000000000000000000000000000000000000000000000000000000000000000000000000000000000000000000000000000000000000000111111000000000000000000000000
111111000000000000000000000000000000000000000000000000000000000000000000000000000000000000000000000000000000000000000000000000000000000000000000000000000000111111000000000000000000000000000000
111111000000000000000000000000000000000000000000000000000000000000000000000000000000000000000000000000000000000000000000000000000000000000000000000000000000111111000000000000000000000000000000
000001000000000000000000000000000000000000000000000000000000000000000000000000000000000000000000000000000000000000111111000000000000000000000000000000000000000001000000000000000000000000000000
000001000000000000000000000000000000000000000000000000000000000000000000000000000000000000000000000000000000000000000001000000000000000000000000000000000000000001000000000000000000000000000000
000001000000000000000000000000000000000000000000000000000000000000000000000000000000000000000000000000000000000000000001000000000000000000000000000000000000000001000000000000000000000000000000
000001000000000000000000000000000000000000000000000000000000000000000000000000000000000000000000000000000000000000000001000000000000000000000000000000000000111111000000000000000000000000000000
000001000000000000000000000000000000000000000000000000000000000000000000000000000000000000000000000000000000000000111111000000000000000000000000000000000000000001000000000000000000000000000000
111111000000000000000000000000000000000000000000000000000000000000000000000000000000000000000000000000000000000000000001000000000000000000000000000000000000111111000000000000000000000000000000
111111000000000000000000000000000000000000000000000000000000000000000000000000000000000000000000000000000000000000000001000000000000000000000000000000000000111111000000000000000000000000000000
111111000000000000000000000000000000000000000000000000000000000000000000000000000000000000000000000000000000000000000001000000000000000000000000000000000000111111000000000000000000000000000000
111111000000000000000000000000000000000000000000000000000000000000000000000000000000000000000000000000111111000000111111000000000000000000000000000000000000111111000000000000000000000000000000
000001000000000000000000000000000000000000000000000000000000000000000000000000000000000000000000000000111111000000000001000000000000000000000000000000000000000001000000000000000000000000000000
111111000000000000000000000000000000000000000000000000000000000000000000000000000000000000000000000000111111000000000001000000000000000000000000000000000000111111000000000000000000000000000000
000001000000000000000000000000000000000000000000000000000000000000000000000000000000000000000000000000000001000000000001000000000000000000000000000000000000111111000000000000000000000000000000
000001000000000000000000000000000000000000000000000000000000000000000000000000000000000000000000000000111111000000111111000000000000000000000000000000000000000001000000000000000000000000000000
111111000000000000000000000000000000000000000000000000000000000000000000000000000000000000000000000000000001000000111111000000000000000000000000000000000000111111000000000000000000000000000000
000001000000000000000000000000000000000000000000000000000000000000000000000001000000000000000000000000111111000000000001000000000000000000000000000000000000000001000000000000000000000000000000
000001000000000000000000000000000000000000000000000000000000000000000000000001000000000000000000000000000001000000000001000000000000000000000000000000000000111111000000000000000000000000000000
000001000000000000000000000000000000000000000000000000000000000000000000111111000000000000000000000000000001000000000001000000000000000000000000000000000000000001000000000000000000000000000000
000001000000000000000000000000000000000000000000000000000000000000000000111111000000000000000000000000000001000000111111000000000000000000000000000000000000111111000000000000000000000000000000
111111000000000000000000000000000000000000000000000000000000000000000000000001000000000000000000000000000001000000000001000000000000000000000000000000000000000001000000000000000000000000000000
111111000000000001000000000000000000000000000000000000000000000000000000111111000000000000000000000000000001000000111111000000000000000000000000000000000000000001000000000000000000000000000000
000001000000111111000000000000000000000000000000000000000000000000000000000001000000000000000000000000111111000000000001000000000000000000000000000000000000111111000000000000000000000000000000
000001000000111111000000000000000000000000000000000000000000000000000000111111000000000000000000000000111111000000000001000000000000000000000000000000000000111111000000000000000000000000000000
000001000000111111000000000000000000000000000000000000000000000000000000111111000000000000000000000000111111000000000001000000000000000000000000000000000000111111000000000000000000000000000000
000001000000111111000000000000000000000000000000000000000000000000000000000001000000000000000000000000000001000000000001000000000000000000000000000000000000000001000000000000000000000000000000
000001000000111111000000000000000000000000000000000000000000000000000000000001000000000000000000000000111111000000111111000000000000000000000000000000000000111111000000000000000000000000000000
000001000000111111000000000000000000000000000000000000000000000000000000111111000000000000000000000000000001000000000001000000000000000000000000000000000000111111000000000000000000000000000000
000001000000000001000000000000000000000000000000000000000000000000000000000001000000000000000000000000111111000000111111000000000000000000000000000000000000000001000000000000000000000000000000
111111000000000001000000000000000000000000000000000000000000000000000000000001000000000000000000000000000001000000111111000000000000000000000000000000000000000001000000000000000000000000000000
111111000000111111000000000000000000000000000000000000000000000000000000111111000000000000000000000000000001000000000001000000000000000000000000000000000000111111000000000000000000000000000000
111111000000000001000000000000000000000000000000000000000000000000000000111111000000000000000000000000000001000000000001000000000000000000000000000000000000000001000000000000000000000000000000
111111000000111111000000000000000000000000000000000000000000000000000000000001000000000000000000000000111111000000111111000000000000000000000000000000000000000001000000000000000000000000000000
111111000000111111000000000000000000000000000000000000000000000000000000111111000000000000000000000000111111000000000001000000000000000000000000000000000000000001000000000001000000000000000000
000001000000000001000000000000000000000000000000000000000000000000000000000001000000000000000000000000000001000000111111000000000000000000000000000000000000111111000000000001000000000000000000
111111000000000001000000000000000000000000000000000000000000000000000000111111000000000000000000000000111111000000000001000000000000000000000000000000000000000001000000111111000000000000000000
000001000000000001000000000000000000000000000000000000000000000000000000111111000000000000000000000000111111000000111111000000000000000000000000000000000000000001000000000001000000000000000000
111111000000000001000000000000000000000000000000000000000000000000000000111111000000000000000000000000000001000000000001000000000000000000000000000000000000000001000000111111000000000000000000
000001000000111111000000000000000000000000000000000000000000000000000000111111000000000000000000000000111111000000111111000000000000000000000000000000000000000001000000000001000000000000000000
111111000000111111000000000000000000000000000000000000000000000000000000000001000000000000000000000000111111000000000001000000000000000000000000000000000000000001000000000001000000000000000000
111111000000111111000000000000000000000000000000000000000000000000000000000001000000000000000000000000111111000000000001000000000000000000000000000000000000111111000000000001000000000000000000
000001000000000001000000000000000000000000000000000000000000000000000000000001000000000000000000000000111111000000111111000000000000000000000000000000000000000001000000000001000000000000000000
000001000000000001000000000000000000000000000000000000000000000000000000000001000000000000000000000000111111000000000001000000000000000000000000000000000000000001000000111111000000000000000000
000001000000000001000000000000000000000000000000000000000000000000000000111111000000000000000000000000000001000000111111000000000000000000000000000000000000111111000000111111000000000000000000
000001000000000001000000000000000000000000000000000000000000000000000000111111000000000000000000000000000001000000111111000000000000000000000000000000000000111111000000000001000000000000000000
000001000000000001000000000000000000000000000000000000000000000000000000111111000000000000000000000000000001000000000001000000000000000000000000000000000000000001000000111111000000000000000000
000001000000000001000000000000000000000000000000000000000000000000000000111111000000000000000000000000000001000000000001000000000000000000000000000000000000111111000000000001000000000000000000
000001000000000001000000000000000000000000000000000000000000000000000000000001000000000000000000000000000001000000000001000000000000000000000000000000000000000001000000111111000000000000000000
000001000000000001000000000000000000000000000000000000000000000000000000111111000000000000000000000000111111000000111111000000000000000000000001000000000000111111000000000001000000000000000000
000001000000111111000000000000000000000000000000000000000000000000000000000001000000000000000000000000000001000000000001000000000000000000000001000000000000111111000000000001000000000000000000
000001000000111111000000000000000000000000000000000000000000000000000000111111000000000000000000000000111111000000111111000000000000000000111111000000000000000001000000000001000000000000000000
111111000000000001000000000000000000000000000000000000000000000000000000111111000000000000000000000000111111000000111111000000000000000000000001000000000000000001000000000001000000000000000000
000001000000111111000000000000000000000000000000000000000000000000111111111111000000000000000000000000111111000000111111000000000000000000000001000000000000111111000000111111000000000000000000
000001000000000001000000000000000000000000000000000000000000000000111111000001000000000000000000000000000001000000000001000000000000000000111111000000000000000001000000000001000000000000000000
111111000000000001000000000000000000000000000000000000000000000000000001000001000000000000000000000000000001000000111111000000000000000000111111000000000000111111000000000001000000000000000000
111111000000111111000000000000000000000000000000000000000000000000111111111111000000000000000000000000000001000000000001000000000000000000000001000000000000111111000000111111000000000000000000
111111000000111111000000000000000000000000000000000000000000000000111111000001000000000000000000000000000001000000111111000000000000000000000001000000000000000001000000000001000000000000000000
000001000000000001000000000000000000000000000000000000000000000000111111000001000000000000000000000000111111000000000001000000000000000000000001000000000000111111000000000001000000000000000000
000001000000000001000000000000000000000000000000000000111111000000111111111111000000000000000000000000000001000000111111000000000000000000000001000000000000000001000000000001000000000000000000
111111000000000001000000000000000000000000000000000000000001000000111111111111000000000000000000000000111111000000000001000000000000000000111111000000000000000001000000111111000000000000000000
000001000000000001000000000000000000000000000000000000000001000000000001000001000000000000000000000000000001000000111111000000000000000000111111000000000000000001000000000001000000000000000000
000001000000111111000000000000000000000000000000000000000001000000111111111111000000000000000000000000000001000000111111000000000000000000111111000000000000000001000000111111000000000000000000
111111000000000001000000000000000000000000000000000000000001000000000001111111000000000000000000000000111111111111000000000000000000000000000001000000000000111111000000000001000000000000000000
000001000000111111000000000000000000000000000000000000111111000000111111000001000000000000000000000000000001111111000000000000000000000000111111000000000000000001000000111111000000000000000000
000001000000000001000000000000000000000000000000000000111111000000000001000001000000000000000000000000000001111111000000000000000000000000111111000000000000000001000000000001000000000000000000
111111000000000001000000000000000000000000000000000000000001000000111111000001000000000000000000000000000001111111000000000000000000000000111111000000000000000001000000111111000000000000000000
000001000000000001000000000000000000000000000000000000111111000000000001111111000000000000000000000000111111000001000000000000000000000000111111000000000000000001000000000001000000000000000000
111111000000111111000000000000000000000000000000000000111111000000000001111111000000000000000000000000000001111111000000000000000000000000111111000000000000000001000000111111000000000000000000
000001000000111111000000000000000000000000000000000000111111000000111111111111000000000000000000000000000001111111000000000000000000000000000001000000000000000001000000111111000000000000000000
000001000000000001000000000000000000000000000000000000000001000000111111000001000000000000000000000000111111000001000000000000000000000000000001000000000000111111000000111111000000000000000000
000001000000111111000000000000000000000000000000000000000001000000111111000001000000000000000000000000111111000001000000000000000000000000000001000000000000000001000000111111000000000000000000
000001000000000001000000000000000000000000111111000000111111000000111111000001000000000000000000000000000001111111000000000000000000000000000001000000000000111111000000000001000000000000000000
000001000000000001000000000000000000000000000001000000111111000000111111000001000000000000000000000000111111111111000000000000000000000000000001000000000000111111000000000001000000000000000000
000001000000111111000000000000000000000000111111000000111111000000000001111111000000000000000000000000111111111111000000000000000000000000111111000000000000000001000000111111000000000000000000
111111000000111111000000000000000000000000000001000000111111000000000001111111000000000000000000000000111111111111000000000000000000000000000001000000000000111111000000000001000000000000000000
111111000000000001000000000000000000000000000001000000000001000000000001111111000000000000000000000000000001111111000000000000000000000000000001000000000000111111000000000001000000000000111111
111111000000000001000000000000000000000000111111000000111111000000000001000001000000000000000000000000111111111111000000000000000000000000000001000000000001000001000000000001000000000000111111
111111000000000001000000000000000000000000000001000000111111000000000001000001000000000000000000000000000001111111000000000000000000000000000001000000000001000001000000000001000000000000000001
111111000000111111000000000000000000000000000001000000111111000000111111111111000000000000000000000000000001111111000000000000000000000000000001000000000001111111000000111111000000000000111111
111111000000000001000000000000000000000000111111000000111111000000000001000001000000000000000000000000111111111111000000000000000000000000111111000000111111000001000000111111000000000000111111
111111000000111111000000000000000000000000111111000000111111000000111111111111000000000000000000000000111111000001000000000000000000000000000001000000000001111111000000111111000000000000111111
000001000000000001000000000000000000000000111111000000000001000000111111000001000000000000000000000000000001000001000000000001000000000000000001000000111111000001000000111111000000000000000001
000001000000000001000000000000000000000000111111000000000001111111000000111111000000000000000000000000111111111111000000000001000000000000000001000000111111000001000000000001000000000000111111
111111000000111111000000000000000000000000000001000000000001111111000000111111000000000000000000000000111111111111000000000001000000000000000001000000111111111111000000111111000000000000000001
111111000000111111000000000000000000000000000001000000111111000001000000111111000000000000000000000000111111000001000000111111000000000000111111000000111111111111000000000001000000000000111111
000001000000000001000000000000000000000000111111000000111111000001000000111111000000000000000000000000111111111111000000111111000000000000111111000000111111000001000000111111000000000000000001
111111000000000001000000000000000000000000000001000000111111111111000000000001000000000000000000000000111111000001000000111111000000000000000001000000111111000001000000111111000000000000111111
000001000000111111000000000000000000000000111111000000111111000001000000000001000000000000000000000000000001111111000000111111000000000000000001000000111111000001000000000001000000000000000001
000001000000000001000000000000000000000000111111000000000001111111000000000001000000000000000000000000000001111111000000111111000000000000111111000000000001000001000000111111000000000000111111
111111000000111111000000000000000000000000111111000000000001000001000000111111000000000000000000000000111111111111000000000001000000000000111111000000111111000001000000000001000000000000000001
000001000000111111000000000000000001000000000001000000000001111111000000111111000000000000000000000000000001111111000000111111000000000000000001000000000001000001000000111111000000000000111111
000001000000111111000000000000000001000000000001000000111111111111000000111111000000000000000000000001000000111111000000111111000000000000000001000000111111111111000000111111000000000000111111
111111000000111111000000000000000001000000000001000000000001111111000000111111000000000000000000000001000000111111000000000001000000000000000001000000111111111111000000111111000000000000111111
000001000000000001000000000000000001000000000001000000000001111111000000111111000000000000000000111111000000111111000000000001000000000000000001000000111111000001000000000001000000000000111111
000001000000111111000000000000111111000000000001000000000001111111000000000001000000000000000000111111000000111111000000000001000000000000111111000000000001111111000000000001000000000000000001
111111000000000001000000000000111111000000000001000000111111000001000000111111000000000000000000111111000000111111000000111111000000000000111111000000111111111111000000000001000000000000000001
000001000000000001000000000000000001000000000001000000111111111111000000111111000000000000000000000001000000111111000000000001000000000000000001000000111111000001000000000001000000000000111111
000001000000000001000000000000000001000000000001000000111111000001000000111111000000000000000000000001000000111111000000111111000000000000000001000000000001000001000000000001000000000000111111
000001000000000001000000000000000001000000000001000000111111111111000000000001000000000000000000000001000000111111000000111111000000000000111111000000111111111111000000111111000000000000000001
111111000000000001000000000000111111000000000001000000000001111111000000000001000000000000000000000001000000000001000000111111000000000000111111000000111111000001000000000001000000000000111111
000001000000111111000000000000111111000000111111000000000001000001000000000001000000000000000000000001000000111111000000111111000000000000000001000000111111000001000000000001000000000000111111
111111000000111111000000000000111111000000111111000000000001111111000000111111000000000000000000111111000000000001000000111111000000000000111111000000111111111111000000000001000000000000111111
111111000000000001000000000000000001000000111111000000000001111111000000111111000000000000000000111111000000111111000000000001000000000000000001000000000001111111000000000001000000000000000001
000001000000000001000000000000000001000000111111000000111111111111000000111111000000000000000000111111000000111111000000111111000000000000000001000000000001111111000000111111000000000000000001
111111000000000001000000000000000001000001000000000000111111111111000000111111000000000000000000000001000000111111000000000001000000000000000001000000111111111111000000111111000000000000000001
111111000000000001000000000000000001000001000000000000000001000001000000000001000000000000111111000001000000111111000000111111000000000000111111000000111111111111000000000001000000000000000001
000001000000111111000000000000111111111111000000000000000001000001000000000001000000000000111111111111000000111111000000000001000000000000000001000000111111111111000000111111000000000000111111
000001000000000001000000000000000001000001000000000000000001000001000000111111000000000000000001000001000000111111000000111111000000000000000001000000000001111111000000111111000000000000000001
111111000000111111000000000000000001111111000000000000111111000001000000000001000000000000000001111111000000000001000000000001000000000000000001000000111111000001000000000001000000000000111111
111111000000111111000000000000000001000001000000000000111111000001000000000001000000000000111111111111000000111111000000111111000000000000000001000000000001111111000000000001000000000000111111
111111000000111111000000000000000001111111000000000000111111111111000000000001000000000000000001000001000000000001000000111111000000000000111111000000111111111111000000000001000000000000000001
000001000000000001000000000000000001000001000000000000000001111111000000111111000000000000000001111111000000000001000000000001000000000000000001000000111111000001000000000001000000000000111111
111111000000111111000000000000000001000001000000000000111111000001000000111111000000000001000001000001000000000001000000111111000000000000111111000000000001000001000000000001000000000000000001
000001000000111111000000000000000001000001000000000000000001000001000000000001000000000001111111111111000000000001000000111111000000000000111111000000111111111111000000000001000000000000000001
000001000000111111000000000000000001000001000000000000000001000001000000000001000000000001000001111111000000000001000000000001000000000000000001000000111111000001000000111111000000000000111111
111111000000111111000000000000000001000001000000000000111111111111000000000001000000000001000001000001000000111111000000000001000000000000111111000000111111111111000000000001000000000000111111
111111000000000001000000000000111111000001000000000000000001111111000000000001000000000001000001111111000000000001000000000001000000000000000001000000111111111111000000000001000000000000000001
111111000000111111000000000000111111111111000000000000000001000001000000111111000000111111000001000001000000000001000000111111000000000000111111000000000001000001000000111111000000000000111111
111111000000000001000000000000111111111111000000000000111111111111000000000001000000111111111111111111000000000001000000111111000000000000000001000000000001111111000000111111000000000000000001
000001000000000001000000000000111111000001000000000000111111000001000000111111000000111111000001000001000000000001000000000001000000000000000001000000111111000001000000111111000000000000000001
111111000000000001000000000000000001111111000000000000111111000001000000111111000000111111111111111111000000111111000000000001000000000000111111000001000000000001000000111111000000000000000001
000001000000111111000000000000111111111111000000000000111111111111000000000001000000111111111111111111000000000001000000111111000000000000111111000001000000000001000000111111000000000000000001
111111000000000001000000000000111111111111000000000000000001111111000000111111000000111111000001000001000000111111000000111111000000000000111111111111000000000001000000111111000000000000111111
111111000000111111000000000000000001111111000000000000000001000001000000111111000000000001111111111111000000111111000000000001000000000000111111111111000000000001000000000001000000000000111111
000001000000111111000000000000000001000001000000000000000001111111000000000001000000000001111111000001000000111111000000111111000000000000000001000001000000111111000000000001000000000000111111
111111000000000001000000000000000001000001000000000000111111111111000000000001000000111111111111111111000000111111000000000001000000000000111111000001000000000001000000000001000000000000111111
111111000000000001000000000000111111111111000000000000111111111111000000111111000000000001111111000001000000000001000000000001000000000000000001111111000000111111000000111111000000000000000001
111111000000111111000000111111000001111111000000000000111111111111000000000001000000111111111111000001000000000001000000111111000000000000111111000001000000000001000000000001000000000000000001
000001000000111111000000111111111111000001000000000000111111111111000000000001000000000001000001111111000000000001000000000001000000000000000001000001000000000001000000000001000000000000000001
111111000000111111000000111111000001111111000000000000111111111111000000111111000000111111111111111111000000111111000000111111000000000000000001000001000000000001000000111111000000000000111111
111111000000111111000000000001000001111111000000000000111111000001000000000001000000111111111111111111000000000001000000111111000000000000000001000001000000000001000000111111000000000000000001
000001000000000001000000111111000001111111000000000000000001000001000000111111000000111111111111000001000000111111000000111111000000000000000001000001000000111111000000111111000000000000000001
000001000000000001000000111111111111000001000000000000000001111111000000111111000000000001000001000001000000000001000000000001000000000000000001000001000000111111000000111111000000000000111111
111111000000111111000000111111000001000001000000000000000001000001000000111111000000111111111111111111000000000001000000111111000000000000000001111111000000000001000000111111000000000000000001
111111000000000001000000000001000001000001000000000000111111111111000000111111000000000001000001000001000000000001000000000001000000000000111111000001000000111111000000000001000000000000111111
111111000000111111000000111111000001000001000000000000111111111111000000111111000000111111000001000001000000000001000000000001000000000000111111000001000000111111000000111111000000000000000001
111111000000111111000000111111000001111111000000000000111111111111000000111111000000000001111111111111000000000001000000000001111111000000111111111111000000111111000000000001000000000000000001
111111000000111111000000000001000001111111000000000000111111111111000000111111000000111111000001111111000000111111000000000001000001000000111111000001000000111111000000111111000000000000111111
000001000000000001000000000001000001111111000000000000111111111111000000111111000000111111000001000001000000111111000000111111000001000000111111000001000000111111000000000001000000000000111111
000001000000111111000000000001111111111111000000000000111111000001000000111111000000000001111111111111000000111111000000111111111111000000000001000001000000000001000000000001000000000000000001
000001000000000001000000000001000001111111000000000000000001000001000000000001000000111111111111111111000000000001000000111111111111000000111111000001000000111111000000000001000000000000111111
000001000000000001000000111111000001000001000000000000000001111111000000000001000000111111111111000001000000111111000000111111000001000000111111111111000001111111000000111111000000000000111111
000001000000000001000000000001111111111111000000000000111111000001000000000001000000000001000001000001000000000001000000000001000001000000000001000001111111111111000000000001000000111111111111
000001000000111111000000111111000001000001000000000000111111000001000000111111000000111111000001111111000000111111000000000001111111000000111111111111000001000001000000000001000000000001000001
000001000000111111000000000001000001111111000000000000000001000001000000111111000000000001000001111111000000000001000000000001000001000000000001000001000001111111000000111111000000000001000001
000001000000000001000000000001000001000001000000000000000001000001000000111111000000000001111111111111000000000001000000111111111111000000111111111111000001000001000000000001000000111111000001
000001000000000001000000000001000001000001111111000000111111000001000000000001000000000001000001111111000000111111000000111111111111000000111111000001000001000001000000111111000000111111111111
000001000000000001000000000001000001111111111111000000000001111111000000000001000000111111111111111111000000000001000000000001000001000000111111000001000001000001000000111111000000111111111111
000001000000000001000000000001000001111111111111000000000001000001000000111111000000000001111111000001000000000001000000111111111111000000000001000001111111000001000000111111000000111111111111
111111000000000001000000000001111111000001111111111111000000111111000000000001000000000001111111111111000000000001000000000001000001000000000001000001000001000001000000111111000000111111111111
000001000000000001000000000001000001111111000001111111000000111111000000111111000000111111000001111111000000000001000000111111000001000000111111000001000001000001000000000001000000111111000001
111111000000000001000000111111111111000001111111111111000000111111000000111111000000111111000001000001000000000001000000111111111111000000111111111111000001000001000000111111000000000001000001
111111000000111111000000111111000001111111000001111111000000111111000000111111000000111111000001111111000000111111000000111111000001000000111111111111000001111111000000000001000000111111000001
000001000000000001000000111111000001111111111111000001000000111111000000000001000000000001111111111111000000000001000000111111111111000000000001111111000001000001000000111111000000000001000001
000001000000000001000000111111000001111111000001111111000000111111000000000001000000111111000001111111000000000001000000000001111111000000111111000001000001111111000000000001000000111111111111
111111000000111111000000000001000001111111000001111111000000111111000000111111000000111111111111111111000000111111000000111111000001000000111111000001000001000001000000111111000000111111111111
111111000000111111000000000001000001111111000001000001000000111111000000000001000000111111111111000001000000000001000000000001111111000000111111111111111111000001000000111111000000000001000001
000001000000111111000000000001111111111111111111111111000000000001000000111111000000111111000001111111000000000001000000000001111111000000000001000001111111111111000000000001000000111111111111
111111000000111111000000000001000001000001000001111111000000111111000000000001000000000001000001000001000000111111000000111111111111000000000001000001000001000001000000000001000000000001111111
000001000000000001000000111111111111111111111111111111000001111111000000111111000000000001000001111111000000000001000000000001000001000000111111111111000001111111000000000001000000111111111111
111111000000000001000000000001111111000001111111111111000001111111000000111111000000111111000001000001000000000001000000000001111111000000000001000001111111111111000000111111000000111111000001
000001000000111111000000111111000001000001111111000001111111000001000000000001000000000001111111111111000000000001000000000001111111000000000001111111111111111111000000111111000000111111000001
111111000000111111000000111111111111000001111111111111000001000001000000000001000000000001111111111111000000000001000000000001111111000000111111000001111111111111000000111111000000111111000001
000001000000000001000000000001000001000001000001000001000001111111000000000001000000111111000001000001000000000001000000111111000001000000111111111111000001111111000000111111000000000001111111
111111000000000001000000000001111111111111000001111111111111111111000000000001000000111111111111000001000000111111000000111111111111000000000001000001111111111111000000111111000000000001111111
000001000000000001000000000001111111000001111111111111000001000001111111000001000000000001111111111111000000111111000000111111111111000000111111000001000001111111000000111111000000111111111111
111111000000000001000000111111000001000001111111000001000001000001000001000001000000111111111111111111000000000001000000000001000001000000000001000001000001000001000000000001000000000001000001
111111000000111111000000111111111111111111111111000001000001111111111111111111000000111111111111111111000000000001000000111111111111000000000001111111000001111111000000111111000000111111000001
111111000000000001000000111111000001000001111111000001111111111111111111000001000000000001000001111111000000111111000000111111000001000000111111000001000001111111000000000001000000111111111111
000001000000111111000000000001000001000001000001111111111111000001111111000001000000000001111111111111000000000001000000111111111111111111000001111111111111111111000000000001000000111111111111
000001000000000001000000111111000001000001000001000001111111111111111111111111000000111111111111000001000000000001000000000001111111000001111111111111111111000001000000000001000000111111111111
000001000000111111000000111111111111111111111111000001000001000001111111111111000000000001000001111111000000111111000000111111111111000001000001111111111111111111000000000001000000111111111111
111111000000111111000000000001000001111111111111000001111111111111111111000001000000111111000001000001000000000001000000111111000001111111111111000001111111111111000000000001000000111111000001
000001000000000001000000111111111111111111000001000001111111111111000001111111000000111111000001111111000000111111000000111111111111111111111111111111000001111111000000111111000000111111111111
000001000000000001000000000001000001000001111111111111000001000001000001000001000000111111111111111111000000111111000000111111111111000001000001000001111111111111000000000001000000000001000001
111111000000000001000000111111111111000001000001111111111111000001111111111111000000000001111111111111000000000001000000111111000001000001111111111111111111111111000000000001000000111111000001
000001000000000001000000000001111111000001000001111111111111000001111111111111000000111111111111000001000000000001000000000001000001000001111111111111111111000001000000000001000000111111111111
111111000000111111000000000001111111111111111111000001111111000001111111000001000000000001111111111111000000000001000000111111111111111111000001111111111111111111000000000001000000111111111111
111111000000111111000000111111111111111111111111000001111111000001000001111111000000000001000001000001000000000001000000000001000001000001000001000001111111000001000000000001000000111111000001
000001000000111111000000000001111111000001000001000001000001111111000001111111000000000001111111000001000000000001000000111111111111111111000001111111000001000001000000111111000000111111111111
000001000000111111000000000001111111000001111111111111000001000001111111000001000000000001000001000001000000111111000000111111111111111111111111000001000001111111000000000001000000000001000001
111111000000111111000000000001111111111111000001111111000001000001000001111111000000000001111111000001000000111111000000000001111111000001000001000001111111111111000000000001000000111111111111
111111000000000001000000000001111111000001000001111111111111111111111111000001000000000001000001111111000000000001000000111111000001000001000001111111111111111111000000000001000000000001111111
000001000000000001000000000001111111111111111111111111111111000001000001111111000000111111000001111111000000000001000000111111111111111111111111111111111111111111000000111111000000000001111111
000001000000000001000000111111111111111111111111000001000001111111111111111111000000111111111111000001000000000001000000000001111111000001111111111111000001111111000000000001000001000001111111
111111000000000001000000111111111111000001111111111111000001000001000001111111000000111111000001111111000000000001000000000001111111000001000001000001111111000001000000111111111111000001000001
000001000000000001000000111111000001111111111111111111000001111111111111111111000000000001111111000001000000000001000000000001111111000001000001111111000001111111000000111111111111000001000001
111111000000000001000000000001111111111111111111000001111111000001111111000001000000111111000001111111000000000001000000000001000001000001111111111111000001000001000000111111000001000001000001
000001000000111111000000000001111111000001000001000001111111111111000001000001000000111111000001111111000000000001000000111111000001000001111111000001111111000001000000000001111111000001000001
111111000000111111000000111111000001000001111111000001000001111111111111000001000000000001000001111111000000000001000000000001000001000001000001111111000001111111000000111111111111111111111111
111111000000111111000000000001111111000001000001111111000001000001000001000001000000000001111111111111000000000001000000111111111111000001000001000001000001000001000000000001000001111111111111
111111000000000001000000111111000001111111000001000001000001111111111111000001000000000001111111111111000000000001000000111111111111000001111111000001111111111111000000111111000001000001111111
111111000000000001000000000001111111000001111111111111111111000001000001111111000000000001111111111111000000000001000000000001111111111111000001111111000001111111000000000001111111111111111111
111111000000000001000000111111000001000001000001000001000001000001000001111111000000000001111111111111000000111111000000111111000001000001000001000001111111000001000000111111111111111111000001
111111000000000001000000111111111111111111111111111111000001111111111111111111000000111111000001000001000000000001000000111111000001000001000001111111000001000001000000000001000001111111111111
111111000000000001000000000001000001111111111111000001000001000001000001000001000000111111000001000001000000111111000000000001111111000001111111000001111111000001000000000001000001000001111111
000001000000000001111111000001000001000001000001111111111111111111111111111111000000000001111111000001000000111111000000000001000001000001111111111111111111111111000000111111000001111111111111
111111000000000001000001111111111111000001111111000001111111111111000001000001000000111111111111000001000000000001000000000001000001000001000001000001111111000001000000000001111111000001111111
000001000000000001000001111111000001111111000001000001000001000001000001000001000000111111111111111111000000000001000000000001000001000001111111000001000001111111000000000001000001111111111111
111111000000000001000001111111111111000001111111111111111111000001000001111111000000111111111111000001000000111111000000111111111111000001111111111111000001000001000000000001111111000001000001
111111000000111111000001111111111111000001000001111111111111111111111111000001000000111111111111111111000000111111000000111111111111111111111111000001111111111111000000111111111111111111000001
111111000000000001111111111111000001000001111111000001111111000001000001000001000001111111000001111111000000111111000000111111000001111111111111000001111111111111000000111111000001000001000001
111111000000111111111111000001000001000001000001000001000001000001000001111111000001111111000001111111000000000001000000000001111111000001000001000001000001111111000000000001000001111111000001
111111000000000001000001111111000001000001111111111111000001000001111111000001000001111111000001000001000000111111000000111111111111000001111111111111111111111111000000111111111111111111111111
111111000000000001000001000001000001111111111111000001111111111111000001111111111111111111000001000001000000000001000000111111111111000001111111000001000001111111000000000001000001111111000001
111111000000000001000001000001111111000001000001111111111111000001000001111111000001000001111111000001000000111111000000111111111111111111000001000001111111111111000000111111000001000001111111
000001000000000001000001111111111111111111111111000001111111111111000001111111111111111111000001111111000000111111000000000001000001111111000001111111111111111111000000111111111111000001111111
000001000000000001111111000001000001111111111111000001111111111111000001000001000001000001000001111111000001111111000000000001000001000001000001000001000001000001000000000001000001000001000001
111111000000111111000001111111000001000001111111111111000001111111000001000001000001111111111111000001000001111111000000000001111111111111000001000001111111000001000000000001111111000001111111
000001000000111111000001111111111111111111111111111111000001000001000001000001000001111111000001111111000001111111000000000001000001111111111111111111000001000001000000111111000001000001111111
111111000000111111111111000001000001000001000001000001000001000001000001000001000001111111111111111111111111000001000000000001111111000001000001000001111111111111000000111111000001000001111111
111111000000000001000001111111000001111111111111111111111111000001000001111111000001111111111111111111000001000001000000000001000001000001000001111111111111111111000000000001000001111111111111
111111000000000001000001111111111111000001000001000001000001000001111111000001111111000001000001111111111111000001000000111111000001000001111111000001111111111111000000111111111111000001111111
111111000000111111111111111111000001111111111111111111000001111111111111000001000001111111111111111111000001111111000000000001000001111111111111000001000001000001000000111111111111111111111111
000001000000111111000001000001000001000001000001111111111111111111111111000001111111111111000001111111000001111111000000000001111111111111111111111111111111111111000000000001111111111111111111
000001000000000001111111111111000001000001000001111111111111111111111111111111000001000001000001111111000001000001000001111111111111000001111111000001000001111111000000111111000001000001111111
000001000000111111111111000001000001000001111111000001000001000001111111111111000001111111000001000001000001000001111111000001111111000001000001111111000001111111000000111111111111000001111111
000001000000000001000001000001000001111111111111111111111111000001111111000001000001111111000001000001111111000001111111111111000001000001111111000001000001000001000000111111000001111111111111
000001000000000001111111000001000001111111111111111111111111000001111111111111111111000001000001111111000001000001000001111111111111000001000001111111111111000001000000000001111111000001111111
111111000000000001111111000001111111000001111111111111111111000001000001000001000001000001111111000001111111111111000001000001111111000001111111000001000001000001000000000001000001111111111111
111111000000111111000001111111000001111111111111111111111111000001000001000001000001111111111111000001111111111111111111000001111111111111111111111111111111111111000000111111000001111111000001
000001000000111111111111111111111111000001000001111111000001111111111111111111111111000001000001000001000001000001000001111111000001111111000001000001111111000001000000000001000001111111111111
111111000000000001000001000001000001000001111111000001000001111111111111000001111111111111111111000001000001111111000001000001000001000001000001000001111111000001000000111111000001000001000001
111111000000111111000001000001111111111111000001111111111111111111111111111111111111000001111111111111111111111111111111111111000001111111111111111111111111111111000000111111111111111111000001
000001000000111111111111111111000001000001000001111111000001111111000001000001000001111111000001000001000001111111111111000001000001111111000001111111000001000001000000111111000001111111000001
000001111111111111000001000001111111111111111111000001000001111111111111111111000001111111111111111111111111111111111111111111000001000001000001000001000001000001000000111111000001000001111111
111111111111111111000001111111111111111111000001111111111111000001000001111111000001000001111111000001000001000001111111111111111111111111111111000001111111000001000000111111000001111111111111
111111111111000001111111000001111111111111111111111111111111000001111111111111111111000001000001111111000001000001000001111111111111000001111111000001000001000001000000111111000001000001111111
111111111111111111000001111111111111000001111111000001111111000001000001000001111111111111111111111111111111000001000001000001111111000001000001000001000001111111000000111111111111111111111111
000001111111111111111111111111000001000001000001000001111111111111111111000001000001111111000001000001000001111111000001000001111111000001111111111111111111111111000000000001000001000001000001
111111111111000001111111111111111111000001000001000001000001111111111111111111000001000001111111000001000001111111000001000001111111000001111111111111000001000001000000000001000001000001111111
111111000001111111000001000001000001111111111111000001111111000001111111111111111111000001000001111111111111000001000001111111000001000001000001000001000001000001000000000001000001000001111111
111111111111111111111111000001111111111111111111111111111111000001000001111111111111000001111111000001000001111111000001111111000001111111111111000001000001111111000000111111111111000001000001
111111000001000001111111000001000001000001111111000001000001000001000001111111111111000001000001111111111111111111000001000001000001111111111111000001000001000001000000111111000001000001000001
000001000001000001111111000001000001111111111111111111111111111111111111000001000001111111111111000001000001111111111111000001111111111111111111111111111111000001000000000001111111111111000001
000001000001111111111111000001111111000001111111000001111111000001111111000001000001111111000001000001000001111111000001000001111111000001111111000001000001000001000000000001000001111111000001
111111111111000001111111111111000001000001000001000001111111111111000001000001111111000001000001111111000001111111000001111111000001111111111111111111111111111111000000111111000001000001000001
111111000001111111000001111111000001111111111111000001111111111111111111111111000001111111000001111111000001111111000001000001111111111111000001111111111111000001000000000001000001111111000001
000001000001000001111111000001111111000001000001000001000001111111000001111111000001111111000001000001000001000001000001111111111111111111000001111111111111000001000000111111111111000001000001
000001111111000001000001000001111111000001000001111111000001000001000001000001000001000001111111000001000001111111111111111111111111111111000001111111111111111111000000111111111111111111000001
000001000001111111000001111111000001111111000001111111111111111111000001111111111111000001000001000001000001111111000001111111111111000001000001111111111111000001000000000001111111000001000001
111111111111111111000001000001000001000001111111000001111111111111111111111111111111111111000001000001111111111111000001000001000001111111000001000001111111111111000000000001000001111111111111
000001000001000001111111000001111111000001111111000001000001000001111111000001000001000001000001000001111111111111000001111111111111111111000001111111111111000001000000000001111111000001111111
000001111111000001111111111111111111000001111111111111111111000001111111111111111111111111000001111111000001111111111111000001000001111111000001000001000001000001000000111111111111000001000001
000001111111111111111111000001000001111111111111000001111111111111000001000001000001000001111111111111000001111111000001111111000001000001000001000001000001000001000000000001000001000001000001
000001000001000001111111000001111111111111111111111111111111000001000001111111000001000001111111111111000001000001111111111111111111111111111111111111000001000001000000111111111111000001111111
111111000001000001000001111111000001000001111111000001111111000001000001000001000001111111111111000001111111000001000001000001000001000001111111111111111111111111000000111111000001111111000001
000001000001111111111111000001000001111111000001000001000001111111000001000001111111111111000001111111111111111111111111111111000001000001000001111111000001111111000000111111111111000001000001
111111000001111111111111111111000001111111000001111111111111000001111111111111111111111111111111111111000001111111111111111111111111000001000001111111111111000001000000000001111111000001111111
000001000001000001111111000001111111000001111111000001000001111111000001111111111111111111111111111111000001111111111111000001111111000001111111111111000001111111000000000001111111111111111111
000001000001111111000001000001111111000001000001000001000001000001111111111111111111000001111111111111111111111111111111111111000001111111000001111111111111000001000000000001000001111111111111
000001000001111111111111111111111111000001000001000001000001111111111111111111111111000001111111000001111111111111111111000001111111111111000001000001000001000001000000111111111111111111111111
111111000001000001000001111111000001111111111111000001111111111111111111000001000001111111000001111111000001111111111111111111000001111111111111111111000001000001000000000001111111000001111111
000001000001111111000001000001000001000001111111111111111111000001111111111111111111000001000001111111111111000001000001111111111111000001111111000001000001111111000000111111000001111111000001
000001111111000001111111111111000001000001111111000001111111111111000001000001000001111111111111000001111111111111111111111111111111111111000001000001111111111111000000111111000001000001000001
111111111111000001000001000001000001000001000001000001111111111111000001000001000001111111000001111111111111111111000001111111111111111111000001111111111111111111000000000001111111000001111111
000001111111000001000001111111000001000001111111000001000001111111111111000001000001000001000001111111000001111111111111000001000001111111000001111111000001111111000000111111000001111111000001
111111000001000001111111000001111111111111111111000001000001111111111111000001000001111111111111000001111111000001111111111111000001000001000001000001000001000001000000000001111111000001000001
111111111111000001111111000001000001111111111111000001000001000001000001000001000001000001111111111111000001111111111111111111111111111111000001111111111111000001000001000001111111000001111111
000001111111000001000001000001111111000001000001111111111111111111000001000001000001111111111111111111111111111111000001000001000001111111111111000001000001000001000001000001000001000001000001
000001111111111111000001111111111111111111000001000001000001000001111111000001000001111111000001000001000001000001000001111111000001111111111111111111111111111111111111000001000001000001111111
000001000001111111111111111111111111000001000001111111000001111111000001000001000001111111111111000001111111111111000001111111111111111111000001000001000001000001111111111111111111111111111111
000001000001000001000001111111000001000001000001000001111111000001111111000001111111111111111111111111111111111111111111111111000001000001111111111111000001000001000001111111000001000001111111
111111111111111111111111111111111111111111000001111111000001000001111111111111000001111111000001000001111111111111000001111111000001111111111111000001000001000001000001111111000001000001111111
000001000001000001111111000001000001111111000001000001111111000001111111111111111111111111111111000001000001000001111111111111000001000001000001111111111111000001111111111111000001000001111111
111111000001000001000001000001111111111111000001111111111111000001111111000001000001111111111111111111111111111111111111111111000001000001000001111111111111000001111111000001111111000001111111
111111000001111111000001000001000001111111000001111111000001111111000001000001111111000001000001000001111111111111000001000001000001000001000001111111000001111111111111111111000001000001111111
111111000001111111000001111111111111111111111111000001111111111111000001000001000001111111111111000001000001000001000001111111111111000001000001111111111111000001000001111111111111111111111111
111111111111111111111111111111000001000001111111000001111111111111111111000001111111000001111111000001111111111111111111000001111111000001111111000001000001111111000001111111000001000001111111
000001000001000001111111000001000001111111111111111111000001000001000001000001000001111111111111111111111111111111000001111111000001000001000001000001000001111111111111000001111111111111000001
000001111111000001000001000001111111000001111111000001000001111111111111000001111111111111000001000001000001111111000001000001111111000001111111111111000001000001000001111111111111000001000001
000001000001111111111111000001000001111111111111111111000001000001111111111111111111111111111111000001000001111111000001000001111111000001111111000001000001000001000001111111111111000001111111
000001000001000001111111111111111111000001000001000001000001111111000001000001111111000001111111111111000001111111111111111111111111111111111111000001111111000001000001111111000001000001000001
000001111111000001111111111111111111111111000001111111000001111111111111111111000001000001000001111111111111000001000001111111111111000001111111000001111111000001000001000001111111000001111111
000001111111111111111111000001111111111111111111111111000001111111111111111111000001000001111111111111000001111111000001000001000001000001000001000001000001000001111111000001000001000001111111
111111111111000001111111111111000001111111000001000001111111000001111111111111000001000001000001111111111111111111111111000001000001000001111111111111111111000001000001000001000001000001111111
111111000001111111111111000001000001000001000001111111111111000001111111111111000001000001111111000001111111000001000001000001111111111111000001000001000001000001111111000001000001000001000001
000001000001111111000001000001000001111111000001000001111111000001000001111111111111111111000001000001111111000001111111111111000001000001000001111111000001000001111111000001000001000001000001
111111000001111111000001000001000001111111000001111111000001111111000001000001111111111111000001111111000001000001111111111111111111000001000001111111111111111111000001111111111111000001111111
000001000001000001111111111111000001111111000001111111111111000001111111111111000001111111111111000001111111111111111111111111000001000001111111000001000001111111000001000001000001000001111111
000001000001111111111111000001000001111111000001000001000001000001000001000001111111000001111111111111000001000001111111111111111111111111111111111111000001111111111111111111000001111111000001
111111000001111111111111111111000001000001111111111111111111000001000001111111111111111111111111111111111111111111111111000001111111000001000001111111111111000001111111111111000001111111111111
111111000001111111000001000001000001111111111111111111111111000001000001111111111111111111000001111111111111111111000001000001111111000001000001111111000001111111000001111111000001000001111111
111111111111111111111111000001111111000001000001000001000001000001111111111111111111111111000001000001111111111111000001111111111111111111000001111111111111000001000001111111000001000001111111
111111111111111111111111111111111111000001111111000001000001000001000001000001111111111111111111000001111111111111111111111111000001000001111111000001111111111111111111111111111111111111111111
000001000001111111000001000001000001111111111111111111111111111111000001111111000001111111111111000001111111111111000001111111000001000001000001000001000001000001111111000001111111111111111111
000001000001000001000001000001000001111111111111111111111111000001111111111111111111111111111111000001000001111111111111111111000001111111000001000001111111000001111111000001111111111111000001
000001111111111111000001111111111111000001000001111111000001000001000001000001111111000001000001000001000001111111111111000001000001000001000001000001111111000001111111000001000001000001111111
000001111111000001000001111111000001111111111111111111111111111111111111111111000001111111111111000001111111111111000001111111000001111111000001000001000001000001000001111111000001000001000001
111111111111111111000001111111111111111111111111111111000001111111111111111111000001111111111111000001111111000001000001111111000001000001111111000001111111111111000001111111111111000001111111
000001000001111111111111000001000001000001000001000001111111000001111111111111000001000001111111000001111111111111111111000001111111111111111111111111111111000001000001111111000001111111000001
000001111111000001111111000001000001111111000001111111111111000001000001111111000001111111000001000001000001000001000001111111111111111111111111111111111111111111000001000001111111111111000001
000001111111000001111111111111000001111111111111000001000001000001000001111111000001111111000001000001000001111111111111000001000001000001111111111111111111000001000001111111111111000001111111
000001000001111111000001111111111111000001111111000001000001000001000001111111000001000001111111000001111111000001111111000001111111111111000001111111111111000001111111000001000001111111111111
111111000001111111111111111111000001111111111111111111000001111111000001111111000001111111111111000001000001111111111111111111111111111111000001111111000001000001111111111111111111000001111111
000001111111111111111111111111111111000001111111111111111111111111111111000001111111000001000001000001000001111111111111111111000001000001000001000001111111111111111111000001111111111111111111
111111111111111111000001111111111111000001111111111111111111000001000001000001111111000001111111111111111111111111000001111111000001111111000001111111000001000001111111111111111111111111111111
000001111111111111000001000001111111000001111111111111111111000001000001000001111111000001000001000001000001000001111111111111111111000001000001000001111111111111111111111111111111000001000001
111111111111000001111111000001000001000001000001000001000001000001111111111111111111000001111111000001000001111111000001111111000001111111111111000001111111111111000001111111111111111111000001
111111000001111111000001000001111111000001111111111111111111111111000001000001111111111111111111111111000001111111000001000001000001000001111111000001000001000001000001000001000001111111111111
000001000001000001000001111111111111000001111111111111111111111111000001000001000001000001000001111111111111000001000001000001000001000001000001000001000001000001000001111111111111000001000001
111111000001000001111111111111111111111111111111000001111111111111111111000001111111111111000001111111111111000001111111111111000001000001000001000001111111000001111111000001000001000001111111
111111111111111111000001111111111111000001000001000001000001111111111111111111111111000001000001000001000001000001111111111111000001111111000001111111000001000001111111000001000001111111000001
111111111111000001000001111111000001111111111111000001111111000001111111111111111111000001111111000001000001111111000001111111000001000001111111111111000001111111000001000001111111000001000001
111111111111111111000001111111000001111111111111000001000001111111000001111111111111000001111111111111000001111111000001000001111111000001000001000001000001111111111111000001000001000001000001
111111111111111111000001111111111111111111111111111111000001111111000001111111000001111111111111111111111111111111111111111111000001000001000001000001111111000001111111111111111111000001111111
000001000001111111111111000001111111111111000001000001111111111111000001111111111111000001000001111111000001111111111111000001000001000001000001111111111111000001111111000001000001000001111111
111111111111111111000001000001000001000001000001111111111111000001111111000001111111111111111111111111000001000001111111000001000001111111000001000001111111111111111111000001111111000001111111
111111000001000001111111111111000001111111111111000001111111000001000001111111000001111111000001000001000001000001111111111111111111111111111111000001111111111111111111111111000001111111111111
111111000001111111111111111111111111000001111111000001000001000001000001000001000001000001000001000001000001111111111111000001111111111111111111000001111111111111111111000001000001111111000001
000001111111000001111111111111000001000001000001111111111111111111111111000001000001111111111111111111111111000001000001000001000001000001111111000001111111111111111111111111111111000001000001
111111111111111111111111000001111111000001000001000001000001111111000001111111111111000001000001111111000001000001111111000001111111000001111111000001111111000001111111111111111111000001111111
111111111111111111000001111111111111111111000001000001111111111111000001111111000001000001111111000001000001000001111111000001111111111111111111000001000001000001111111111111111111111111000001
111111000001000001000001000001111111111111000001111111000001111111111111111111000001111111000001000001111111000001111111000001111111111111111111111111000001111111111111000001111111000001111111
000001000001111111111111111111111111111111111111000001000001000001111111111111111111000001111111000001000001111111000001000001111111000001000001111111000001000001000001000001000001000001000001
111111111111111111000001000001000001000001111111000001111111000001000001000001111111000001111111111111111111111111111111111111111111000001000001000001000001000001111111000001111111000001000001
111111111111000001111111000001000001111111111111111111000001000001111111111111000001000001111111111111000001000001000001111111111111000001000001000001000001000001000001111111000001111111111111
111111000001000001000001111111111111111111111111000001000001111111000001000001111111111111111111111111000001111111000001111111000001000001000001111111000001111111000001111111000001111111111111
111111111111000001000001111111111111000001111111111111000001000001000001000001111111000001111111111111000001000001111111000001000001111111111111000001111111111111000001111111111111000001111111
111111000001000001000001000001111111000001000001111111000001111111111111111111000001000001111111000001000001111111000001000001000001000001111111000001000001000001111111111111111111000001111111
111111000001000001111111000001111111111111000001000001111111111111000001000001000001111111000001111111111111111111111111000001111111000001000001111111000001000001000001000001000001111111111111
000001000001000001111111000001000001000001111111111111000001000001000001000001111111111111111111111111000001111111000001111111000001111111111111000001111111000001111111000001111111111111111111
000001111111111111000001000001000001000001111111111111000001000001000001000001111111111111111111111111111111111111000001111111111111000001000001111111111111111111111111000001111111000001000001
000001000001000001111111111111111111000001000001000001000001111111111111111111000001111111111111111111000001111111000001111111111111111111000001111111000001111111111111000001000001111111111111
000001111111000001111111111111000001111111000001111111000001000001111111000001111111111111111111000001111111000001111111000001111111111111000001000001111111111111000001000001111111111111111111
111111000001000001111111000001111111111111111111000001000001111111111111000001111111000001000001000001111111111111111111000001000001111111000001000001111111000001000001000001111111111111111111
111111000001000001111111000001000001111111000001000001000001111111000001000001000001000001111111000001111111111111111111000001111111111111000001111111111111111111000001111111111111111111111111
111111000001000001000001111111111111000001000001111111111111111111111111000001000001111111111111111111111111000001000001000001000001111111000001000001111111000001000001000001000001111111000001
111111000001000001000001000001000001111111111111000001000001000001000001000001111111000001000001111111000001111111111111111111000001111111000001111111111111000001111111000001000001111111111111
000001000001111111111111111111000001000001111111111111111111111111000001000001111111111111111111111111000001111111111111111111000001000001111111000001111111111111111111000001000001111111000001
000001000001111111111111000001111111111111111111000001000001111111111111111111000001000001000001111111111111111111111111111111111111000001000001111111000001111111000001111111000001000001000001
111111111111111111000001111111000001000001111111111111111111111111111111000001111111000001111111000001000001111111000001000001000001111111111111111111111111111111111111000001111111000001111111
111111000001000001111111000001000001111111111111000001000001000001111111000001000001000001000001111111000001111111000001000001000001111111000001000001111111000001111111000001000001000001111111
111111000001111111000001000001000001111111000001000001000001000001000001111111111111000001111111111111000001000001111111000001000001000001000001111111111111000001000001000001111111000001000001
111111000001000001111111111111000001111111000001000001000001111111000001000001111111111111111111000001111111111111000001111111111111000001111111111111111111000001111111111111000001111111111111
000001111111111111000001000001000001111111000001000001000001000001111111000001000001000001111111111111000001111111000001000001000001000001111111000001111111000001111111000001111111111111000001
111111000001111111000001111111111111111111000001000001111111111111111111000001111111000001000001000001000001111111111111111111000001111111000001000001000001111111111111111111000001000001111111
000001111111000001111111000001000001111111111111111111111111000001111111111111111111000001000001000001000001111111000001111111111111111111000001000001000001000001111111111111000001000001000001
000001111111111111000001111111111111111111111111000001111111000001000001111111111111111111000001111111000001111111000001000001000001000001111111000001000001111111111111000001000001111111111111
111111111111111111111111111111111111000001111111000001000001111111000001000001000001111111000001111111000001111111000001000001111111111111000001111111000001000001111111111111111111000001000001
111111000001000001111111000001000001000001111111111111000001000001000001000001111111111111111111111111111111000001000001000001000001000001111111111111111111111111111111111111111111111111000001
111111000001111111111111000001111111000001111111000001111111111111111111111111000001111111111111111111000001000001000001111111000001111111000001000001000001000001111111000001000001111111000001
111111000001000001111111000001111111111111000001111111000001000001000001000001111111111111000001111111000001111111000001111111111111000001111111111111000001000001111111000001111111000001000001
111111111111111111000001111111111111111111000001000001000001111111111111111111000001111111000001000001000001111111111111000001000001111111111111000001000001111111000001111111111111000001111111
000001111111111111111111000001111111000001000001111111111111111111111111000001000001111111111111000001111111111111111111000001111111111111000001000001000001000001111111111111111111111111111111
000001000001000001000001000001000001000001000001111111000001111111111111111111000001000001111111111111000001000001111111000001000001000001111111111111111111000001000001111111000001111111111111
111111000001111111111111000001000001111111111111111111111111000001000001111111000001111111111111000001111111111111000001000001111111111111111111111111111111111111000001111111111111111111000001
111111111111111111111111111111000001000001000001111111000001111111000001111111111111000001111111000001000001111111111111111111111111000001000001111111000001000001111111000001000001000001000001
111111000001000001111111111111111111000001111111111111111111000001111111000001000001111111000001000001000001111111111111000001111111111111000001111111111111000001111111111111000001000001000001
000001111111000001000001000001000001111111111111000001111111111111000001000001111111111111111111000001000001111111111111111111000001111111000001111111000001111111000001000001111111111111111111
000001111111000001000001000001111111000001111111000001000001111111111111111111111111111111000001111111000001111111000001111111000001111111111111000001111111000001111111111111000001111111111111
000001111111000001111111111111000001000001111111111111111111000001000001000001111111111111000001000001000001111111000001111111000001000001111111111111111111000001111111111111111111111111000001
000001111111111111111111111111000001000001000001111111111111111111000001111111111111111111111111000001111111000001111111111111111111000001111111111111111111111111111111111111000001000001111111
000001000001000001111111111111000001111111000001111111000001111111111111000001111111111111000001111111111111000001111111000001111111000001111111111111000001000001000001111111000001111111111111
111111000001000001000001111111111111000001111111111111000001111111000001111111111111111111111111000001111111111111111111000001000001111111111111111111000001111111111111000001111111111111111111
111111111111111111111111000001111111111111111111000001000001111111000001000001111111000001111111111111000001111111111111111111111111000001111111000001111111000001000001000001111111111111000001
111111000001111111000001111111000001111111111111000001000001000001000001000001000001000001000001111111111111111111000001111111111111000001111111111111111111111111111111000001111111000001111111
000001111111111111111111111111111111000001000001111111000001111111000001000001000001111111111111111111000001000001111111000001000001111111000001000001000001111111000001000001111111111111000001
000001111111000001111111000001111111111111000001111111000001000001000001000001111111111111000001111111111111111111000001111111000001111111000001111111111111111111000001111111111111111111000001
111111111111111111111111111111000001111111111111111111111111111111111111000001111111000001000001000001000001111111111111000001000001111111000001111111111111111111000001000001000001111111000001
000001000001000001000001111111111111111111111111000001111111111111000001111111000001111111000001000001000001111111111111111111111111000001111111111111000001111111111111111111111111111111111111
111111000001000001111111111111000001000001111111000001000001111111111111111111000001111111000001000001000001111111111111000001111111111111111111000001000001000001000001111111111111111111000001
111111000001111111000001111111111111000001111111000001111111000001111111111111000001000001111111000001111111000001111111111111000001111111000001000001000001111111111111000001000001111111000001
111111111111000001111111111111111111000001111111000001111111000001000001000001111111111111111111000001111111111111000001000001000001111111000001111111000001111111000001111111111111111111000001
