000000000000000000000000000000000000000000000000000000000000000000000000000000000000000000000000000000000000000000000000000000000000000000000000000000000000000000000000000000000000000000000000
000000000000000000000000000000000000000000000000000000000000000000000000000000000000000000000000000000000000000000000000000000000000000000000000000000000000000000000000000000000000000000000000
000000000000000000000000000000000000000000000000000000000000000000000000000000000000000000000000000000000000000000000000000000000000000000000000000000000000000000000000000000000000000000000000
000000000000000000000000000000000000000000000000000000000000000000000000000000000000000000000000000000000000000000000000000000000000000000000000000000000000000000000000000000000000000000000000
000000000000000000000000000000000000000000000000000000000000000000000000000000000000000000000000000000000000000000000000000000000000000000000000000000000000000000000000000000000000000000000000
000000000000000000000000000000000000000000000000000000000000000000000000000000000000000000000000000000000000000000000000000000000000000000000000000000000000000000000000000000000000000000000000
000000000000000000000000000000000000000000000000000000000000000000000000000000000000000000000000000000000000000000000000000000000000000000000000000000000000000000000000000000000000000000000000
000000000000000000000000000000000000000000000000000000000000000000000000000000000000000000000000000000000000000000000000000000000000000000000000000000000000000000000000000000000000000000000000
000000000000000000000000000000000000000000000000000000000000000000000000000000000000000000000000000000000000000000000000000000000000000000000000000000000000000000000000000000000000000000000000
000000000000000000000000000000000000000000000000000000000000000000000000000000000000000000000000000000000000000000000000000000000000000000000000000000000000000000000000000000000000000000000000
000000000000000000000000000000000000000000000000000000000000000000000000000000000000000000000000000000000000000000000000000000000000000000000000000000000000000000000000000000000000000000000000
000000000000000000000000000000000000000000000000000000000000000000000000000000000000000000000000000000000000000000000000000000000000000000000000000000000000000000000000000000000000000000000000
000000000000000000000000000000000000000000000000000000000000000000000000000000000000000000000000000000000000000000000000000000000000000000000000000000000000000000000000000000000000000000000000
000000000000000000000000000000000000000000000000000000000000000000000000000000000000000000000000000000000000000000000000000000000000000000000000000000000000000000000000000000000000000000000000
000000000000000000000000000000000000000000000000000000000000000000000000000000000000000000000000000000000000000000000000000000000000000000000000000000000000000000000000000000000000000000000000
000000000000000000000000000000000000000000000000000000000000000000000000000000000000000000000000000000000000000000000000000000000000000000000000000000000000000000000000000000000000000000000000
000000000000000000000000000000000000000000000000000000000000000000000000000000000000000000000000000000000000000000000000000000000000000000000000000000000000000000000000000000000000000000000000
000000000000000000000000000000000000000000000000000000000000000000000000000000000000000000000000000000000000000000000000000000000000000000000000000000000000000000000000000000000000000000000000
000000000000000000000000000000000000000000000000000000000000000000000000000000000000000000000000000000000000000000000000000000000000000000000000000000000000000000000000000000000000000000000000
000000000000000000000000000000000000000000000000000000000000000000000000000000000000000000000000000000000000000000000000000000000000000000000000000000000000000000000000000000000000000000000000
000000000000000000000000000000000000000000000000000000000000000000000000000000000000000000000000000000000000000000000000000000000000000000000000000000000000000000000000000000000000000000000000
000000000000000000000000000000000000000000000000000000000000000000000000000000000000000000000000000000000000000000000000000000000000000000000000000000000000000000000000000000000000000000000000
000000000000000000000000000000000000000000000000000000000000000000000000000000000000000000000000000000000000000000000000000000000000000000000000000000000000000000000000000000000000000000000000
000000000000000000000000000000000000000000000000000000000000000000000000000000000000000000000000000000000000000000000000000000000000000000000000000000000000000000000000000000000000000000000000
000000000000000000000000000000000000000000000000000000000000000000000000000000000000000000000000000000000000000000000000000000000000000000000000000000000000000000000000000000000000000000000000
000000000000000000000000000000000000000000000000000000000000000000000000000000000000000000000000000000000000000000000000000000000000000000000000000000000000000000000000000000000000000000000000
000000000000000000000000000000000000000000000000000000000000000000000000000000000000000000000000000000000000000000000000000000000000000000000000000000000000000000000000000000000000000000000000
000000000000000000000000000000000000000000000000000000000000000000000000000000000000000000000000000000000000000000000000000000000000000000000000000000000000000000000000000000000000000000000000
000000000000000000000000000000000000000000000000000000000000000000000000000000000000000000000000000000000000000000000000000000000000000000000000000000000000000000000000000000000000000000000000
000000000000000000000000000000000000000000000000000000000000000000000000000000000000000000000000000000000000000000000000000000000000000000000000000000000000000000000000000000000000000000000000
000000000000000000000000000000000000000000000000000000000000000000000000000000000000000000000000000000000000000000000000000000000000000000000000000000000000000000000000000000000000000000000000
000000000000000000000000000000000000000000000000000000000000000000000000000000000000000000000000000000000000000000000000000000000000000000000000000000000000000000000000000000000000000000000000
000000000000000000000000000000000000000000000000000000000000000000000000000000000000000000000000000000000000000000000000000000000000000000000000000000000000000000000000000000000000000000000000
000000000000000000000000000000000000000000000000000000000000000000000000000000000000000000000000000000000000000000000000000000000000000000000000000000000000000000000000000000000000000000000000
000000000000000000000000000000000000000000000000000000000000000000000000000000000000000000000000000000000000000000000000000000000000000000000000000000000000000000000000000000000000000000000000
000000000000000000000000000000000000000000000000000000000000000000000000000000000000000000000000000000000000000000000000000000000000000000000000000000000000000000000000000000000000000000000000
000000000000000000000000000000000000000000000000000000000000000000000000000000000000000000000000000000000000000000000000000000000000000000000000000000000000000000000000000000000000000000000000
000000000000000000000000000000000000000000000000000000000000000000000000000000000000000000000000000000000000000000000000000000000000000000000000000000000000000000000000000000000000000000000000
000000000000000000000000000000000000000000000000000000000000000000000000000000000000000000000000000000000000000000000000000000000000000000000000000000000000000000000000000000000000000000000000
000000000000000000000000000000000000000000000000000000000000000000000000000000000000000000000000000000000000000000000000000000000000000000000000000000000000000000000000000000000000000000000000
000000000000000000000000000000000000000000000000000000000000000000000000000000000000000000000000000000000000000000000000000000000000000000000000000000000000000000000000000000000000000000000000
000000000000000000000000000000000000000000000000000000000000000000000000000000000000000000000000000000000000000000000000000000000000000000000000000000000000000000000000000000000000000000000000
000000000000000000000000000000000000000000000000000000000000000000000000000000000000000000000000000000000000000000000000000000000000000000000000000000000000000000000000000000000000000000000000
000000000000000000000000000000000000000000000000000000000000000000000000000000000000000000000000000000000000000000000000000000000000000000000000000000000000000000000000000000000000000000000000
000000000000000000000000000000000000000000000000000000000000000000000000000000000000000000000000000000000000000000000000000000000000000000000000000000000000000000000000000000000000000000000000
000000000000000000000000000000000000000000000000000000000000000000000000000000000000000000000000000000000000000000000000000000000000000000000000000000000000000000000000000000000000000000000000
000000000000000000000000000000000000000000000000000000000000000000000000000000000000000000000000000000000000000000000000000000000000000000000000000000000000000000000000000000000000000000000000
000000000000000000000000000000000000000000000000000000000000000000000000000000000000000000000000000000000000000000000000000000000000000000000000000000000000000000000000000000000000000000000000
000000000000000000000000000000000000000000000000000000000000000000000000000000000000000000000000000000000000000000000000000000000000000000000000000000000000000000000000000000000000000000000000
000000000000000000000000000000000000000000000000000000000000000000000000000000000000000000000000000000000000000000000000000000000000000000000000000000000000000000000000000000000000000000000000
000000000000000000000000000000000000000000000000000000000000000000000000000000000000000000000000000000000000000000000000000000000000000000000000000000000000000000000000000000000000000000000000
000000000000000000000000000000000000000000000000000000000000000000000000000000000000000000000000000000000000000000000000000000000000000000000000000000000000000000000000000000000000000000000000
000000000000000000000000000000000000000000000000000000000000000000000000000000000000000000000000000000000000000000000000000000000000000000000000000000000000000000000000000000000000000000000000
000000000000000000000000000000000000000000000000000000000000000000000000000000000000000000000000000000000000000000000000000000000000000000000000000000000000000000000000000000000000000000000000
000000000000000000000000000000000000000000000000000000000000000000000000000000000000000000000000000000000000000000000000000000000000000000000000000000000000000000000000000000000000000000000000
000000000000000000000000000000000000000000000000000000000000000000000000000000000000000000000000000000000000000000000000000000000000000000000000000000000000000000000000000000000000000000000000
000000000000000000000000000000000000000000000000000000000000000000000000000000000000000000000000000000000000000000000000000000000000000000000000000000000000000000000000000000000000000000000000
000000000000000000000000000000000000000000000000000000000000000000000000000000000000000000000000000000000000000000000000000000000000000000000000000000000000000000000000000000000000000000000000
000000000000000000000000000000000000000000000000000000000000000000000000000000000000000000000000000000000000000000000000000000000000000000000000000000000000000000000000000000000000000000000000
000000000000000000000000000000000000000000000000000000000000000000000000000000000000000000000000000000000000000000000000000000000000000000000000000000000000000000000000000000000000000000000000
000000000000000000000000000000000000000000000000000000000000000000000000000000000000000000000000000000000000000000000000000000000000000000000000000000000000000000000000000000000000000000000000
000000000000000000000000000000000000000000000000000000000000000000000000000000000000000000000000000000000000000000000000000000000000000000000000000000000000000000000000000000000000000000000000
000000000000000000000000000000000000000000000000000000000000000000000000000000000000000000000000000000000000000000000000000000000000000000000000000000000000000000000000000000000000000000000000
000000000000000000000000000000000000000000000000000000000000000000000000000000000000000000000000000000000000000000000000000000000000000000000000000000000000000000000000000000000000000000000000
000000000000000000000000000000000000000000000000000000000000000000000000000000000000000000000000000000000000000000000000000000000000000000000000000000000000000000000000000000000000000000000000
000000000000000000000000000000000000000000000000000000000000000000000000000000000000000000000000000000000000000000000000000000000000000000000000000000000000000000000000000000000000000000000000
000000000000000000000000000000000000000000000000000000000000000000000000000000000000000000000000000000000000000000000000000000000000000000000000000000000000000000000000000000000000000000000000
000000000000000000000000000000000000000000000000000000000000000000000000000000000000000000000000000000000000000000000000000000000000000000000000000000000000000000000000000000000000000000000000
000000000000000000000000000000000000000000000000000000000000000000000000000000000000000000000000000000000000000000000000000000000000000000000000000000000000000000000000000000000000000000000000
000000000000000000000000000000000000000000000000000000000000000000000000000000000000000000000000000000000000000000000000000000000000000000000000000000000000000000000000000000000000000000000000
000000000000000000000000000000000000000000000000000000000000000000000000000000000000000000000000000000000000000000000000000000000000000000000000000000000000000000000000000000000000000000000000
000000000000000000000000000000000000000000000000000000000000000000000000000000000000000000000000000000000000000000000000000000000000000000000000000000000000000000000000000000000000000000000000
000000000000000000000000000000000000000000000000000000000000000000000000000000000000000000000000000000000000000000000000000000000000000000000000000000000000000000000000000000000000000000000000
000000000000000000000000000000000000000000000000000000000000000000000000000000000000000000000000000000000000000000000000000000000000000000000000000000000000000000000000000000000000000000000000
000000000000000000000000000000000000000000000000000000000000000000000000000000000000000000000000000000000000000000000000000000000000000000000000000000000000000000000000000000000000000000000000
000000000000000000000000000000000000000000000000000000000000000000000000000000000000000000000000000000000000000000000000000000000000000000000000000000000000000000000000000000000000000000000000
000000000000000000000000000000000000000000000000000000000000000000000000000000000000000000000000000000000000000000000000000000000000000000000000000000000000000000000000000000000000000000000000
000000000000000000000000000000000000000000000000000000000000000000000000000000000000000000000000000000000000000000000000000000000000000000000000000000000000000000000000000000000000000000000000
000000000000000000000000000000000000000000000000000000000000000000000000000000000000000000000000000000000000000000000000000000000000000000000000000000000000000000000000000000000000000000000000
000000000000000000000000000000000000000000000000000000000000000000000000000000000000000000000000000000000000000000000000000000000000000000000000000000000000000000000000000000000000000000000000
000000000000000000000000000000000000000000000000000000000000000000000000000000000000000000000000000000000000000000000000000000000000000000000000000000000000000000000000000000000000000000000000
000000000000000000000000000000000000000000000000000000000000000000000000000000000000000000000000000000000000000000000000000000000000000000000000000000000000000000000000000000000000000000000000
000000000000000000000000000000000000000000000000000000000000000000000000000000000000000000000000000000000000000000000000000000000000000000000000000000000000000000000000000000000000000000000000
000000000000000000000000000000000000000000000000000000000000000000000000000000000000000000000000000000000000000000000000000000000000000000000000000000000000000000000000000000000000000000000000
000000000000000000000000000000000000000000000000000000000000000000000000000000000000000000000000000000000000000000000000000000000000000000000000000000000000000000000000000000000000000000000000
000000000000000000000000000000000000000000000000000000000000000000000000000000000000000000000000000000000000000000000000000000000000000000000000000000000000000000000000000000000000000000000000
000000000000000000000000000000000000000000000000000000000000000000000000000000000000000000000000000000000000000000000000000000000000000000000000000000000000000000000000000000000000000000000000
000000000000000000000000000000000000000000000000000000000000000000000000000000000000000000000000000000000000000000000000000000000000000000000000000000000000000000000000000000000000000000000000
000000000000000000000000000000000000000000000000000000000000000000000000000000000000000000000000000000000000000000000000000000000000000000000000000000000000000000000000000000000000000000000000
000000000000000000000000000000000000000000000000000000000000000000000000000000000000000000000000000000000000000000000000000000000000000000000000000000000000000000000000000000000000000000000000
000000000000000000000000000000000000000000000000000000000000000000000000000000000000000000000000000000000000000000000000000000000000000000000000000000000000000000000000000000000000000000000000
000000000000000000000000000000000000000000000000000000000000000000000000000000000000000000000000000000000000000000000000000000000000000000000000000000000000000000000000000000000000000000000000
000000000000000000000000000000000000000000000000000000000000000000000000000000000000000000000000000000000000000000000000000000000000000000000000000000000000000000000000000000000000000000000000
000000000000000000000000000000000000000000000000000000000000000000000000000000000000000000000000000000000000000000000000000000000000000000000000000000000000000000000000000000000000000000000000
000000000000000000000000000000000000000000000000000000000000000000000000000000000000000000000000000000000000000000000000000000000000000000000000000000000000000000000000000000000000000000000000
000000000000000000000000000000000000000000000000000000000000000000000000000000000000000000000000000000000000000000000000000000000000000000000000000000000000000000000000000000000000000000000000
000000000000000000000000000000000000000000000000000000000000000000000000000000000000000000000000000000000000000000000000000000000000000000000000000000000000000000000000000000000000000000000000
000000000000000000000000000000000000000000000000000000000000000000000000000000000000000000000000000000000000000000000000000000000000000000000000000000000000000000000000000000000000000000000000
000000000000000000000000000000000000000000000000000000000000000000000000000000000000000000000000000000000000000000000000000000000000000000000000000000000000000000000000000000000000000000000000
000000000000000000000000000000000000000000000000000000000000000000000000000000000000000000000000000000000000000000000000000000000000000000000000000000000000000000000000000000000000000000000000
000000000000000000000000000000000000000000000000000000000000000000000000000000000000000000000000000000000000000000000000000000000000000000000000000000000000000000000000000000000000000000000000
000000000000000000000000000000000000000000000000000000000000000000000000000000000000000000000000000000000000000000000000000000000000000000000000000000000000000000000000000000000000000000000000
000000000000000000000000000000000000000000000000000000000000000000000000000000000000000000000000000000000000000000000000000000000000000000000000000000000000000000000000000000000000000000000000
000000000000000000000000000000000000000000000000000000000000000000000000000000000000000000000000000000000000000000000000000000000000000000000000000000000000000000000000000000000000000000000000
000000000000000000000000000000000000000100000000000000000000000000000000000000000000000000000000000000000000000000000000000000000000000000000000000000000000000000000000000000000000000000000000
000000000000000000000000000000000000000100000000000000000000000000000000000000000000000000000000000000000000000000000000000000000000000000000000000000000000000000000000000000000000000000000000
000000000000000000000000000000000000111100000000000000000000000000000000000000000000000000000000000000000000000000000000000000000000000000000000000000000000000000000000000000000000000000000000
000000000000000000000000000000000000111100000000000000000000000000000000000000000000000000000000000000000000000000000000000000000000000000000000000000000000000000000000000000000000000000000000
000000000000000000000000000000000000000100000000000000000000000000000000000000000000000000000000000000000000000000000000000000000000000000000000000000000000000000000000000000000000000000000000
000000000000000000000000000000000000111100000000000000000000000000000000000000000000000000000000000000000000000000000000000000000000000000000000000000000000000000000000000000000000000000000000
000000000000000000000000000000000000111100000000000000000000000000000000000000000000000000000000000000000000000000000000000000000000000000000000000000000000000000000000000000000000000000000000
000000000000000000000000000000000000000100000000000000000000000000000000000000000000000000000000000000000000000000000000000000000000000000000000000000000000000000000000000000000000000000000000
000000000000000000000000000000000000111100000000000000000000000000000000000000000000000000000000000000000000000000000000000000000000000000000000111100000000000000000000000000000000000000000000
000000000000000000000000000000000000111100000000000000000000000000000000000000000000000000000000000000000000000000000000000000000000000000000000000100000000000000000000000000000000000000000000
000000000000000000000000000000000000000100000000000000000000000000000000000000000000000000000000000000000000000000000000000000000000000000000000111100000000000000000000000000000000000000000000
000000000000000000000000000000000000000100000000000000000000000000000000000000000000000000000000000000000000000000000000000000000000000000000000111100000000000000000000000000000000000000000000
000000000000000000000000000000000000111100000000000000000000000000000000000000000000000000000000000000000000000000000000000000000000000000000000111100000000000000000000000000000000000000000000
000000000000000000000000000000000000111100000000000000000000000000000000000000000000000000000000000000000000000000000000000000000000000000000000111100000000000000000000000000000000000000000000
000000000000000000000000000000000000000100000000000000000000000000000000000000000000000000000000000000000000000000000000000000000000000000000000111100000000000000000000000000000000000000000000
000000000000000000000000000000000000111100000000111100000000000000000000000000000000000000000000000000000000000000000000000000000000000000000000111100000000000000000000000000000000000000000000
000000000000000000000000000000000000111100000000000100000000000000000000000000000000000000000000000000000000000000000000000000000000000000000000111100000000000000000000000000000000000000000000
000000000000000000000000000000000000000100000000111100000000000000000000000000000000000000000000000000000000000000000000000000000000000000000000111100000000000000000000000000000000000000000000
000000000000000000000000000000000000111100000000000100000000000000000000000000000000000000000000000000000000000000000000000000000000000000000000111100000000000000000000000000000000000000000000
000000000000000000000000000000000000111100000000000100000000000000000000000000000000000000000000000000000000000000000000000000000000000000000000000100000000000000000000000000000000000000000000
000000000000000000000000000000000000111100000000111100000000000000000000000000000000000000000000000000000000000000000000000000000000000000000000111100000000000000000000000000000000000000000000
000000000000000000000000000000000000111100000000111100000000000000000000000000000000000000000000000000000000000000000000000000000000000000000000111100000000000000000000000000000000000000000000
000000000000000000000000000000000000000100000000000100000000000000000000000000000000000000000000000000000000000000000000000000000000000000000000111100000000000000000000000000000000000000000000
0000000000000000000000000000000000000001000000001111000000000000000000000000000000000000000000000000000000000000000000000000000000000000000000000001000000000000000000000000000000000000000000000000000000000000000000000000000000000000000000000000000000000000000000000000000111100000000000000000000000000000000000000000000
000000000000000000000000000000000000111100000000111100000000000000000000000000000000000000000000000000000000000000000000000000000000000000000000000100000000000000000000000000000000000000000000
000000000000000000000000000000000000111100000000111100000000000000000000000000000000000000000000000000000000000000000000000000000000000000000000111100000000000000000000000000000000000000000000
000000000000000000000000000000000000111100000000111100000000000000000000000000000000000000000000000000000000000000000000000000000000000000000000111100000000000000000000000000000000000000000000
000000000000000000000000000000000000111100000000111100000000000000000000000000000000000000000000000000000000000000000000000000000000000000000000111100000000000000000000000000000000000000000000
000000000000000000000000000000000000111100000000111100000000000000000000000000000000000000000000000000000000000000000000000000000000000000000000111100000000000000000000000000000000000000000000
000000000000000000000000000000000000111100000000111100000000000000000000000000000000000000000000000000000000000000000000000000000000000000000000111100000000000000000000000000000000000000000000
000000000000000000000000000000000000111100000000111100000000000000000000000000000000000000000000000000000000000000000000000000000000000000000000111100000000000000000000000000000000000000000000
000000000000000000000000000000000000111100000000111100000000000000000000000000000000000000000000000000000000000000000000000000000000000000000000111100000000000000000000000000000000000000000000
000000000000000000000000000000000000111100000000111100000000000000000000000000000000000000000000000000000000000000000000000000000000000000000000111100000000000000000000000000000000000000000000
000000000000000000000000000000000000111100000000111100000000000000000000000000000000000000000000000000000000000000000000000000000000000000000000111100000000000000000000000000000000000000000000
000000000000000000000000000000000000111100000000111100000000000000000000000000000000000000000000000000000000000000000000000000000000000000000000111100000000000000000000000000000000000000000000
00000111100000000000000000000000000000000000000000000
000000000000000000000000000000000000111100000000111100000000000000000000000000000000000000000000000000000000000000000000000000000000000000000000111100000000000000000000000000000000000000000000
000000000000000000000000000000000000111100000000111100000000000000000000000000000000000000000000000000000000000000000000000000000000000000000000111100000000000000000000000000000000000000000000
000000000000000000000000000000000000111100000000111100000000000000000000000000000000000000000000000000000000000000000000000000000000000000000000000100000000000000000000000000000000000000000000
000000000000000000000000000000000000000100000000111100000000000000000000000000000000000000000000000000000000000000000000000000000000000000000000000100000000000000000000000000000000000000000000
000000000000000000000000000000000000111100000000000100000000000000000000000000000000000000000000000000000000000000000000000000000000000000000000111100000000000000000000000000000000000000000000
000000000000000000000000000000000000111100000000111100000000000000000000000000000000000000000000000000000000000000000000000000000000000000000000111100000000000000000000000000000000000000000000
000000000000000000000000000000000000111100000000000100000000000000000000000000000000000000000000000000000000000000000000000000000000000000000000111100000000000000000000000000000000000000000000
000000000000000000000000000000000000111100000000000100000000000000000000000000000000000000000000000000000000000000000000000000000000000000000000111100000000000000000000000000000000000000000000
000000000000000000000000000000000000000100000000111100000000000000000000000000000000000000000000000000000000000000000000000000000000000000000000000100000000000000000000000000000000000000000000
000000000000000000000000000000000000000100000000000100000000000000000000000000000000000000000000000000000000000000000000000000000000000000000000000100000000000000000000000000000000000000000000
000000000000000000000000000000000000111100000000111100000000000000000000000000000000000000000000000000000000000000000000000000000000000000000000111100000000000000000000000000000000000000000000
000000000000000000000000000000000000111100000000111100000000000000000000000000000000000000000000000000000000000000000000000000000000000000000000000100000000000000000000000000000000000000000000
000000000000000000000000000000000000111100000000000100000000000000000000000000000000000000000000000000000000000000000000000000000000000000000000000100000000000000000000000000000000000000000000
000000000000000000000000000000000000000100000000111100000000000000000000000000000000000000000000000000000000000000000000000000000000000000000000111100000000000000000000000000000000000000000000
000000000000000000000000000000000000000100000000000100000000000000000000000000000000000000000000000000000000000000000000000000000000000000000000111100000000000000000000000000000000000000000000
000000000000000000000000000000000000111100000000111100000000000000000000000000000000000000000000000000000000000000000000000000000000000000000000000100000000000000000000000000000000000000000000
000000000000000000000000000000000000000100000000111100000000000000000000000000000000000000000000000000000000000000000000000000000000000000000000000100000000000000000000000000000000000000000000
000000000000000000000000000000000000111100000000111100000000000000000000000000000000000000000000000000000000000000000000000000000000000000000000000100000000000000000000000000000000000000000000
000000000000000000000000000000000000000100000000111100000000000000000000000000000000000000000000000000000000000000000000000000000000000000000000111100000000000000000000000000000000000000000000
000000000000000000000000111100000000000100000000000100000000000000000000000000000000000000000000000000000000000000000000000000000000000000000000111100000000000000000000000000000000000000000000
000000000000000000000000111100000000000100000000000100000000000000000000111100000000000000000000000000000000000000000000000000000000000000000000111100000000000000000000000000000000000000000000
000000000000000000000000111100000000111100000000000100000000000000000000000100000000000100000000000000000000000000000000000000000000000000000000000100000000000000000000000000000000000000000000
000000000000000000000000111100000000111100000000111100000000000000000000000100000000111100000000000000000000000000000000000000000000000000000000000100000000000000000000000000000000000000000000
000000000000000000000000111100000000000100000000111100000000000000000000000100000000000100000000000000000000000000000000000000000000000000000000111100000000000000000000000000000000000000000000
000000000000000000000000111100000000111100000000111100000000000000000000111100000000000100000000000000000000000000000000000000000000000000000000111100000000000000000000000000000000000000000000
000000000000000000000000000100000000000100000000111100000000000000000000111100000000111100000000000000000000000000000000000000000000000000000000000100000000000000000000000000000000000000000000
000000000000000000000000111100000000111100000000000100000000000000000000000100000000111100000000000000000000000000000000000000000000000000000000111100000000000000000000000000000000000000000000
000000000000000000000000111100000000111100000000111100000000000000000000111100000000000100000000000000000000000000000000000000000000000000000000111100000000000000000000000000000000000000000000
000000000000000000000000000100000000000100000000000100000000000000000000111100000000111100000000000000000000000000000000000000000000000000000000000100000000000000000000000000000000000000000000
000000000000000000000000000100000000111100000000111100000000000000000000000100000000000100000000000000000000000000000000000000000000000000000000111100000000000000000000000000000000000000000000
000000000000000000000000111100000000111100000000111100000000000000000000111100000000000100000000000000000000000000000000000000000000000000000000000100000000000000000000000000000000000000000000
000000000000000000000000111100000000111100000000111100000000000000000000111100000000111100000000000000000000000000000000000000000000000000000000111100000000000000000000000000000000000000000000
000000000000000000000000000100000000111100000000111100000000000000000000111100000000111100000000000000000000000000000000000000000000000000000000111100000000000000000000000000000000000000000000
000000000000000000000000000100000000000100000000111100000000000000000000111100000000111100000000000000000000000000000000000000000000000000000000000100000000000000000000000000000000000000000000
000000000000000000000000111100000000000100000000000100000000000000000000111100000000111100000000000000000000000000000000000000000000000000000000000100000000000000000000000000000000000000000000
000000000000000000000000111100000000111100000000111100000000000000000000111100000000111100000000000000000000000000000000000000000000000000000000000100000000000000000000000000000000000000000000
111100000000000000000000000100000000111100000000111100000000000000000000000100000000111100000000000000000000000000000000000000000000000000000000111100000000000000000000000000000000000000000000
000100000000000000000000111100000000111100000000111100000000000000000000111100000000111100000000000000000000000000000000000000000000000000000000111100000000000000000000000000000000000000000000
000100000000000000000000000100000000111100000000111100000000000000000000111100000000111100000000000000000000000000000000000000000000000000000000111100000000000000000000000000000000000000000000
111100000000000000000000111100000000000100000000111100000000000000000000111100000000111100000000000000000000000000000000000000000000000000000000111100000000000000000000000000000000000000000000
111100000000000000000000111100000000111100000000000100000000000000000000000100000000111100000000000000000000000000000000000000000000000000000000111100000000000000000000000000000000000000000000
000100000000000000000000111100000000000100000000000100000000000000000000000100000000000100000000000000000000000000000000000000000000000000000000111100000000000000000000000000000000000000000000
111100000000000000000000111100000000111100000000111100000000000000000000111100000000111100000000000000000000000000000000000000000000000000000000000100000000000000000000000000000000000000000000
111100000000000000000000000100000000000100000000111100000000000000000000000100000000111100000000000000000000000000000000000000000000000000000000111100000000000000000000000000000000000000000000
000100000000000000000000111100000000111100000000000100000000000000000000000100000000000100000000000000000000000000000000000000000000000000000000111100000000000000000000000000000000000000000000
111100000000000000000000000100000000000100000000111100000000000000000000111100000000000100000000000000000000000000000000000000000000000000000000111100000000000000000000000000000000000000000000
111100000000000000000000000100000000111100000000111100000000000000000000111100000000000100000000000000000000000000000000000000000000000000000000111100000000000000000000000000000000000000000000
000100000000000000000000111100000000111100000000000100000000000000000000111100000000000100000000000000000000000000000000000000000000000000000000111100000000000000000000000000000000000000000000
000100000000000000000000111100000000111100000000000100000000000000000000111100000000111100000000000000000000000000000000000000000000000000000000111100000000000000000000000000000000000000000000
000100000000000000000000000100000000111100000000000100000000000000000000111100000000000100000000000000000000000000000000000000000000000000000000111100000000000000000000000000000000000000000000
000100000000000000000000111100000000000100000000000100000000000000000000000100000000000100000000000000000000000000000000000000000000000000000000111100000000000000000000000000000000000000000000
111100000000000000000000000100000000000100000000111100000000000000000000111100000000111100000000000000000000000000000000000000000000000000000000000100000000000000000000000000000000000000000000
111100000000000000000000111100000000111100000000111100000000000000000000111100000000111100000000000000000000000000000000000000000000000000000000111100000000000000000000000000000000000000000000
111100000000000000000000000100000000000100000000111100000000000000000000111100000000111100000000000000000000000000000000000000000000000000000000111100000000000000000000000000000000000000000000
000100000000000000000000111100000000000100000000000100000000000000000000111100000000000100000000000000000000000000000000000000000000000000000000111100000000000000000000000000000000000000000000
111100000000000000000000000100000000111100000000000100000000000000000000000100000000111100000000000000000000000000000000000000000000000000000000000100000000000000000000000000000000000000000000
000100000000000000000000111100000000111100000000111100000000000000000000111100000000000100000000000000000000000000000000000000000000000000000000111100000000000000000000000000000000000000000000
111100000000000000000000111100000000111100000000111100000000000000000000000100000000111100000000000000000000000000000000000000000000000000000000000100000000000000000000000000000000000000000000
111100000000000000000000111100000000111100000000111100000000000000000000000100000000000100000000000000000000000000000000000000000000000000000000111100000000000000000000000000000000000000000000
111100000000000000000000111100000000111100000000111100000000000000000000111100000000000100000000000000000000000000000000000000000000000000000000111100000000000000000000000000000000000000000000
111100000000000000000000000100000000000100000000111100000000000000000000000100000000111100000000000000000000000000000000000000000000000000000000111100000000000000000000000000000000000000000000
000100000000000000000000000100000000000100000000000100000000000000000000111100000000111100000000000000000000000000000000000000000000000000000000111100000000000000000000000000000000000000000000
111100000000000000000000000100000000111100000000000100000000000000000000111100000000000100000000000000000000000000000000000000000000000000000000111100000000000000000000000000000000000000000000
000100000000000000000000000100000000000100000000111100000000000000000000111100000000111100000000000000000000000000000000000000000000000000000000000100000000000000000000000000000000000000000000
111100000000000000000000111100000000000100000000111100000000000000000000111100000000111100000000111100000000000000000000000000000000000000000000000100000000000000000000000000000000000000000000
111100000000000000000000111100000000000100000000111100000000000000000000111100000000000100000000000100000000000000000000000000000000000000000000111100000000000000000000000000000000000000000000
000100000000000000000000111100000000111100000000000100000000000000000000111100000000000100000000111100000000000000000000000000000000000000000000111100000000000000000000000000000000000000000000
000100000000000000000000111100000000000100000000111100000000000000000000000100000000111100000000111100000000000000000000111100000000000000000000111100000000000000000000000000000000000000000000
111100000000000000000000111100000000111100000000000100000000000000000000000100000000000100000000111100000000000000000000111100000000000000000000111100000000000000000000000000000000000000000000
111100000000000000000000111100000000000100000000000100000000000000000000000100000000111100000000000100000000000000000000111100000000000000000000000100000000000000000000000000000000000000000000
111100000000000000000000111100000000111100000000000100000000000000000000000100000000000100000000111100000000000000000000111100000000000000000000111100000000000000000000000000000000000000000000
000100000000000000000000111100000000111100000000000100000000000000000000111100000000111100000000111100000000000000000000000100000000000000000000111100000000000000000000000000000000000000000000
000100000000000000000000111100000000000100000000000100000000000000000000111100000000111100000000000100000000000000000000111100000000000000000000000100000000000000000000000000000000000000000000
000100000000000000000000000100000000000100000000111100000000000000000000111100000000000100000000111100000000000000000000111100000000000000000000000100000000000000000000000000000000000000000000
111100000000000000000000000100000000000100000000111100000000000000000000000100000000000100000000000100000000000000000000000100000000000000000000111100000000000000000000000000000000000000000000
111100000000000000000000111100000000111100000000111100000000000000000000111100000000111100000000111100000000000000000000111100000000000000000000000100000000000000000000000000000000000000000000
000100000000000000000000111100000000111100000000111100000000000000000000000100000000111100000000111100000000000000000000111100000000000000000000111100000000000000000000000000000000000000000000
000100000000000000000000111100000000111100000000000100000000000000000000111100000000111100000000111100000000000000000000111100000000000000000000111100000000000000000000000000000000000000000000
000100000000000000000000111100000000111100000000000100000000000000000000000100000000111100000000000100000000000000000000000100000000000000000000111100000000000000000000000000000000000000000000
000100000000000000000000000100000000111100000000000100000000000000000000111100000000000100000000000100000000000000000000111100000000000000000000111100000000000000000000000000000000000000000000
000100000000000000000000111100000000111100000000111100000000000000000000111100000000111100000000111100000000000000000000111100000000000000000000111100000000000000000000000000000000000000000000
000100000000000000000000111100000000111100000000111100000000000000000000000100000000000100000000000100000000000000000000000100000000000000000000111100000000000000000000000000000000000000000000
111100000000000000000000111100000000111100000000111100000000000000000000111100000000111100000000000100000000000000000000111100000000000000000000111100000000000000000000000000000000000000000000
111100000000000000000000000100000000111100000000111100000000000000000000111100000000111100000000000100000000000000000000111100000000000000000000000100000000000000000000000000000000000000000000
000100000000000000000000111100000000111100000000111100000000000000000000111100000000000100000000000100000000000000000000111100000000000000000000111100000000000000000000000000000000000000000000
111100000000000000000000000100000000000100000000111100000000000000000000000100000000111100000000000100000000000000000000111100000000000000000000000100000000000000000000000000000000111100000000
000100000000000000000000000100000000111100000000000100000000000000000000111100000000111100000000000100000000000000000000111100000000000000000000111100000000000000000000000000000000000100000000
000100000000111100000000111100000000111100000000111100000000000000000000111100000000000100000000111100000000000000000000111100000000000000000000000100000000000000000000000000000000111100000000
111100000000000100000000000100000000111100000000111100000000000000000000000100000000000100000000111100000000000000000000000100000000000000000000000100000000000000000000000000000000111100000000
111100000000111100000000000100000000000100000000000100000000000000000000111100000000111100000000111100000000000000000000111100000000000000000000000100000000000000000000000000000000111100000000
111100000000111100000000111100000000111100000000111100000000000000000000111100000000000100000000111100000000000000000000111100000000000000000000000100000000000000000000000000000000111100000000
000100000000000100000000000100000000111100000000000100000000000000000000111100000000111100000000000100000000000000000000111100000000000000000000000100000000000000000000000000000000111100000000
111100000000111100000000000100000000111100000000111100000000000000000000000100000000111100000000111100000000000000000000111100000000000000000000111100000000000000000000000000000000111100000000
111100000000111100000000111100000000000100000000111100000000000000000000111100000000000100000000111100000000000000000000000100000000000000000000000100000000000000000000000000000000111100000000
111100000000111100000000111100000000111100000000000100000000000000000000000100000000111100000000000100000000000000000000111100000000000000000000111100000000000000000000000000000000111100000000
000100000000111100000000000100000000000100000000111100000000000000000000111100000000000100000000000100000000000100000000111100000000000000000000111100000000000000000000000000000000111100000000
000100000000000100000000111100000000111100000000111100000000000000000000111100000000111100000000111100000000000100000000000100000000000000000000111100000000000000000000000000000000000100000000
000100000000111100000000111100000000111100000000111100000000000000000000111100000000111100000000111100000000111100000000111100000000000000000000111100000000000000000000000000000000111100000000
111100000000000100000000111100000000111100000000000100000000000000000000111100000000111100000000111100000000111100000000111100000000000000000000111100000000000000000000000000000000111100000000
000100000000111100000000111100000000111100000000111100000000000000000000111100000000111100000000111100000000111100000000111100000000000000000000111100000000000000000000000000000000111100000000
111100000000000100000000000100000000111100000000111100000000000000000000000100000000111100000000000100000000111100000000111100000000000000000000000100000000000000000000000000000000000100000000
111100000000111100000000111100000000111100000000000100000000000000000000000100000000000100000000000100000000111100000000111100000000000000000000111100000000000000000000000000000000000100000000
111100000000111100000000000100000000000100000000111100000000000000000000111100000000111100000000111100000000111100000000111100000000000000000000111100000000000000000000000000000000111100000000
000100000000111100000000111100000000000100000000111100000000000000000000000100000000111100000000000100000000000100000000000100000000000000000000111100000000000000000000000000000000111100000000
111100000000000100000000111100000000111100000000111100000000000000000000111100000000111100000000111100000000111100000000111100000000000000000000111100000000000000000000000000000000000100000000
000100000000000100000000000100000000111100000000000100000000000000000000111100000000111100000000000100000000000100000000111100000000000000000000111100000000000000000000000000000000111100000000
111100000000111100000000111100000000111100000000000100000000000000000000111100000000000100000000111100000000111100000000000100000000000000000000000100000000000000000000000000000000111100000000
111100000000000100000000000100000000111100000000000100000000000000000000111100000000111100000000000100000000111100000000111100000000000000000000111100000000000000000000111100000000111100000000
111100000000111100000000111100000000111100000000111100000000000000000000111100000000111100000000111100000000111100000000111100000000111100000000111100000000000000000000111100000000111100000000
000100000000000100000000111100000000111100000000111100000000000000000000111100000000000100000000111100000000111100000000111100000000000100000000111100000000000000000000111100000000111100000000
111100000000111100000000111100000000111100000000111100000000000000000000111100000000000100000000111100000000111100000000000100000000111100000000000100000000000000000000000100000000000000000100
111100000000000100000000000100000000000100000000111100000000000000000000000100000000111100000000000100000000111100000000111100000000111100000000111100000000000000000000111100000000000000000100
111100000000000100000000000100000000111100000000111100000000000000000000000100000000111100000000111100000000111100000000111100000000111100000000111100000000000000000000000100000000000000111100
000100000000111100000000111100000000111100000000111100000000000100000000111100000000111100000000111100000000000100000000111100000000111100000000111100000000000000000000111100000000000000111100
111100000000111100000000111100000000000100000000000100000000111100000000111100000000111100000000111100000000000100000000111100000000111100000000111100000000000000000000111100000000000000111100
111100000000111100000000111100000000111100000000000100000000000100000000000100000000111100000000111100000000000100000000111100000000111100000000000100000000000000111100111100000000000000111100
111100000000000100000000000100000000000100000000111100000000111100000000111100000000111100000000111100000000000100000000111100000000111100000000111100000000111100000100000100000000000000000100
111100000000000100000000000100000000000100000000111100000000111100000000111100000000000100000000000100000000000100000000000100000000111100000000111100000000111100111100000100000000000000111100
111100000000111100000000111100000000111100000000111100000000111100111100111100000000111100000000111100000000111100000000111100000000111100000000111100000000111100111100000100000000000000000100
111100000000111100000000111100000000111100000000111100000000111100111100111100000000111100000000111100000000111100000000111100000000111100000000111100000000111100111100111100000000000000000100
000100000000000100000000111100000000111100000000000100000000111100111100111100000000000100000000111100000000000100000000000100000000111100000000111100000000000100000100111100000000000000111100
111100000000000100000000000100000000111100000000111100000000111100111100111100000000111100000000111100000000111100000000000100000000111100000000111100000000111100111100000100000000000000111100
000100000000111100000000000100000000111100000000000100000000111100111100111100000000000100000000000100000000111100000000000100000000000100000000111100000000000100000100111100000000000000111100
000100000000000100000000000100000000000100000000000100000000000100111100111100000000111100000000111100000000111100000000000100000000111100000100000100000000000100000100111100000000000000000100
111100000000111100000000000100000000111100000000000100000000000100000100111100000000111100000000000100000000111100000000000100000000111100000100111100000000111100111100111100111100000000111100
000100000000111100000000111100000000111100000000000100000000111100111100111100000000000100000000111100000000000100000000111100000000000100111100000100000000111100111100111100000100000000111100
000100000000111100000000111100000000111100000000111100000000000100111100000100000000111100000000111100000000111100000000111100000000111100111100111100000000000100000100111100111100000000111100
000100000000000100000000111100000000000100000000111100000000000100111100000100000000111100000000111100000000111100000000111100000000111100111100000100000000000100000100000100111100000000111100
111100000000000100000000111100000000111100000000111100000000000100000100000100000000111100000000000100000000111100000000111100000000111100000100111100000000111100111100111100111100000000000100
111100000000111100000000111100000000000100000000000100000000000100000100111100000000111100000000000100000000000100000000000100000000111100000100111100000000000100111100000100111100000000111100
000100000000111100000000111100000000111100000000111100000000000100000100111100000000111100000000111100000000111100000000000100000000111100111100111100000000111100111100000100111100000000111100
111100000000111100000000111100000000111100000000000100000000111100000100111100000000111100000000111100000000111100000000000100000000111100000100000100000000111100111100111100111100000000111100
111100000000000000000100111100000000000100000000111100000000000100000100000100000000111100000000000100000000000100000000111100000000111100111100111100000000111100111100000100000100000000111100
111100000000000000000100111100000000000100000000111100000000000100000100111100000000111100000000111100000000111100000000000100000000000100111100111100000000111100000100111100000100000000111100
000100000000000000111100111100000000111100000000111100000000111100000100111100000000111100000000111100000000111100000000000100000000111100000100111100000000000100000100000100111100000000111100
111100000000000000111100111100000000000100000000111100000000000100000100000100000000000100000000111100000000111100000000111100000000111100000100111100000000111100111100111100111100000000111100
111100000000000000111100111100000000111100000000000100000000000100111100111100000000111100000000000100000000000100111100111100000000111100111100111100000000000100111100000100111100000000111100
111100000000000000111100000100000000000100000000111100000000111100111100111100000000000100000000111100000000111100111100111100000000111100111100000100000000111100000100111100111100000000111100
000100000000000000111100111100000000000100000000111100000000111100000100000100000000000100000000111100000000111100111100111100000000000100111100111100000000000100111100111100000100000000111100
111100000000000000000100000100000000000100000000111100000000111100111100111100000000111100000000000100000000000100111100000100000000111100111100000100000000111100111100111100111100000000000100
000100000000000000000100000100000000111100000000111100000000111100111100111100000000111100000000111100000000111100000100111100000000111100111100111100000000111100111100111100111100000000111100
000100000000000000111100111100000000000100000000111100000000111100000100111100000000111100000000000100000000000100000100000100000000111100111100111100000000111100111100000100111100000000000100
000100000000000000000100000100000000111100000000111100000000000100000100111100000000111100000000000100000000111100111100000100000000111100000100111100000000000100111100000100111100000000111100
000100000000000000111100111100000000111100000000000100000000111100111100111100000000111100000000000100000000111100000100111100000000000100000100111100000000111100000100111100111100000000111100
111100000000111100111100111100000000000100000000111100000000000100111100000100000000000100000000111100000000111100111100111100000000111100000100111100000000000100111100111100111100000000111100
000100000000000100000100111100000000111100000000111100000000000100111100000100000000111100000000111100000000111100111100000100000000000100000100000100000000111100111100000100000100000000111100
111100000000111100000100111100000000111100000000111100000000000100111100111100000000111100000000111100000000000100111100111100000000000100000100000100000000111100111100111100111100000100000100
111100000000000100111100111100000000000100000000111100000000111100000100111100000000000100000000000100000000000100111100111100000000111100111100111100000000111100000100000100000100111100111100
000100000000111100111100111100000000000100000000000100000000111100111100111100000000000100000000000100000000111100000100111100000000000100111100111100000000111100000100111100111100000100000100
111100000000000100000100111100000000000100000000111100000000000100000100000100000000111100000000111100000000000100111100111100000000111100111100111100000000111100111100000100111100111100111100
111100000000111100111100000100000000111100000000000100000000000100000100111100000000111100000000111100000000000100111100111100000000111100000100111100000000111100111100111100000100111100111100
000100000000000100000100111100000000000100000000111100000000000100111100111100000000111100000000111100000000000100000100111100000000111100000100000100000000111100000100000100000100111100111100
000100000000111100000100111100000000111100000000111100000000111100000100111100000000111100000000111100000000111100111100000100000000000100111100111100000000111100111100111100111100111100111100
000100000000111100111100111100000000111100000000111100000000111100111100111100000000111100000000000100000000000100111100111100000000111100111100111100000000000100000100111100000100000100111100
000100000000111100111100000100000000111100000000111100000000000100111100000100000000111100000000111100000000111100000100111100000000111100111100111100000000000100111100111100111100111100111100
111100000000000100000100000100000000111100000000000100000000000100111100000100000000111100000000000100000000111100111100000100000000111100111100000100000000000100000100000100111100111100111100
111100000000111100111100111100000000000100000000111100000000111100000100111100000000111100000000111100000000111100000100000100000000111100111100000100000000111100111100000100111100111100000100
000100000000111100111100111100000000000100000000111100000000000100000100111100000000000100000000111100000000000100000100111100000000000100111100111100000000111100000100000100111100111100000100
000100000000111100111100000100000000111100000000000100000000000100111100111100000000000100000000111100000000111100000100111100000000111100111100111100000000111100000100111100000100000100000100
000100000000111100000100111100000000111100000000111100000000111100111100111100000000111100000000000100000000111100111100111100000000000100111100000100000000111100000100000100111100111100111100
111100000000111100111100111100000000000100000000111100000000111100111100000100000000000100000000111100000000111100111100111100000000111100111100000100000000000100111100000100111100000100111100
000100000000111100111100111100000000111100000000111100000000111100111100111100000000111100000000000100000000000100111100111100000000000100111100111100000000111100000100111100000100111100111100
111100000000111100111100111100000000000100000000111100000000111100000100000100000000000100000000111100000000000100000100000100000000000100111100000100000000000100000100000100111100111100111100
000100000000111100111100111100000000000100000000000100000000111100111100111100000000111100000000000100000000111100111100111100000000111100000100111100000000000100111100111100000100000100000100
000100000000111100111100111100000000111100000000111100000000111100111100000100000000111100000000111100000000000100000100111100111100000100111100111100000000111100111100111100111100111100111100
000100000000111100111100111100000000111100000000111100000000000100000100111100000000111100000000111100000000111100000100000100111100111100111100111100000000000100111100111100111100111100111100
000100000000000100000100111100000000000100000000111100000000000100111100111100000000111100000000111100000000111100000100111100111100111100111100111100000000000100000100111100000100111100111100
111100000000111100111100111100000000111100000000111100000000111100111100111100000000111100000000111100111100111100111100111100111100000100000100000100000000000100111100111100000100000100000100
000100000000111100000100000100000000111100000000000100000000111100111100111100000000000100000000000100111100000100111100000100111100111100000100000100000000111100111100111100000100000100111100
000100000000000100000100111100000000111100000000111100000000111100111100111100000000111100000000111100000100111100000100000100111100111100111100000100000000111100000100111100111100000100111100
111100000000111100000100111100000000111100000000111100000000000100000100000100000000111100000000111100000100000100000100111100111100111100111100111100000000000100111100000100111100000100111100
111100000000111100111100111100000000111100000000000100000000111100000100111100000000000100000000111100111100111100000100111100000100111100111100000100000000111100000100111100111100000100111100
111100000000111100111100111100000000111100000000111100000000111100111100111100000000111100000000111100000100111100111100111100111100111100000100111100000000111100111100111100000100000100111100
111100000000000100111100111100000000111100000000111100000000000100000100000100000000000100000000111100111100111100111100111100111100111100111100111100000000111100111100111100111100000100111100
111100000000111100111100000100000000111100000000111100000000111100111100000100000000111100000000111100000100000100111100000100000100111100111100000100000000111100111100111100000100111100111100
000100000000000100000100111100000000000100000000111100000000000100111100111100000000111100000000000100111100111100111100111100000100111100111100111100000000111100000100111100000100000100000100
000100000000111100000100111100000000111100000000111100000000111100111100111100000000000100000000111100111100111100111100111100111100111100000100000100000000111100000100111100000100111100111100
111100000000000100000100000100000000111100000000000100000000111100000100000100000000111100000000111100000100111100111100111100111100111100111100000100000000000100000100111100000100111100111100
000100000000000100000100000100000000111100000000111100000000111100000100111100000000000100000000111100111100111100111100000100000100000100111100000100000000111100111100111100111100000100111100
111100000000111100111100000100000000111100000000000100000000111100111100111100000000111100000000111100000100000100000100000100111100111100000100000100000000000100111100111100000100000100000100
111100000000000100000100111100000000111100000000111100000000111100111100111100000000111100000000111100111100000100000100111100000100000100000100111100000000000100111100111100000100000100111100
111100000000111100000100000100000000000100000000000100000000000100111100000100000000111100000000000100000100111100111100111100111100000100111100111100000000111100111100111100000100111100000100
000100000000111100111100000100000000111100000000111100000000111100111100000100000000111100000000111100111100111100000100111100111100000100000100000100000000111100111100111100000100000100000100
111100000000000100111100111100000000000100000000111100000000000100000100000100000000111100000000111100000100111100111100000100111100000100000100111100000000111100000100111100111100000100111100
111100000000111100111100111100000000111100000000111100000000000100111100111100000000000100000000000100000100000100111100111100000100000100111100000100000000111100111100000100111100111100111100
111100000000111100111100000100000000111100000000000100000000000100111100111100000000111100000000111100000100111100111100000100000100111100111100000100000000111100000100000100111100111100111100
000100000000111100111100111100000000000100000000111100000000111100000100000100000000111100000000111100111100000100000100111100111100000100111100000100000000111100000100000100111100000100111100
111100000000000100000100111100000000000100000000111100000000000100111100000100000000000100000000000100000100000100111100000100111100111100111100111100000000000100000100111100111100111100000100
111100000000111100111100111100000000111100000000111100000000111100111100111100000000111100000000111100111100000100111100111100111100111100111100000100000000000100111100111100111100111100111100
111100000000111100111100000100000000000100000000111100000000111100000100111100000000111100000000111100111100111100000100000100000100000100111100111100000000111100111100111100000100111100111100
000100000000111100000100000100000000000100000000111100000000111100111100111100000000000100000000111100000100111100111100111100000100111100111100000100000000111100111100111100000100111100000100
000100000000111100111100111100000000111100000000000100000000111100111100000100000000000100000000000100111100000100000100000100000100111100111100111100000000111100111100000100111100111100111100
111100000000000100111100000100000000111100000000111100000000111100000100000100000000000100000000111100111100111100000100111100111100111100111100111100000000111100111100000100111100000100000100
111100000000111100000100000100000000000100000000000100000000111100111100111100000000111100000000111100000100111100000100111100111100111100111100000100000000000100111100111100111100111100111100
111100000000111100111100111100000000111100000000000100000000000100000100111100000000111100000000111100000100111100111100111100000100000100111100000100000000111100111100111100111100000100111100
111100000100111100111100111100000000111100000000111100000000111100000100000100000000111100000000111100000100111100000100000100111100111100000100111100000000000100111100000100111100111100000100
111100000100111100111100000100000000111100000000111100000000111100111100111100000000000100000000000100000100111100111100111100000100000100000100000100000000111100000100111100000100000100111100
111100111100111100111100000100000000111100000000000100000000111100000100111100000000111100000000111100000100111100111100111100111100111100111100111100000000111100000100000100111100111100000100
000100111100111100000100111100000000111100000000111100000000111100111100111100000000000100000000111100000100111100111100000100000100000100111100111100000000111100111100111100000100111100000100
111100111100000100000100111100000000000100000000111100000000000100111100111100000000000100000000000100000100000100111100111100111100000100000100000100000000111100000100111100111100111100111100
111100111100000100111100111100000000000100000000000100000000000100000100111100000000000100000000000100111100111100111100111100111100111100111100111100000000000100111100111100000100111100000100
000100000100111100111100111100000000111100000000111100000000111100111100000100000000000100000000000100000100111100000100111100111100111100000100000100000000111100111100111100111100111100111100
111100111100000100000100000100000000000100000000111100000000111100000100000100000000111100000000111100000100000100000100000100111100111100111100000100000000000100000100111100000100111100000100
111100111100111100000100111100000000000100000000000100000000000100000100111100000000111100000000111100111100111100111100000100111100111100111100111100000000111100000100111100111100000100111100
111100111100000100000100000100000000111100000000111100000000111100111100000100000000111100000000111100111100000100000100111100111100111100000100000100000000000100000100111100000100111100111100
000100000100111100111100111100000000111100000000000100000000111100111100111100000000111100000000111100000100111100111100111100000100000100111100111100000000000100111100000100111100111100111100
000100111100000100000100111100000000000100000000000100000000000100111100111100000000000100000000111100000100000100111100000100111100000100000100111100000000111100111100000100111100000100000100
000100111100111100111100111100000000111100000000111100000000111100000100111100000000000100000000111100111100000100000100111100111100111100000100111100000000111100000100111100111100111100000100
111100111100000100111100111100000000000100000000111100000000111100111100000100000000111100000000111100000100111100000100000100111100111100000100111100000000111100111100111100111100111100000100
000100111100111100111100111100000000000100000000111100000000000100111100111100000000000100000000111100111100111100111100000100111100111100111100111100000000111100111100111100000100000100111100
111100111100111100111100111100000000111100000000111100000000111100111100111100000000111100000100000100111100111100111100000100000100111100111100111100000000000100111100111100000100000100111100
111100111100000100000100111100000000111100000000111100000000111100000100111100000100111100111100111100111100111100111100111100000100111100111100000100000000000100111100111100111100111100111100
111100111100111100111100111100000100111100000000000100000000111100111100111100111100111100000100000100111100000100000100000100000100000100111100111100000000111100111100111100111100000100111100
111100111100111100111100111100000100000100000000000100000000000100111100000100000100111100111100000100000100111100111100111100000100000100111100111100000000111100000100111100000100111100000100
000100111100000100111100111100111100000100000000000100000000000100000100000100000100111100000100111100111100111100000100111100111100000100111100111100000000111100000100000100111100000100111100
000100111100111100111100000100000100000100000000000100000000111100000100111100111100111100000100111100000100000100111100000100000100111100111100000100000000111100000100000100000100111100111100
111100111100111100111100111100111100000100000000000100000000111100111100111100000100111100111100000100000100000100111100111100111100111100111100000100000000111100111100000100000100111100000100
000100111100000100111100000100000100000100000000111100000000000100000100111100111100111100111100111100111100000100000100111100111100000100111100111100000000000100000100000100000100111100000100
000100111100000100000100111100000100111100000000111100000000111100111100111100111100111100111100111100111100000100111100111100000100000100111100000100000000000100111100111100111100111100000100
111100000100000100111100000100111100000100000000000100000000111100000100111100000100000100000100000100111100000100111100111100000100111100111100111100000000111100111100000100000100000100000100
111100000100111100111100111100000100111100000000111100000000111100000100111100000100000100111100111100111100000100111100000100111100000100111100111100000000111100111100000100000100111100111100
111100111100000100111100111100111100111100000000111100000000111100111100111100111100000100111100111100000100111100111100111100111100000100000100111100000000111100111100000100000100111100111100
000100000100111100111100111100000100111100000000111100000000111100000100000100000100000100111100000100111100111100000100111100000100000100111100000100000000000100000100111100000100000100000100
000100111100111100111100111100000100000100000000000100000000000100111100111100000100111100111100000100111100000100111100111100111100111100111100111100000000000100111100111100111100000100111100
000100000100000100111100111100111100111100000000111100000000111100111100111100000100111100000100111100111100111100111100111100111100111100111100111100000000111100111100111100111100111100000100
111100000100111100111100000100111100111100000000111100000000000100111100111100000100000100111100000100000100111100111100000100111100111100111100000100000000111100111100000100111100000100111100
111100111100111100000100111100111100111100000000000100000000111100111100111100111100111100111100111100000100111100000100111100111100111100000100111100000000111100000100111100000100111100000100
000100111100000100111100111100111100111100000000111100000000000100111100111100000100000100111100000100111100000100000100000100111100111100111100111100000000111100111100000100111100111100000100
111100000100111100111100111100000100111100000000000100000000111100000100111100111100111100000100000100111100000100111100000100111100000100111100111100000000111100111100000100111100000100111100
111100111100111100111100111100000100000100000000000100000000111100111100000100111100000100111100000100111100111100111100000100111100111100111100000100000000111100111100111100000100000100000100
000100111100111100111100111100111100111100000000000100000000000100111100111100111100111100111100111100111100000100111100111100111100111100000100111100000000111100111100111100000100000100111100
111100000100000100000100111100111100111100000000111100000000000100111100111100111100111100111100111100111100111100111100111100000100111100111100000100000000111100000100000100111100000100000100
111100111100111100111100111100000100111100000000111100000000111100111100111100000100000100111100000100111100111100000100111100000100111100111100000100000000111100000100111100111100111100000100
000100111100111100111100111100000100111100000000000100000000111100000100111100111100111100111100111100000100000100111100111100000100111100000100111100000000000100000100000100000100111100111100
000100111100111100111100111100111100000100000000111100000000111100111100111100111100111100111100111100000100111100111100111100111100000100111100111100000000111100000100000100111100111100000100
000100111100000100111100111100000100111100000000000100000000000100111100000100111100111100000100111100000100000100000100000100000100111100111100111100000000000100111100000100111100111100111100
111100000100111100111100111100000100000100000000111100000000111100111100111100000100000100000100111100000100000100111100111100000100000100000100000100000000000100111100111100111100111100000100
111100111100000100111100111100111100111100000000111100000000000100111100000100111100111100111100111100111100000100000100111100111100000100111100111100000000111100111100000100111100111100111100
111100000100000100111100000100111100111100000000111100000000111100111100111100111100111100000100111100111100111100111100111100111100000100000100111100000000000100111100111100111100000100111100
111100111100000100111100000100000100000100000000000100000000000100000100000100000100111100111100000100111100111100000100000100111100000100111100111100000000000100111100111100111100111100111100
111100111100111100111100000100111100111100000000111100000000111100111100111100000100111100111100111100000100111100111100000100000100111100111100111100000000111100111100111100000100000100111100
111100111100111100111100000100111100111100000000000100000000000100000100111100000100111100111100111100111100000100000100111100000100000100111100111100000000111100000100111100111100000100111100
000100111100000100111100111100111100111100000000111100000000111100111100111100000100000100111100111100111100111100111100111100111100000100111100111100000000111100111100111100111100000100000100
111100000100111100111100111100000100111100000000111100000000111100000100111100111100111100000100000100111100000100111100111100000100000100000100111100000000000100111100111100111100111100111100
000100000100111100111100111100000100111100000000000100000000000100000100111100111100111100000100111100111100111100000100111100000100111100111100000100000000111100111100111100000100000100111100
111100000100111100111100111100111100111100000000111100000000000100000100111100111100111100000100000100111100111100111100111100111100000100111100111100000000111100111100111100111100111100000100
111100000100111100111100000100111100000100000000000100000000111100111100111100000100000100000100111100000100111100000100000100111100000100111100111100000000000100000100111100111100111100111100
111100111100111100000100000100111100111100000000000100000000111100000100111100000100000100111100000100111100111100000100111100111100000100000100111100000000111100111100111100111100111100000100
000100111100000100111100000100111100000100000000000100000000000100000100000100111100111100111100111100000100111100111100111100111100000100111100111100000000000100000100111100000100000100000100
111100111100111100000100111100111100000100000000000100000000000100111100111100111100111100000100111100000100111100111100111100111100000100111100111100000000111100111100000100111100111100111100
111100000100111100000100111100111100111100000000111100000000000100111100000100111100000100000100111100000100000100111100000100111100111100111100000100000000000100000100000100111100000100111100
111100111100000100111100111100000100111100000000111100000000111100000100000100111100111100111100111100000100111100111100000100111100111100000100111100000000111100111100111100111100111100000100
000100111100111100111100111100000100111100000000111100111100111100111100000100000100111100111100111100111100111100111100111100111100111100111100111100000000111100111100000100111100111100111100
111100111100111100000100111100000100111100000000111100111100000100000100000100111100000100000100111100111100111100111100111100111100111100000100000100000000111100111100000100000100000100111100
111100111100000100000100111100111100111100000000111100111100111100111100111100000100000100000100000100111100111100111100111100111100111100111100111100000000000100111100000100111100111100111100
000100111100111100111100111100111100111100000000000100111100000100111100000100000100000100111100111100111100111100111100111100000100111100111100000100000000000100111100000100000100000100000100
111100111100000100111100111100000100111100000000111100111100000100111100111100000100111100111100111100111100111100111100111100111100000100000100111100000000000100111100000100111100111100111100
111100000100111100000100111100000100111100000000111100000100111100111100000100111100111100111100111100000100000100111100000100000100111100111100000100000000111100000100111100000100111100000100
000100111100111100000100111100000100000100000000111100111100111100111100000100111100000100111100111100111100111100111100111100111100000100000100000100000000111100111100111100111100111100111100
000100111100111100111100000100000100000100000000111100111100111100111100111100111100000100111100111100000100111100111100111100000100111100111100111100000100111100111100111100111100000100000100
000100111100111100111100111100111100000100000000111100111100111100111100000100111100111100000100111100111100111100111100000100111100000100111100000100111100111100111100111100111100111100000100
111100111100000100000100111100000100000100000000111100111100000100000100000100000100111100111100000100111100111100000100000100111100000100111100111100111100000100111100111100000100000100111100
000100111100000100000100000100111100000100000000000100111100000100111100111100000100111100111100000100111100000100000100111100111100000100111100000100000100111100000100000100111100111100111100
111100000100000100000100111100000100111100000000111100000100000100000100000100111100000100000100000100111100111100000100111100000100111100111100111100111100111100111100111100111100000100111100
111100111100000100000100111100000100000100000000111100111100111100111100111100000100111100111100111100111100111100111100111100000100111100111100111100111100111100000100111100111100111100111100
111100000100111100111100111100000100000100000000111100111100000100111100111100111100000100000100000100000100111100000100000100111100111100111100000100000100111100000100000100000100000100111100
000100111100111100111100111100111100111100000000111100000100111100111100111100000100111100111100000100111100000100111100111100111100111100111100111100000100111100111100111100111100000100000100
000100111100111100000100000100111100111100111100111100000100111100111100111100000100111100111100111100111100000100111100111100111100111100111100111100111100111100111100111100111100000100111100
000100000100111100111100111100111100111100111100111100000100111100111100000100111100000100111100000100111100000100111100111100000100111100111100111100111100111100000100111100111100111100000100
111100111100111100000100111100111100111100000100111100111100111100111100111100000100000100111100111100111100111100111100000100000100000100111100111100111100111100111100000100111100000100111100
111100111100111100000100111100111100111100000100000100111100000100000100000100111100000100111100000100111100111100000100111100111100000100111100000100000100000100111100111100111100111100000100
000100111100111100000100111100111100111100111100000100111100111100000100000100111100111100111100000100111100000100111100111100111100111100111100111100111100111100111100111100111100000100111100
000100111100000100000100111100111100111100111100000100111100000100000100111100000100111100000100111100111100000100111100111100000100111100111100000100111100111100000100111100111100000100111100
111100000100000100111100000100000100000100111100000100111100000100111100111100111100000100111100111100000100111100111100111100111100111100000100111100111100000100000100000100111100000100000100
111100000100111100111100111100111100000100000100000100111100111100111100111100111100111100000100111100111100111100000100111100000100111100111100000100111100000100000100000100111100111100111100
000100111100111100111100111100111100111100000100000100111100000100111100000100111100111100000100111100111100000100111100111100000100111100000100111100111100111100111100000100000100111100000100
111100000100000100111100111100000100000100111100111100111100111100111100111100111100111100111100000100111100111100111100000100111100000100000100111100111100000100000100000100111100111100000100
000100000100000100111100000100000100000100111100000100000100000100000100000100111100000100000100111100111100000100111100000100000100111100111100000100000100111100000100111100111100111100111100
111100111100111100000100111100111100111100111100000100111100111100000100000100000100111100000100000100000100111100111100111100000100111100000100111100000100000100111100111100111100111100000100
111100000100000100000100111100111100111100000100111100111100111100000100111100111100000100111100000100111100111100000100111100111100000100111100111100000100111100000100111100111100111100111100
111100111100111100111100111100111100111100000100000100000100111100111100111100000100000100000100111100000100111100111100000100111100000100111100000100111100111100111100111100000100000100111100
111100000100000100111100111100111100111100111100000100111100000100000100000100000100000100000100111100111100111100000100111100111100111100111100000100111100111100000100111100111100111100111100
000100000100111100000100000100111100111100000100000100111100111100111100000100111100111100111100111100111100111100000100111100111100000100111100111100111100000100111100111100000100111100111100
000100000100111100000100111100000100000100111100000100111100000100111100000100111100000100000100000100111100000100000100111100000100111100000100000100111100111100000100111100111100111100000100
111100111100000100000100111100111100111100000100111100000100111100111100111100111100111100111100111100111100000100111100111100111100000100000100111100111100111100111100111100111100111100000100
111100111100111100111100111100000100000100111100111100111100000100000100111100111100111100000100111100111100111100000100111100000100000100000100111100111100111100111100000100000100000100111100
111100000100111100000100111100111100111100111100111100000100111100111100111100111100000100111100111100111100000100111100111100000100000100111100000100111100111100000100111100111100111100000100
111100000100111100000100000100111100000100000100111100111100000100000100000100111100000100111100000100000100111100000100111100000100000100000100111100000100111100111100000100000100111100111100
000100111100111100111100111100111100000100111100000100111100111100111100000100000100111100111100000100111100111100111100111100000100111100000100000100000100111100111100111100000100000100000100
000100111100111100000100111100111100111100111100111100111100000100111100111100111100111100111100000100111100000100000100000100000100000100111100111100000100111100000100000100111100111100111100
111100000100111100000100111100111100111100111100111100000100111100000100000100000100111100111100111100111100000100000100000100000100111100000100111100000100000100000100111100000100000100111100
111100000100111100000100111100111100000100111100111100000100111100000100000100111100111100000100000100000100000100111100000100111100111100000100000100000100000100111100111100000100000100111100
111100111100000100000100111100000100111100111100111100111100111100111100111100000100111100111100000100000100111100111100000100111100111100111100111100111100111100000100111100111100111100000100
111100000100000100111100000100111100111100111100000100111100111100000100000100111100111100000100111100111100000100111100111100000100000100111100000100111100111100111100111100111100000100111100
000100111100111100111100000100000100000100000100111100000100111100111100111100111100111100111100111100111100111100111100111100111100111100000100111100111100000100111100111100111100111100111100
111100111100111100111100111100111100000100111100111100000100000100111100111100000100111100000100111100000100000100111100000100000100111100000100111100000100111100000100111100111100111100111100
111100111100000100111100111100000100000100111100111100111100111100000100111100111100000100000100111100111100000100111100111100000100111100000100111100111100111100111100111100000100000100111100
111100000100000100111100000100111100111100111100000100111100111100111100111100000100111100111100111100000100111100111100111100111100111100111100111100111100000100000100111100111100000100111100
000100111100000100111100000100111100000100111100111100111100111100000100000100111100000100111100111100111100111100000100111100111100111100111100111100111100111100000100111100000100000100111100
111100111100000100000100000100111100111100111100000100111100111100111100111100111100000100111100000100000100111100111100111100111100111100111100111100000100111100000100111100000100000100111100
000100111100111100111100000100111100000100000100000100111100111100000100000100111100000100111100111100111100111100000100000100111100111100000100111100111100000100000100111100111100000100111100
000100111100000100111100000100111100111100000100111100111100000100000100000100111100111100111100000100111100111100111100111100111100000100111100111100111100111100000100111100111100111100111100
111100111100000100000100111100111100111100000100111100111100000100111100111100000100111100000100000100000100111100000100000100000100111100000100111100111100111100111100111100000100000100111100
111100000100111100000100111100000100000100111100000100000100111100111100000100111100111100111100000100111100111100111100000100111100000100000100111100111100000100000100000100111100111100111100
000100111100111100111100000100000100111100111100111100111100000100000100111100000100111100000100111100111100111100111100111100000100111100111100111100111100111100111100111100000100111100000100
111100111100000100111100111100000100111100111100000100111100111100111100000100111100111100000100000100111100111100000100111100111100111100000100111100000100000100111100000100111100111100111100
000100111100000100111100000100000100111100111100000100000100111100111100111100000100000100111100111100111100111100111100111100111100111100111100111100111100000100000100111100111100000100000100
000100111100111100000100000100111100111100000100111100000100000100000100000100111100111100111100000100111100111100111100111100000100000100000100111100000100111100111100111100111100111100111100
111100111100111100111100111100111100000100000100111100000100000100000100000100000100000100000100000100000100111100000100111100111100000100111100111100000100000100111100111100000100111100111100
111100000100111100111100111100111100000100000100000100000100000100111100111100000100000100111100111100111100111100000100111100111100111100000100111100111100111100111100111100000100111100111100
000100111100111100111100000100111100000100000100111100000100111100111100111100111100000100111100000100000100111100000100111100000100111100000100111100111100111100000100000100111100000100000100
000100000100111100111100000100111100111100111100111100111100111100111100000100000100000100111100000100111100111100000100111100111100111100111100000100000100000100111100111100111100000100111100
111100111100000100000100111100000100111100111100111100111100111100111100111100000100000100111100111100000100000100111100000100000100111100111100000100111100000100111100111100111100000100111100
111100000100000100111100111100000100111100111100000100111100000100111100000100111100000100111100111100111100000100111100000100000100111100111100111100111100000100111100000100000100111100000100
000100111100111100111100111100111100111100111100000100111100000100000100111100000100000100111100000100000100111100111100000100111100000100111100111100111100111100111100000100000100000100111100
111100111100000100000100111100111100000100000100000100111100111100111100111100111100000100111100111100111100111100000100111100111100111100111100000100111100111100111100111100111100111100111100
111100111100000100111100111100111100111100111100111100111100000100111100000100111100000100111100111100111100111100111100111100111100111100111100111100111100111100111100111100111100000100000100
111100000100000100111100000100111100111100111100000100111100111100000100111100111100111100111100000100111100111100111100111100000100000100000100111100000100111100000100000100000100000100111100
000100111100000100111100000100000100111100111100000100000100111100000100111100111100111100000100000100000100000100000100111100111100000100000100111100111100111100111100000100000100111100000100
111100111100111100111100111100111100111100000100000100111100000100111100111100000100111100111100111100111100111100111100111100000100000100111100111100000100111100111100000100111100000100111100
000100111100000100111100111100111100000100111100111100000100111100000100111100111100111100000100111100000100111100000100111100111100111100111100000100111100000100111100000100000100111100111100
000100111100111100111100000100111100111100000100000100111100111100000100111100111100111100000100000100000100111100000100111100111100111100111100111100000100111100000100111100000100000100111100
000100111100000100111100000100000100111100111100111100000100111100111100111100111100111100000100000100000100000100111100111100000100111100111100000100111100000100111100111100111100000100000100
111100111100111100111100111100000100111100111100000100000100111100000100000100000100000100111100111100111100000100111100000100111100111100111100111100111100000100111100111100000100111100000100
000100000100000100000100111100111100111100000100111100111100111100000100111100111100000100111100000100111100111100000100111100000100111100000100000100111100000100111100111100000100111100000100
000100000100111100000100111100000100000100000100111100111100111100000100111100111100111100111100111100000100111100000100111100111100111100111100111100111100000100111100111100111100111100000100
000100111100000100000100000100000100111100111100000100111100111100111100111100111100000100111100111100000100111100111100111100111100000100111100111100111100111100111100111100111100000100111100
111100000100111100111100111100000100111100000100111100000100111100111100111100111100000100111100111100111100000100111100111100111100000100111100111100000100111100111100111100111100000100000100
000100111100000100000100000100111100000100111100111100111100111100111100000100111100000100111100111100111100000100000100111100111100111100111100000100111100000100111100111100111100111100000100
111100111100111100111100111100000100111100000100111100111100000100111100111100111100111100111100000100000100111100111100111100000100000100111100111100000100111100000100000100111100111100111100
111100111100000100111100111100111100111100111100111100000100000100000100111100000100111100000100111100111100111100000100111100111100000100111100111100111100000100111100111100000100000100111100
111100111100111100111100000100111100000100111100111100111100111100111100000100111100111100111100000100000100111100111100111100000100111100000100111100111100000100000100111100000100000100111100
000100111100111100000100000100111100000100000100111100111100000100000100000100000100000100111100000100000100000100111100000100111100111100111100000100111100111100111100111100111100111100000100
111100111100111100111100111100111100111100111100111100111100000100000100111100000100111100111100000100111100000100000100111100111100111100111100000100111100111100000100111100000100000100111100
111100000100000100000100111100111100111100111100000100000100111100000100000100111100000100111100000100000100000100111100000100111100111100111100111100111100000100111100111100000100000100000100
111100000100000100000100000100111100111100111100000100000100000100111100111100000100111100111100111100000100111100111100111100111100111100111100000100000100111100111100000100111100111100111100
111100111100000100111100111100111100111100000100111100111100111100111100111100000100111100000100000100111100111100000100111100000100111100111100111100111100111100111100111100000100000100000100
000100111100111100000100000100000100111100111100111100000100111100000100111100111100111100111100000100111100111100111100000100111100111100111100000100111100000100000100111100000100111100111100
111100111100000100111100111100111100111100111100000100000100000100111100111100000100111100111100111100000100111100000100111100000100111100000100111100111100111100111100000100111100000100000100
111100000100111100111100000100111100111100000100111100111100111100111100111100111100111100000100000100111100111100111100000100111100000100000100000100111100111100000100111100111100111100111100
111100111100111100000100111100000100000100111100000100111100111100111100111100000100111100000100111100000100000100000100000100000100000100000100111100000100111100111100000100111100111100111100
111100000100111100000100111100111100000100111100000100000100111100111100000100000100000100111100000100111100000100000100000100111100111100111100000100111100111100111100111100111100111100111100
111100111100111100000100111100000100000100000100111100111100000100000100111100000100111100111100111100111100111100111100111100111100111100111100000100111100000100000100000100000100111100111100
111100000100000100111100000100111100000100111100000100111100111100000100111100111100111100111100111100111100111100000100111100000100000100111100111100111100111100111100111100000100000100111100
111100111100000100000100000100000100000100111100000100111100111100000100111100111100000100111100111100111100000100111100111100000100000100111100000100111100000100000100111100111100000100111100
111100000100111100111100111100111100111100000100000100111100111100111100111100000100111100111100000100000100111100111100111100111100000100000100000100111100000100111100000100000100000100111100
111100111100000100111100000100111100111100111100000100111100111100000100111100000100000100000100000100000100111100000100111100111100000100111100000100111100111100000100000100000100111100000100
111100111100000100111100111100000100111100111100000100111100111100111100111100000100000100111100000100111100000100000100111100111100000100111100000100111100111100111100000100111100000100000100
000100111100111100000100000100000100000100111100000100111100111100111100111100111100111100111100111100111100111100111100111100000100000100111100000100000100111100111100111100111100000100111100
000100111100000100000100111100000100111100000100000100111100111100111100111100111100111100111100111100111100111100111100111100000100111100000100000100111100000100000100111100111100111100111100
111100111100000100000100000100111100111100000100111100111100111100111100111100111100000100000100000100000100111100000100111100111100111100111100111100111100111100111100111100000100111100111100
111100111100000100111100111100111100000100111100000100000100111100000100000100111100000100111100111100111100000100111100111100000100000100000100000100111100111100111100111100000100111100111100
111100000100111100000100000100000100111100000100111100000100111100111100111100111100000100111100111100000100111100000100111100000100111100111100111100000100111100111100111100111100111100111100
111100111100111100000100111100111100111100000100111100111100111100111100111100000100000100000100000100111100111100111100111100111100111100111100000100111100000100111100111100000100000100000100
000100111100111100000100111100111100000100111100111100000100000100111100000100111100000100111100111100111100111100111100111100111100111100111100111100111100111100111100111100111100000100000100
000100111100111100000100111100111100111100111100111100111100000100000100111100000100111100111100000100111100111100111100000100111100111100111100000100111100111100111100111100111100111100000100
111100111100000100111100111100111100111100000100111100000100111100000100111100111100000100111100000100111100111100111100111100111100111100111100111100000100000100000100111100111100000100111100
111100111100111100111100111100000100111100000100000100111100000100111100111100111100111100111100000100000100000100111100111100000100111100111100111100111100000100111100000100111100000100000100
111100000100000100111100000100111100111100111100111100111100000100111100000100000100111100111100111100000100111100111100000100111100111100111100111100111100111100111100111100000100000100111100
000100111100111100111100000100111100111100000100111100111100000100000100111100000100111100000100000100111100111100111100111100000100111100111100111100111100111100000100111100111100000100000100
111100111100111100111100111100111100000100111100000100111100111100000100000100111100111100111100000100111100111100111100111100111100111100111100111100000100111100111100000100000100111100111100
000100000100111100111100000100111100111100111100111100000100111100000100000100111100111100000100000100111100111100111100111100111100111100000100111100111100111100111100111100111100111100111100
000100000100000100000100000100000100000100111100111100111100111100000100111100111100111100111100000100000100111100000100000100000100000100000100111100000100111100000100111100111100111100000100
111100000100111100111100111100000100111100111100111100000100111100111100000100111100111100111100111100111100000100000100111100000100000100000100111100000100111100111100111100111100111100000100
000100000100111100000100000100111100111100000100111100000100000100111100111100000100111100000100111100000100000100111100111100111100111100111100000100111100111100111100000100111100111100000100
111100111100000100000100111100000100000100111100000100111100111100000100111100000100000100111100111100111100111100000100111100000100111100000100111100111100111100111100000100111100000100111100
111100000100111100111100111100000100000100111100111100111100111100111100000100000100111100111100111100000100000100000100000100000100000100000100000100111100111100000100000100111100111100111100
111100111100111100111100111100000100111100111100000100111100000100111100111100111100111100111100111100000100111100000100111100000100111100000100111100111100000100111100111100111100111100000100
111100111100111100000100000100111100111100111100111100000100111100111100000100000100111100000100111100111100000100111100111100111100000100000100111100111100111100111100000100111100000100111100
111100000100000100000100111100000100000100000100000100111100111100111100000100111100111100000100000100111100111100111100000100111100111100111100111100000100111100000100000100000100111100000100
111100111100111100000100000100111100111100000100000100000100111100111100000100111100000100111100000100000100111100000100111100111100000100111100111100111100000100111100111100111100000100000100
                                                                                                                                                                                           11111100000100111100111100000100000100111100111100111100000100111100111100111100111100000100111100000100000100000100111100000100
111100111100111100000100000100111100111100000100000100000100111100111100000100111100000100111100000100000100111100000100111100111100000100111100111100111100000100111100111100111100000100000100
11100111100111100111100111100000100111100111100111100111100111100111100111100111100111100111100111100111100111100111100
i111100111100111100111100111100111100111100000100111100111100111100000100111100111100111100111100111100111100111100111100111100111100111100111100111100111100111100111100111100111100111100111100
i111100111100111100111100111100111100111100111100111100111100111100111100111100111100111100111100111100111100111100111100111100111100111100111100111100111100111100111100111100111100111100111100
