111111111111000001111111000011111101111111111111000001111111000011111111000001111101000001111111111101111111111101111111111101111111111111111101000001000001000001111101111101000001111111111111
111101000011000011111101111111111101000011111101000001111101111101000011111101111101111101111111111101000011000011111101111101111101111101000001111111000001111101111101111101000011111101111111
000001000011111111000001111111111101111111111111000011111101111111000001000011000001111101000001000001000011111111000001000001000001000001000011000001000001111111111111111111000011000001111101
000001000011000011111101111101111101000011000001111101111101000011111111000011000011111101111101111111111101000001111101000011111111111111111101111101000011000011111101111101111101000011000011
111111000011111111111101000011111111000001111101000001111101111111111111000001111101000001111111000001111111111101111111111111111111111111000001000001000001111101111111111111111111111111111111
111111111111111111111111111111111111111111111111111111111111000011000011111111111111111111000001111111000001000011000001111111000001111101111111111101111111000001111111000001111111000011111111
000011111101000011111111111111111101111101111101000001000011111111000011000001000001000011111101111101000011111101111101000011111101000011111111111101111111111111111101111101111101000011111101
000011111111111101111101111101111101111111111101111101111101111111000011000011111101000011111101000001000001000001111101111111000011111111111101000011000011111111111101111101111101000011000011
000011000001111101111101000011111101111101111111111101000011000001111101000011111101000011000011000001111101000011000011111101111101111101111101111101000011000011111101111101111111000011111101
111111000001111111111101111111111111000001111111111111111111111101111111111101000001000011000001000001000001111111111101111111111111000001000001000001111111000001000001111111000011000001111111
000001000001000001000001000001111111000001000011111111111111111111000001000001000001111111000001111111000001111111000001111111000011000001000001000001111111000001000001111111000001111111000001
111101111111111111111111000001111111111111111111111111000001111111111111111111111111000001000001000001000001111111000001000001111101111111111111111101000011111111111111000001111101111101111111
000001000001000011000001111101000001000001000001000001000001000011000001000001000001000001000001111111111111000001111111000001111111000001000011111101000001000001000001111111000001000011000001
111101000001111101111101111101111101000011111101111111000011111101000011111101000011000011000011000011000011000001000011111101111101111101000011000001111111111101111111111101000011000011111111
111101111111111101000011000011111101000011000011000011000011111101111101111111111101111101111101000001000011111101000001111111000001000011111101111101111101000001111111000011111101111101000001
111111000001000001000001000001000001111111000001000001000011111111000001000011000001000011111111000001111101000001000001000001111111111111111111111111111111000001000001000001111111000011000011
111111000011000001000001111111111111111111000011111111111111111101111111000001000001000001111111000011111111111101111101111111000001000001111111111111111111111111111111000001111111000001111111
111111111101111111111111000001000001111101111111111111111101111111111111111111111111111111111101000001111101000001111111111111111111000001111111000001000011000001111111000001000001111111111111
111111111111111111111101000001111101111101111111111111111111000001111111000001111101000011000011000011111111000001111101111111111111111111111111111101111101111111000001111101000001111111000011
111101000011000011111111111101000001000011111101000011000011000011000011000011111101000011000011111101111101111111000011000011111101000011000011000011000011111111000001000011000011000011111101
000011000001000001000011111101111101111111111101111101000011111101000011000011000011111101000011000001111101111101111101000011000011111101111101000011111111111101111101111101000001111111111101
111101111101111101111101111101111101111111111101111101000011000011111101111111000011000011111111111111111101111101111101111101111111111101111101111111111101111101111101111101000001111101000011
000001000001111101111111111101111101111111000001000001111111111111111101111111111111111101111111000001111111111101000001111111111111111111000001000001111111111111000001111111111111111101000011
111111000001111101000011111101111101000001000001000011000001111101000001000001000001111111000001000001000011000001000001000001111101000001000001111111111111111111000001000001000001111111000001
111101111101111101111101000011111101111101111101111111111101000011000001111101111101111101111111000011000001111111111111000011000011111101111101000001111111111101111111111101000011111101000011
000001000001000001111111000011000001111111000001000001000001000001000001000001000001111111111111000001111111000001000001000001111111000001000011000001111111000001000001000001000001000011000011
000001111101000001111101000011000011000011000001111101000011000011000011000001000011111111000011111111000011111101000011000011000011111111111101000001000001000011111111000011111101111111000011
000001111101000001000001111111000011000001000001000001000011000001000001111111111111000001000001111101000001000001111111000001000001111111000001000001000001111111000001000001000001111111000001
000011111101000011111111111101111111000011111101111111000011111101000011000011000001000011000011111101000011000011111101000011000011111101111101000011111111000011000011000011000011000011111101
111111000011111111000001000001111111111101111111111111000011111111111111111111111101111111111101111101111111000001000001111111111111111111000001111111111111111111111101000001111111111111111101
111101000011111101111101111101111101111101111111111101111101111111000001000011111111111101111101111101000011000011111111111101111101000011111101000011000011111101111101000011000011111101111101
111101111111111111111111000001111111111111111111000001000001000011111111111101111111111111000011000001111111000001000001111111111111111111111111111111000001111101000011000001000001111111111111
000001000001000001000001000011000011111111111111000001000001111101000001111111000011111101000001000001000011000011111111111111000001000011111101000001111111000001000011000011000011000001000001
000001000011000001111111111101000001000001000001111111111111111101000001000001000001000001000001000001111101000011000001000001000011111101000001111111111101000001111111000001000001000001111111
000001111111111111000011000011000001111101000011111101111101111111000001111111000001000001111111111111000001111111000011000001111111111111111101000011111111000001111111111111000011111111111111
000001000011111111000001111111000001111111000001000001000001000001111111000011111111000011111111111111000001111111000001111101111111111111111101000011111111111111111111111111000001111111000001
111101111101111101111111000001000011111101111101111101111101000011111101000011000001111101000011111101111101000011000011000011111101111101111111111111000001111111111101000011111101111101000011
000011111101111101111111111101111101111111111111111111000011111101111101000001111101000001111101111101111101000011111101000011000011000001000011111111111111000011111101111111111101111111111101
000011000011111101111101111101000011111101000011000011000011111111111111111101111101000011111101111101111111111101111101111101000011111101111101111101000011000011000001111101111101000001111101
111111111101111111111101111101111101111111000011111101000011111111111101000011111111111111000001111111111101000011111111111101111101111101000001111101111111000011111101111101000011000011000011
111111111111000001111111111111000001000001000011000011111111111111111101000001111111111111111111111111111111111101000001111111000001111111111111111111111111111101111111111111111101111111111111
000011111111000011111101111101111101000001000011000011111101000011111101111101000001111101111101111101000011000011000011000011000011000001000011000011111101111111111101111101111101000011111101
111111000001111101111111000001000011000001111101111111000001111111000001111111111111111111111111111101111111111111111111000001000001000001000001111111000001111111111101000001000001000011111111
111111111111000001111101000001000001000001111111000001000001000001000001111111000001111111111111111111111101111111000001111111111111000011000001000001111111000001111111111101111101111101000001
000001111101111111000001111111000001000001111101000001000001111111111101111101000001000011000011111111000001000001000001000001111111000011000001000001000011111101000011000001111111000001000001
111101000011000011000001111101000001000001000001111111000011000001000001111111000001000011000001000001111101000001000001111101000011111111000001000001000001000001000001000011000001000001000001
000001000001000001111111111111000001111111111111111111111111111111000001000011111111111101000001111111000001000001111111111111000001000011111111111111000001111111111111111111111101111101111101
111101000011000001000011000001111101000011111101000011000001000011000011111101000011000001111101000011000011000011000001000001111111000001000011000011111111111101000011000011111101000011000011
000001111111111111000001111111000001000001111111111111000001000001111111111101111111000011111111111111111101000001111111111111111111111111000001000001111101111111111111111111111111111111111111
111101111101111101000011000011000011111111000011111101111101000011000011111101111111111101111101111101000011000011111111000011111111000001111101000001111101000011000011111101111101111111000011
000011111101111101111101000011111101000011000001000001000011000011000011000011000011000001000011000011111101000011000011000011000011000011000011000011000011000011000011000011000011000011000011
000011111101000011000001000011111101000011111111111101000011000011111111000011000001000011111111111101111101111101111101111101111101000011000011111101111101000011000011111101111101111101111101
000001000001111111111111111111111111111111111101111111111111111111111111111111111111111111111101111111111111000001111111111111000001000001000001000001111111000001000011000011000001111111000001
000011000001111101000011000011000001111101111111111101000001111101000011111101111101111101000001111101111101111111111101111101111101111101000011111101111101000011000011111111111101000011111101
000001000001111111000001111111111101111101000001000001111111000001000001111101000001111111000001111111000001111101111111000001111111000011000001000001111111111111111111111101111111111111111111
000001111101000011000001000011000001111111000011000011111101000001000001000001000001000011111101111111111101000001000001000001111111000001000001000001111111000001000011000011000011111111000001
111111000001000001000001111111111101111111111101000011000001000001111111000001000001000001111111111111111111000001000011000001000011111101111101000001000011000011000001111101111111111111000001
000011000001111111000011111111111101111101000011111101111111111101000011111111000001111101111111111101000001111111111101000011111101111111000011111111111101111101111111000011111101111101111111
111111000001111101111101111111111101111111111111000011111101111111111111111111111101111111000001111111111101000001111111000011111101000011000001000001111101111111000001111111111111111101000001
111111000011111101000011000001000011000011111101000011000001111111111101000011111101000001000011000011111111000001111111000011000011000001111101111101000011111101000001111111000011111101000011
000001000001000001111101111111111101111111111111111111000011000001111111000001000001000001111111111101111111000011111111000011000001111111000001111111111111000011111101000001000001000001000001
111101111101111101111101000011000011111101000011111111000011111101111101111101111111111101111111000011111101000011111101111101111101000011111101111101111101111101111111111101000011111111111101
111101111111000001000011000001000001000001111111000001111111000001111111000011111101111111111111000011111111111111000011000001000001000001111111000001111111111101111101000001000001000001111111
111101000011000001111111000011000001000001111111111101000011000011000001000001000011000011111101000001111111000011000011111101000011000011111101000001111101000011000011111101111111000011000011
000011000011000011111101111101111101000001000001000011000001000011000011000011111101000011000011111101000011000001000011000011000011000011111111111101000011000011000011000001000011111111111101
111101111101000011000001000011111101000011000011111101111101000001000011111101000011000011000011111101111101000011000011111111111101000011000011000011000011000011000011000011000011111101000011
000001111101111101000011111101111101000011111101000001111101111111000011000011000001111101111101000011000011000011111111111101111111111111111101111101111101111101000001111101111101111111000011
111101111111111111000001000011111111111111000011111111111111000001000001111111111111111111111111000001111101000001000001111111111111000011111111111111111111111111111101000001000011111111000011
000001111101111101111111111101111101000011111101000011111111111101111101000011111101111111111101000011111101111101111101111101111111111101111101111101000001111111111101111101000011000011111101
111111111101111101111111000001000011111111000001111111111111111111111111111111111111111111000011111111111111111111111111111111111111000001111111111111111111000001111101000001000001111111111101
000001000011111111111111111111111111111101111111111111111111111111111111000001111111111101000001111111000011111111000001000011000001111101000001111101111111000001000011111111000001111111000001
000011111101000011000011111101000001000011000011111101000011111101111101111101000011000011000001111101111101000011000011000011111101111101111101000001000011000011000011000011111111000011111111
111101111101000011000001111111111111000001000011111111111111000011111111000001111101000001111111111111111111000011111111111111111111111101111111111101000001111101000001000001000001111111111111
000011000011111101000011000011000001000011000011111111000001000011000001000011111101111101111101111101000011000011000001000001111101111101000011000001000011111101000011000011000011000011000011
111111000001000001000001000001111111000001111111000001000001000011111101111111000001000001111111111111111111111111000001111111111111000001111111000001000001000001111111000011111111000011111111
111101111111111111111101111101111111000001000001111111111101111111000001111111000001000001000001111111111111111111111111111101000001000001111111111111000001111111000001000001111101000011111101
111111000001000001111101111111000001111111000011111111111111111111111111111111111111000001000001111111000011111111111101000001000001000011000001000011000001000001111111000001000001000011111101
111111000001111101111101111111000001111111000001111111000011111111111111111111111111000001000001111111000001000011111111111111000001111111000011111111111111000001000011000001111111111111000001
111111000001000011000001111111000011000001000001000011000011000001111111000001000001111111111111111111000001000001111111000001111111000001000001000001000001000001111111000001000001000001000001
111111111101111101000011111101000011000011000011111101000011111101000001000011000011000011000011000001000011111101000011000001000011000001000011000001111111000001000011111101111101000011111111
000011111101000011000011000011000001111101111101111101000011000011111101000011000011111111000011111101111101111111000011000001000011000011111101000011000011111101000011000001111101111101000011
111101111101000011111101000011111101000011000011000011000011111101111101000011000011000001111111111101000011000011000001111101000001111101000001111101111111000011000011000011111111111101111101
111111111111000011111101111101000011000011000011111111111101111111111101111101000011111111111101111101000011000001000011000011000011000001111101111101000011111101000011111101000001000001000011
111111000011000001000001000011000001000011000001000001111101111111000011111101111111000011000001111111111111111111000001111111000011000011000001111111000001000001111111000001111111000011111111
111111111111000011111101000001111101111111111101000011000011111111111101111101111101111101000011000011000001111101000001111111111111000011111101111101111101000011000011000011111101000011000011
111101111111111111111111111111111111111111111111111111111111111111111111111111111111000001111111111111111101111111000001111101111101000001111101111111111111111111000001000011000011111111111101
111111111111111111111101000001000001111111000011111111000001111111000011111111111111000001111111000001111111111111111111111111000001000001111111111101000001000001111111111111000011111111111101
000011000011000011111111111101111101111101000011000011111101111101000011000011111101111101111111000001111101000011000011111111111101111101000011111111111101000011111101111111000011111101000001
000011000011000011000011000011000001000011111111000001000011111101000011000011111101111101000011111101000001000011111101000011111101111101000011000001000011111101111101111111000001000011000011
111101000001000011111111000001000001111101111111111111000001111111111101111101000001000011000001000001000011111111000001000001000001000001000011000001111101000011111111000011111111000011111111
000011111101111101111101111101000001111101111101111101111101111101111101111101111101000011111101111101111101000011000011000011000011000011111111111101111101111111111111111101111101111101111111
000011111111000011000011111101111101111101000011000011000001111101111111111111000001111101111101000011111101000011000011000011000011000011111101000011000001111101111101111101000001111101111101
000011000011111101000011111101000011000001000001000011000001111101000011000001000001000011000001000011111101000011000011000011000011111101000011111101111101000001000011000001111101111101000001
000011111101000011000011111101111101000011111101000011000011111101000001111101000001000011000011000011000011000011000011000011000011000011000011111111000011111111000011000011000001111101000011
111111000011111111000011000011000011000001111101000011111111000001111101111101000011111111111101000001000011000011000011000011000011000011000001000011111101000001000011111101000011111101000011
000011000001000001000001000011000001000001111111000001111111000011000011000011000011000011000001000001000001000011000001000001000001111101111111111111111111111111000001000001111101000001111111
111101000001000001111111000011111111111111000011000011000011000001000001000011000011000011000011000011000001000011000011000011000001111101111101111101000011000011000011000011000001000001000011
000001000011000011111101111101111101111101111111111111111101000011000011111101000011111111111101111101000001000001000011000001111101000001111111000011000011111101111101000011000001000011000001
000001000001111111111101111101111111000001111111000001000001111111111111111101111111111111111111111111111111111111111111000011000011111101111111111101111111111111111111111111000001111111111101
111101000001111111111101000011000011000001000011000011111101000011000011000001000001000011000011000011111101000001111101000011111111000011111111111111000011111101111101000011111101000001111111
000011000011000011000011111101000011111111000011000011000011000011111111111101000011111101111101000001111101111111000011111101111101111101000001000011000011111101000001000011000011111111000011
000011111101111111000001000011111111000011111101000011111101000011000001000011111111000011000011111111111101000011111101000011111111000011111101111111000011111101111101000001000011111111000001
111111000001000001000011000001000001111111000001111111000001111111000001000001000011000001111101000001000001000011000001111111111111111111111111000001000001111101111111111111111111000011000001
000011111111000011000011111111000011111101000011111101000011000011111111000011000011000011111101111111000011000011000011000001000011111111000011000011111101000011111101111101000001000011000011
000001000001000001111101111111000001000001000001111111000001111111000001000011000001000011111101111111000001111111000001000001111111111111111111000001000001000001111111111111000001111111000001
111101000001111101111101111101111111111101111101111101000011111101000011111101000011000011111101111101111101111111000011111101111101111101000001111101000011111101111101111101111111111101111101
000011000001000011111111111101111101000011000011000011000011000011000011000011000011000011111101000011000011000001111101000001111111000011000011000011111101111101000001111101111101000011111111
000011111111111101000011000011111101111111000011000011111101000011000001111111000001000001000011000001000001000011111101000011111101111101000011111111000011111101000011111101000011111101000011
000011111101000011000011000011111111000001000011111101000011000011000011111101111101000011111111111111000011000001000001000001000001111101000011000011000001111101111101000011000011111101000011
111111000011000011000011000011111101111101111101111101000011111101111111111101111101000011000001000001000001111101000011000011111111000001000001111101000011111101000011111101111101000001000011
000001111111111111000001111111111101111111111111111101000001000001111111111111000011000001111111111111000001111101111111111111111101111111000001111111000001111111111111111101111111000001111111
000011111101000011111101111111111111111101000011111111111101000011000011111101111101000011000011111111000001111101111111111101111101000011111111000011111101111101111101000011000011111101111101
111101000011111101000011111101000011000011000011111101111101000011111101111101111101111111111101111101111101111101000001000011000011111101000001111101111101111111111101111101000011111101000001
111101000011111111111101000011000001000011111101000001000001111101111101000011000011111101111111000011000011000011111111000011000011111101111101111111000011000011000011000011000011111101000011
000011111101111101111111111101111101000001111101111101111101111101111111111101000011111101000011111101111101111101111111111101000001111101000011111101111111111101111101000011000011000011000001
000011111101000011000011000001000011000011111101111101000001000011111101000011000011000011000001000011000011111101000011111101000011000011000011111101111101000011111101000011111101111111000001
000011000011000011111111000011000011000011111101000011000011000011111101111101000011111101000011000001111101111101111101111101000001000001000001000011111101000011000011000011000011111101000011
000011111111000001000001000001000001000001000001111111111111000001000001000001111111111111000001000001000011000001000001000001111111000001000011000001000011000001000001111101000001000011000001
111111111111111111111111111111111111000001111101000011111111111111111111111111111111111101000011111111000011000011111111000011111111111101000001000011000001000001111111111111111101111111111111
000001111101000011111101111111111101000001111101000001111101111101111101111101000011111111000001000011111111111101000001000011111111000001000001111101111111000011000001111101000011000011000011
000001000011000001000001000001000001000011000001000001000011111111000001000001000011000011111111000011000011111111000001111111000001000011111111111111000001000001000011000011000001111101000011
111111000001111101111101111111111101111101000011111101111101000011000011000001000011111101111101111101111101111111111111111101000001000011000001111101111101000011111101111101111111000011000011
000011000001111101111111111111000011111101111111000011000011111101000001111111000011111101111111111101000001000011111101000011000011000011000011111101111101111101111101000011000001111101000011
000011111111000001000011000011000011000011000011000011000011000001000011000001000011000011000001000011000011000011111101000011111101000011000001000011111111000001000011000011000011000011111111
000001111111111101000001000001111111111111000011111111000001000001000011000001000001000011000001000001000001000001000001000011000001000001111111000001000011000011111111000001000001000001000011
111101000011111101111101000011111101111101111111000011111101111101000011111101111101111101000001111101111101111101111101000001111111111111111101000001111101111111111111111101111101111111000011
000001111111111111000001000001000001000001000001111101111111000001000001000001000001000001000001000011000001000001000001000001000001000001000001000001111111000001000001000001111111111101000011
111101111101111101000001111101111101111111111101111111111111000011000001000001000011000001111111111111111111000011000001000001111101111101111101000011000001111101111111111111111111111111000001
111101111111111101111101111101111101111101000011111111111101111101111101111101111111111101000001111101111101111101111111111101111101111101111101111101111101000001000011000011000011111111111101
000011111101000001111101111101111101111101111101111101000011111101111101000011000011000011111101000011111101000011000011111101111101111111111111111101111101111101111101111101000011000011000011
111111111111000001000001111111000011000001000001000001000001000011111111000001000001000011000001000011111101000001000011111101000001000001111111000011000001000001000011000001000011000001000001
000011111111111101111111111111111101000001111101111101000011111101111101111101111101111101111101000001111101111101000001111111000011000011111101000001000011111101111101111101000011111101111111
111101000001111101111101111101111111111101111101000011000011111111111101000011111111000011000011000001111101000001000011111101111101000011111101111101000011000011000001000011111111111101111111
000001111111000011000001111101111111111111111101111101000001111101111111000001000001111111111111111111111111111101000011111111111101000001111101111111111101111111111111111111000001000001111111
111111111111000011111111111111111111111101000001111111000001000011111101000001111111000001111111111111000001000001111111000001111111000001000011000001111111111101111111111111111111000001000001
000001111111000011000011000001000001111111000011000001000001000001000001111101111111000001000001111111000001000011000001000001000001000011111101111111111101111111000011000011000001000001000001
111111000001111101000011111111111111000011111111111111111111111111111111111111111111111111111111111111000001111111000001111111111111000001111101111101000001111111111111111101000001111111111111
111111111111000011000011000001000001000001000001000001111111111111111111000011000001111101111111111111111111111111111111000011111111000001000001000001111111000001111101000001000001000001111111
111111111111000001111101000011000011111111000011111111111111111101111111000001000001000011111111000001000001000001111111000001111101111101000001000011000001000001000011000001000001000011111101
111101000001000011000001111111111101111101000011111101000001000011111101111101000011111101111111000011111111000011000011000001111101111101111111111101111101111111000011111101000001111111000011
111111111101111111111111111111111111111111111111111101111111000001111101111111000001000001111101111111000001111101111111111101111111111101111111111111111111000001111111000001111111111101111111
000001111111000001111111000001000001000001000001000011111111000001000001111101111111111111000001000001111101111111000001111111000001000001111111000001000001000001111111000001000001111101111111
111111000011000011111101111101111101000011000011000011000011000011000011000011111101000011000011000011111101111101111111000011000011111101000011000011000011000011000011000011000001000011000011
000011000011000011111101111101000011000001000011111101000001111101111101111101000011000011111101000011111101000001111101000011000001111101000011111101000011000011000011000001000001111101111111
000011000011111101000001111101111101111101000001111101000011000011111101000011000011111111000001000011111101000011111111000011000011000011000011000011111101000011111111111101111101000011000001
111111111111111111000001111101111111000001000001111111111101000011111111000011000001000001111111111111111111000001111111000001111111000001000001000001111111111111000001000001000001111111111111
000001111101111101111111111111111111111111111111000001111101000001000001111111111101000001000011000001111111000001111111000001111111000001000001111101111111111111111111111111111111000011111101
000001000001111111000001111111111111111111111111111111111111111101111101000001000001111111111111111111111111000001111111111111000001000001000001111111111101111101111111000001111101111101111111
000001000001111111111111000001000001000001000011111101111111000011111111000001000001111101000001000001000001111101000001111111000001111101000001000011000011000001000011000001111101111111000001
000011111101111101111101000001000001000011000011111101000011000001111111000011111101000011000011000011111111111101000011000011111101000001000011000001000011000011111101111101111101000011111101
000001000001000011000011000011111101111101000011000011111101000001111101000001000001000011000011000001111101000011000011000011000011000001000011111101000011111111000011000011000011111101111111
000011111101000011000011000001111101000001000011000011000011111101000011000011000011111101111101000011111111111101000011000001000011000001111101000001000011000011000011000001111101000011000011
000011111101111101000001111101111101000011111101111101111101000011111101111101111101111111111111000011111101111101111101111111111101000011111111111101111111111101111101000011000011111101111111
000001000001000001111101111111000001000001000011000011000011000001000001111111000001000001111111000001000001111111000001111111111101111111000001111111000001111111000001111111000011000011000011
000011000001111101111101111101111101000011000011000001000001111111000011000001111111111111111101111101111101111101000011111101111101111101111101111111000011111101111111111101000011111101000011
111111000001111101111101111101000001111111000011111111111101000011111101000001111111111111111111000011111111000001111111111111111111000001000001111101000001000001000001111111111101111101111101
111101000001111111000011000011000011000011111101000011000011000011000001111101111101000011000011111111000011111111111101111101000001111101111101111101000011111101111111111111000011111101000001
111111111111111101111111111101111111000001000011111111000001111101111101111101111111111111111111111111111111111101000001000001000011000011000001000001111111000001111111111101000001000001111111
111111111101000001000011111111000001111101111111000001000001111101111111000001000001111111000001000011111111111101000011000011111111111111000001111111000001111111111101111101111111000001000001
111101000011000011000011111101000001000001000011000011000001000001000011111111000011111111000011000011000001000001000011000011000011111101111101000001111101111101000011111111111101111111000011
000011000011000011111111000001111111000011000001000011111101111101000011111111000011000011000011111101000011111101111101000011000001000011000011000011111111000011111101000011000011000011111101
000011111101111111111101000011111101000011111101000011000011000011111101111111111101111101111101000011111101111101000011111111111111000011111101111111111101111101111101000011111101111101111101
111111000001000001000001000011000011000001111111111111000001111111000011000001000011111111111111000001111111111111000001111111000001000001111111111111000001111101000001111111000001000011000001
111111000011111111111101000001000001000011111111111111000001111111000001000001111111111101111101111111000001111111000011000001111111111101111101111111111101111111000001000001000011000001111111
111111111111000001111101111111000001000001111101000001111101000001000001111111000001111111111111000011000011111101111111111101111111000001000001111111111111111111000001000011000001111111111111
111111111101111101111101111101111101111101111101111111111101111101000011111111000011000011111101111111111101111101111111000011111101111111000011111101000011000011000011111101000001111101000011
000011000011000011111101000011000011000011000001111111111101111101111111111101000001000011111101000001111101000011000011000011111111000011000011000011000011000001111101000011111101000011000011
000011111101111101000011111101111101000001111101111101111101000001000011111101000011000001000011000011000011000001000001000011000011111101000001111101000011000011111111000011000011111101111101
000001111111111111111111000001111111000001000011111111111111111101000001000001111111000001111111111101111111000001000001000001000001000001000001000001000011111101000001000011111111000001000001
000011000001111101000011111101000011000011000011000011000001000011000001111111111111000001000011000001111101000011000011000011000011111101000011000011000011000011000001000011000001111101000011
111101111111000001000001000011111111000001111111111101111111111111111111000001111111000001000001000001111111111101111111000001000001000001000001111111111111111111000001000001000011111101000001
000011000001111101000001000011111101111101000011111101111101000011111111111101000001000001111101111101111101000011111101111101000011000001000011000011111101000011111101000001111101000011000011
111111111111111111000001000011111111111101111111000001111111111111000011111101111101111111111111111111000011111111111111111111111111111111000001111111000001111111111111111101000011111101111101
000011111101111101111101000011111111000011111101111101111101111111111101111101111101000011111111000011111101111101111111111101000011111111000011000011111101111101000011000001111111111101111101
111101000011000011111101111101000011111111111101111111000001111101111101111101000001000011111111111101111111111101111101111101111111111101111111000011111101111111111101111111111101000011111111
111101000011111101111101111101000011111101000011111101111101111101111101111101111101111101111101000011111101000001111101000001111101111111111101000001111101000011000011111101111101111111000011
000011000011111101111101111101000001000011111111111111111101111101111111000011111111111111000011111101000011111101000011111101000011000011000011000011111101111101000011000011111111000011000011
000001000001111111000001111111000001111111000001111101111111111111111101111101111111111111111111000011111111000001000001000001111111000001111111000001111111111111000011111111111111111101111111
000001111101000011111101000011000011111101000001000001000011000011111111000001000011000011000011000011000011000011111101111101111101000011111101111101111101000001000011111101000001000011000011
111111111101111111111111111101111111000001111111000001111111000001111111000001000001000011111101111111111111111111111101111111111111000001000001111111000001000001111111111111111111000001000011
000011000011000011000001000001000001000001000001000001000001000001111111000001111111111111000001111111000011000001111111111111000011000001000001111111111111000001000001000011000011000001111101
000001111101000001111111000001111101111111000001111111000001000001111101000001111101111111111111111111000011000001000001111111111111000001111111111101000011111111000011111111000001111111111111
111101000001000011000001111111111111000001000011000011000011000011111101000011000001000001000011000011111101111101000011000001000011000001000011000011000001000011000011111101000011000001000011
000001111111111101111101000011111101111101000011111101111101111101000011000011111111000011111101111111111101111101000001111101000011111101000011111101000011000011000011111101111111000001000011
000011000001111111111101000001000011000001111111000001000001111111111101000011111101111111111111111101000001000001000001000001000011111111000011000011000011000001000001000001111111000001000011
000001111111111111000001111111111111000001111111111111000011111111111111111111000001111101111101111101111111000001000001111111111101111111111111111101111111111101000011000001000001000001000001
111111111111111111000001000001000011111111111111000001000001111111000001111111111111111111000011111101111111111101111111000011000011000011111111111111111111000001111101111111000001111111111111
000011000001000011000011000001000011111111111101000011000011111101111101000011111101000011000011111101111101000001000011000011000011000001000011000001000011000011111101000011000011000001111101
000001111101111101000011000001000001000001000001000001000001111111111111000001111111000001000001000011000001000001000011000001000001000011000001000011111111000001000001000001111101000001000001
111111111111000001111111111111000001111111000001000001111111111111000001000011111111111111000001000001000011000001111111111101111111000011000001111111000001000001111101000001000011000001111111
000011000011000001000001111101000011111101000001000011000011111101111101111101000011000001111101000011111111000001111101111101111111000011111101000011000011111101111101111101000011111101000011
111111000001111101000001111111000011000001111111000001000001000001000001000001000001000001111111111111111111111111000001000001111111111111111111111111111111000001000001111111111111000001000001
111111000001000011000011111101000011000011000011000001000011000011111101000011000001000001000011111111000011111101000011000011111111000001000011111101000011111101000001111101000011000011000011
111111111111000001000011111101000011000011111111111101111111000001000001111111000001000001000011000001000001111111000001111111000001111111000001000001111111111111111111111111111111000001000001
000011111101111101111101111111000001111111111111111101000001000001111111111101000001111111000001000001111111111111111111111111000001000011111101111111111111000001000001000001111111111111111111
111111111111000001111111000001000001111111111111000011000001111111000001111111000011000001000011000001000011000001000001111101000011111111000011000001000001000011111111000001111111000001000001
111101000001000001000001000001111111000011000001111101000001000001111111000001000001111111111101111111000001000001000011000001111101000001111101000001000001000011000001111111000001000001111111
000011000011111101000001000011000001111101111101111101000001000011000011111101111101111101111101000011111101000011111101111101111111111111111111111101111101111101000001000011111101111101111101
000001111111000001000001111111000011000011000001111101000001000001000001000011000001000001000011000001111111111111000011111111111101111101000001000001000001000011111111000011000001000001000001
111101000011111101000011000011111101111101000001111101000001000011111101000011000011111101111101000011111101000011111101111101000011111101000011000011000011000001111101111101000011111101111101
111111111111111111111111000001111111111111111111000001111111111111000001000011111111000011111111111111000011111101111111111111111111000001111111111101000001111101111111111111111111000001000001
111101000011000011111101111101111101111101000001111111000011000001000011000011111101111101111101000011000011111111000011000011000011111101000001000011000001111101000011000011000001111101000011
111111111111111111111111111111000001111111111111111101000001111111111101000001111111111111111111111111000011000001111111000001111111111111111111111111000001111111111111111111111101000001111111
111111111111000001111111111111111111111111111111111111111111111111111111000001000001111111111111111111000001111111111111000001111101111111111111000001000001000001111111111111000011000001111111
000001000001111111111111111111111101111111111111000001111111111111000011111111111101000001111111111111111111111111111111000001000001111111000001111111111111111111111111111111111101000001000001
111111111111111111000011111111111101000001111111111111111111111111000001111111111111000011000011111111111101111111000011000011000001000001111111000011000011000001111111111111111111111111111101
111111000001111111000001000011000001111111000001111101111111000001000001000001111101111101111111000001000001111111111111111111000001000011111111111111000001000001111111111111111111111111111101
000001000011000001111111000001000001111111000001111111111101000011000001111101111111000001111111000001111111111111000001111101111101111111000011111111111111111111111101000001000001111101000011
111101000011111111111111000001000001111111111111111111111111111101111111000001111101111111111101111111111111000001000011000001000001111111111111000001000001000011111111111111000001111101111111
000011111111000001000001000001000011000011111111000001000011000011000001111101111111000001000011000001000001000011000001000001111111000001000001000001000011000001000011111111000001111111000001
000001111111111111000011111111000001000001111111000001111111111101111111000001111111000001111111000001111111000001000001000001111111111111000001111101000011111111000011000001111111000011111111
000001000011111111000011000011000011000011111101000011111101111101000011000001000011000001111111111101111101111101000011000011111101000011000011000001000011000011000001111101111101000011000011
000001111111000001111101111111111111000001000001000001000001000001000001000001000001111111000011111101111101000001111111000001000011111111000001111101000001111111111111000011111111000001000011
000011111111000011000011000011111101111101111111000011111101111101000011000011111101000001111101000011000011000001111101000011111111000011000011000001111101111101000011000011000011111101000001
111111000001111111111111000011111111111111111111000001111111111111111111000001000011111101111111000001000011111111111101111111000001000001111111111111111111000001111111111111111111111101111111
111111000001111111000011111111111111111111111111111111000001111111111111111111111111111111111111111111111101000001000001111111111101111111111111111111111111000001111111000001000001111111111101
111111000011111111000001111101000011000001111111111111111111000011000001000001111111000011111101000001111101111111000001111111000011000001000001111111000001000001000011111111000001000011000001
111111000001000001111111111101111111111111000011000001111111000001111111111101000011111111111111000011000001111111111111111101000001111101000001111111111111111111111101111101000001111101000001
111101000011111101111101000011111101111111000011000011000011000011000011000011111101000011111101000011000011000011111111000001111101000001000011000011111111000001000011000011000011111111000011
000011000011000001111101111111111101111101111101111101000011111101000011000011111101000011000011111101000011000011111101111111111101111101111101000001111101111101000001111101111101111101111101
000011000011111101111101111111111101000011000011000011111111111111111101111111000001111101000001111101000001111101000011111111111101000001111111111111111101111101111101111101000011000011111101
000001000011111101000011111101000011000011111111111111000011000011000001000011000011000001000011000011000011111111000011111101111101111101111101111101111101000011111111000011000011111111000001
111111111101000011000011000011111101111101111111111101111111000011111101111101000011111111000011111101000011111101000011000011111101111101111101111101111101111101000011000011000001111101111101
111101111101111111111111111101111111000011111111111111111111000001000011111111000001000001000011111111000001000001111111000001111111000001000001000001000001111111111111000011111111111111111101
111111111101000001111111111111000001111101111111111111111111000001111111111111111111111111000001111101111101111111000001000011000001111111000001111101000011000001111111111111000001111111000011
000001000001111111000001000001000001000001000001000001111111111101000001000011111111000001000001000001000001111111000001000001000001000001000001111101000001111111000011000011111101000001111111
000011111101111111000011111101111101000001111111111101000011000011111101111111111101111101111101000011111101000001111101000011000001111101111101111111000011111101111101111101111101111101111101
111101000011111101000011000011111111111101111101111111111101000001111101111101000011111101111101000011111111111101000011111101000011111101000001000011000011000011111111111101111101111111111101
000001111111111101111111000011000011000001000011000011000001000001000001111111000001000001000011000001111111111111111111000011000011000011000001000001000001000001000001000001000011000001000001
111101000001111101111101111101111101111101111101111111111101111111111101000011000011111111000011111101111101000001111101111101111101111101111111111101111111111111111101111101000011000001000011
000001000011000001000011111101000011000011000011000011000011111111000001000011111101111101111101111101000011000011111111000011000011000001111111000011111101000001111111000011000011111101000011
111101111111000001111101111101000011111101000011000011111101000001000001000011111101111101111101111101000011000001000011000011000011000001111111111101000011111111111101111101111111111101111101
111111000001111111000001111101000001000011111111000001000011111101000001000001111111000001111111000001000001111111111111000001111111111111111111000001000001000001000011111101000001000001000001
000011111101000001000011000011000011111111000011000011000011000011000011000011000011000011000011000011000001000011000011000011000011111101000011111101111101000001000011000001000011000011000011
000011000011111101000001000011111101000011111111000001111111000011111101111101000011000011000011000011111101000011000011111101000011111101111111000001111111111111111101000001000011000011000011
111111000011000011111101111101000011111111111101111101111101000011000001000011000011000011000011111111111101111101000011111111000011111111111101111101111101111101111101111111111111111101000001
000001111111000011111111000001111111000001000001111111111111000001000011000001000001000011000001000001000001111111000001000001000001000001111111000001111101000001111101000011000001111101111101
000001000001111111111111111111111101111111000001000011111111111101111111000001111111111111111111000011000001111111111111111111000001000001000001111111111111111111111111000001111111000011111101
000011111111111111000001000001000001000001000001111111111111000011000001000001000001111111000001111111111111111111000011111111000001111111000001000011111111111111000001000001000011111101000001
111111111111111111111101111111000011111101111111111111111101111111000001000001111101111111000001111111111111000001111111000001111111000001111111111101111111111111111111000011111111111101111111
000011000011000011111111111101111101000001000011111101111101000011111101111101111101111101111111000011000011000011000011111101111101000011111101111101000001111111000001111101000001000001000001
111111111111111111000001111111111111111111111111111111111111111111000001111111111101111111111101000001000001111111111111000001111111000001111111111111111101000001111111111111111101111111000001
111111111101000011000011000001000011000011000011000011111101000011000011000011111101000001000011000011000011000011000011000001000011000011000011111101000011000011000011000011000001000011000011
111111000001111101111111000001111111111111111111111101000001000001000011111111000001111111111111000001111111111111000001111111111111111111000001111101111101111111111111000001000001111101000001
111101111111111101000001111111000001000001000011000001111111000001000001000001000001000011000001111101000001000011000001000001000001000001000001111111000001000001111111000011000001000001111101
000001000011000001000001000001000011000011000011000001000011000011111101000011000001000011000011111101000011000011000011000011000011000011000011111101000011000001000011000011000011000011000011
111111111101000011111101000011000011000011111101111101000011000011111101111111000001000011111101000011000011000001000011000011111101000011111101000011111101111101000011000011000001000011111101
000001000001111111111111111101000001111101111111111111000001000001111111111111111111111111000001111111111101111111111111111111000001111101000001111111111101111111111111000001111111000001111101
000001111101000001111111111111000001000001000011000001000001111111111111000001111111111111000001111111000011000011111111111111000001111111111111000001111111000001000001000001111111111111000001
000011000011111101000001000011000011000011000011000011000011000011000011000011000001000011111101000011000011111111111111000011000011000001111101111101000001000011000001111101000011000011000011
000001000001000001000011000001111111111101111111000001000011111111000011111111000001111101111111000001000001000001111111000001000001111111000001111111000001000001000001111111111111000011111111
111111000001000001111111000001000001000001000001000001000001000001000001000001000001000001000011000011000001000011000001000001111101000001000011000001111101111111111111000001000011111111000011
000011111101000011111111000001000011000001000001111111000001000011000011111111000001000011000011000011000011000011111111111101111101111101111101000011000011000011000011111101111101000011000011
111111111101111111000011111111111111000001111111000001000001000001111111111111000001111111111101111111000001000001111111111111111111111101000001000001000001111111111111111111000001111111111111
111101000011000001000011111101111101000011000011111101000011000011000011000001000001111101000011111101111101000001000011000011111101000011111101111111111101000001111101000001111101000011000011
000001111101000011111111000001000011000011000011111111000001111111000001000011000011111111000001000001111111000011000001000001000001000001000001111111111111111111111111111111111111000001111111
000001111111111111111101000001111101111111111101000001000001111111111101000001000001111111111111111111111101111111111111111111111111000001111111000001000011111111111111111111111111000001111111
111101111101000011111101111111111101111111000011111101111101111101111101000011000011111101000011111111000001111111111111111101111101111101000011000011111101111101111111000011000011111101111101
111111111101111111111111111111111111000001000001000011000011000011000011111101111111111111111111000011000001000001000001111111000011111101000001111111000001111111000001111111111101000001000001
000001000001111101000011111101000001111111111111000001000011000011000011000011111111111101000011000011111111000001000011000011111101000011111111111101111111000011111101111101000011000011000011
000001000011111101000011111101000001000011111101111111000001111101000011000011111111111101000011000001111101111101111111000011111101000011111101000001111111111111111101111111111101000011111101
000011000001111111111101111111111111111111000011111111000001111111111111111101111111000011000001000001111101111111111111111111111111111111111111000001000001000001111111111111111111000001000001
111101000001000001111111111111000001000001000011000001000011000001000001000011000001000001000001000001111111000001000001111111000001000001000001000001000011000011000001000001000001000001000001
111101111111000011000011000011000011000011000011000011000001000011111101111101000011111101111101000011000011000011000011111111000011111101000011000011000011000011000001000011000011111111000011
000001000001000011111101111111111101111111111111111111111101111101111101111111000001111111111111111101111111000001111111000001000001111111111111111111111111000011111111000001111111000001111111
111111111111111111000001000001111101000001111111000001000011000011111111000001111111111111000001111101111111111111000001111111000011111111000001111101111111000001111101111101111111111111000001
111111000011111111111101000011111101000011000011111111000011000011111101111101000011000011111101111111111101111101000011111101111111111101000011000011000011000011111101111101111101000011111101
000011000001111111000001111111000001000011111111000001111111000001111111000011000011111111111111000001111101111101000011000001000011000001000001000001111101000001000001000011111111000001000001
111101111101111101111101111101111101111101111101111101111101111101111111111101111101000001111101111111000011111101111111111101111101111101111101111101000001111101111101000001111101111101111111
111111000001000011111111000011000011111111000001000011000011111111000001000001111111111111000011000001000001111111000011111111000001000001111111000001111111111111000011000011000001000011000001
111101111101111101111111111111111111111111000001000001000001000001000001000011111111000001000011111111111111111101111111000001000001111111111111111111111111000001111111111111000001111111111111
000001111111111101000011111111000011111101000011111111111101000001000011000011111101111101111101111101000011000011111101000011000011111101111101000011000011000011111101111101000001111111000011
111111111101000011000001111111111111111101111111111101111111111111000001000001111111111111000001111111111111111111111111111111000011000001000011000011000011000001000001111101111111111101111111
000011111101000011000011000011111101111101111101000011000001000001000011000011000011000011000001000001111101000011000011111111111101000011000011000011000011111111111111000011000001000001000011
111111000001111101111111111101000001000001000001111101000001000001111111000001111111000011000001000001000001000001111101000001111111111101000001000001000001000001000001111111000001111111111111
111101000001000011000001000001111101000011000011111101111101111101111111000011000011111101000011000011111101000011111101000001000011000011111101111101000011000001000001000011000011000011000011
000011000011111101111101000011111101111101000001111101111101111101111101111101111111111101111111000011111101000001111101111101111101000011111111111101000011000011111101111101111101000011111101
111111000001000001000011000001111111000001111101000001000001000001111111000001000011111101111111000011000001000001111111111111000001111111000001111111111111111111111111000001000011000001000001
111111000011111101000001111111000011111101111111111101000001111101000011000011000011000011000011000011111101111101111101000011000001000011000011000011000011000011000001000011000011000011111101
111111111101111101111101111101000001111101111101000011111101111101000011111101111101111101111101111101000001111101000011111101000011111111111101000011111101000011111101111101111111111111111111
000001000001000001111111111101111111111111000001000001111101000001000001000001111101000001111111111111111101111111000011111111111111111111111101111101111111111111000011111111111111111111000001
000001000011111111000001000001000001000011111101111101111111000011000001000001000001000011000011000001000001111101000011000001000001000001000001111111000001111111000001000011000001000001000001
000011000011000001111101111101000011000001000011000011111111111101111111111101000011111101000011000011111101000001111111111101111101111101111101111101000011111101000011111101111111000011000011
000001000011000001000001000001111111000001111101000001000011000011000001000011000001000001111101000011000001111111111111000001000001111111000001111111111111111101000001111111000001111111000001
111111000001111101111101000001111111111111111111000011000001000001111111111111000001111111000001000001000001000011111111111111000001000011000011000001000011000001000001111111111101111111111111
000011000001000001000011111111111111000001111111000001000001000001111101111111111101111101000001000001000001000001111111111111000001000001000011000001000001000001000001000001111111111111000001
000001000001111111000001000011000001000001111101111111111111111111111101111111111111111111111111000001111111000001111111000011111101111101111111111101000001111111111101000001111111111111000001
111101111101111101000011000011000011111101000011000011111101000011000011111101111111111101000011111111111101111101111101111101111101000001111101000011000011000001111111000011111101000011111101
000001000001111111111111000001111111000011000011111111000011000001111101111111111111111111000001000011000001000001111111111101000001111111111111111111000001111111111111111111111111111111000001
000001111101000011111111000011000011000011111111000011111101000011000011000011000011000011000011111111000011000001111101000011000011000011000001000011000001111101000001111101000011000011111111
111101111101000001000011000011111111111101111101000011000011000011111101111111000011000011000011000011000011111101000011000011111101000001111101000011000011000011000011000001111101000011000011
111101111111111101111101000011111111111101111101111101000011000011111111111111111101000001000001111101111111000011111101000011111101000011000011111101111101000001111101000011000011111101111111
000001111111000001000001111111000001000001000001000001000001111111111111111111000011000001000001111111000001000011111111000001000001000001111101000001111111000011000001000001111111111111000001
000011111101111111111111000001111101000001111111111111111111111101111111111111000001000001111111111111000001111111111111000011111101111111111111000011111101000001111101111111111111111111000011
000011000001111101111101111101111101000011000011000011111101111111111101111101111101111111111101000011000011111101111111111101111111111101000001111111111101111101111111000011111101000001111101
111111000011111101000011000011000001000011111101111111000011000001000011000001000011000011111101000011000011111101111101000011111101111111000001000001111101111111000011000011111101111101000011
000011111111000011111101000001000011000011111101111101111111000011000001111101000011111111000001111101000011111101000011000011111101000011111101000001000011111101000011000011111101111101111101
000011000011111111000001000011000011111111000001111111111101111111111111111111111111000001111111111111111111000011111111111111000011111101000001111111000001111111111111000011000001000001111101
111101111101111101111101000011000011000011111101111101111101111101111111000011000011111111000011111101111101000011111101111111000011111111111101111101111101111111000001111101000011000011000001
111101000011111111000011111111111101111101111101111101000011111101111101111101111101111101000011111101111101111101111101111101000011000001000011111111111111000011111101111101111101000011000011
111111111111111111111111111111111101000001111101111111111111111111111111111111000001111111111111111111111111000001000001111111111111111111000011111111000011000001000001111101111111111101111111
111111111101000001000001000001000001111101111111111111111111000001111111111111111111111111111111111111000011111111111111111101111111111111111111111111111101000001111111111111111101111101000011
111111111101000011000011111101111101000001111101111111111101000011000011111101000011111101000011111101000001111101000011111101111101000011000011000001000011000011111101111101000011000011000011
000011111111000001000011111101000011000011000011111101111101111101000011111101111101000001000001111101000001000011111111000001111101111101000011000011111101111111111101000011000001000011111101
000001000011111101000011000001000001000001000001000001000001000001000001111111000001000011000011000001000001111111111111000001000011000001000011111111000001111111000001000001000001000011111111
000011111111000001000011111101000011000011000011000011000001000011000011111101000011000001111111000011111111000001111101000011000011111101111101000011111101000011111101000011111101111101111101
000001111111000011000001111101000011111111111111111111000001111111000001111111111111111101000001111111111111111101111101111111000011111111111101000001111101111111000001111111000011111111000001
111101111101111111000001111111111101111111111101111101111111000011000011000011111101111111111111000001000011111111000011000001111101111101111111000011000011000011000011000011111111000011000001
111111000001111101111111000001111111111101000011000011111111000011000011111101000011111101111101111101000011111111111101111111000011111101000011111101000011111101111101000011111101111101111111
000001000001111111111111111111000001000001000001111111000001111111111111000011000011000011000011111111111101111111000001111111000001000011111111000011000011000001111111111111111111000011111101
111101111111000001000001000011111101111101111101111111000001000001000001000001111101000001000001111111111111111111000001000001111111111111111111111101000001111111111111111101111111111111111111
111111111111000001111111111111000001111111111101111111111111000001000001111111000001111111111111111111111111000001000001000001111111000011111101111101000001111111000001000001000011111101000001
111111111111111101000001111111111111111101111111111111000011000001000011000001111111111111000001000011000011111111111111111101111111000001111101111111000011111111111101111101000001000001111101
111101000011000011000011111101000011000011000001111101000011000011000011000001000011000011000001000001000011000001000011000001000011000011111101000011000011111111111101111101000011000011000011
111111000001000001111101000001000001111101000011111111000001000001111111000001000001000011111111000001000001000001000001000001000001111111111101111111000011000001000001000001000001000011000011
000011111111000011111101000011111101000011111101111111111101111101000011111101000011000011000011111111111101111101111111111111111101000011000011000011111101111111111101111101111101000001111101
000001000001000001111111000001000001000001111111111101000001111111111111111111000001111111111111111111000001111101000001111111111101111111000011000011111111000011000001000001111111000001111111
000001111101000001000001111111111111111101111111111111111111111111000011111101111111111111111111000001111111111111111111111111111111111111000001111111111111111101111101111111000001111111000001
111101111111111111111111111111000001000011000001111101111111111111111101111111111111111111111101000001111111111111111111000001000001111111111101000001000001000001000001111111111111111111111111
000011111111000001000011000001111101000001000001000001111101111111000011000001000001000001000001000001111111000011111111111111000001000011111111111111000001000001111111111101000001000001000001
000001000011111111000011000001000011111101000011111101111101111101111111000011000011000001000011000011000011000011000011000011111101000001000011000011000011000011111111000011111101000011000011
000001111101111111000011111111000001111101000011000011000011000011000001000011000011000011111101111111111101000011000011000011111101000011000001000001111101000011000011000011000011000001000011
111111111101111101111101111101111101111101111111000011111101111111000011111101111111000001111101111111000011111101111101111101111101111111000011000001000001111111000001111111000011000001111101
111111111111111101111111000001000001111111111111000011111111111111111111111111111101111111111111111101111111111111000011111111000001111111111101111111111101111101111111111101111111000011111111
000001111111111111000001000001000001000001000001111101000001000001000011000001111111111111000001000001111101111101111111000001111111000011000001111101000011000001000001111111111111000011111111
000001000001000001111111000001111111111101111111000001000001000001111111000011000001111111000001111101111111000001000001000011111111000001111111000001000011111101111111000001111111000001000001
111101000011111101111111111111111111111101111111111111111111000011111111111111111111111111111111111101111101000001111111000011000001000001111111111111111111111111000001111111111101000001111101
111111111101000011000011000011111101111101111111111101000011000011111101111101111101111101000011111101111101000011111111000011111101111101000011000011000011111111000001000001000011000011111111
000011111101000001111101111101111101111101111101111101000011111101111111000011111101111101000001000011000011111101000011000011111111000011111101111101111101000011111101000001000011111101000011
000011000001000011000001111101000001000011000011111101000001000001000011000001000001111101000011000011000011000011000011000011111101111101111101000011111101000011111101111101111101111101000011
000011000011000011000011111101000011111101000001111101000001000011111101000011111101111101000001111101111111111101000011111101111111000001111101111111000011000011000011000011000011111101111101
111111111101111111111111111101111111111101000011000001111101111111111101000011111111111101111101111101000011000011111101111111111101000011000011111101111101111111111101000011000011111111000001
111101000011000001000011000001000011111111111101000011111101000001000011111111000001111111111101111101000011000011111111000011000001000011111101111101000001000011000011111101111101111101111111
000001000001000011111101000011000001000011111111000001000011111111111101000011000011000001111101000011111101000011000011000011000011111111111101000011000011000001111101000001000001000011000011
000001000001000001111111000001000001111111000001111111000011111111111111111101111111111101000001000011111101000001111111111101111111111111111111000001000001111111000001000001111111111111111111
000011111101000011000001000001111101000011000001000011000011000011111111000001000011000001000011000011111111000001111111000011111101000001000011000011111111000011111101000001000011111101000001
111101111101111101111111000011000011111101111101000011000011111101111101000011000011000011111101000011111101000001111111000001000011000011000011111111000001111111000011111101000011111101000011
000001000001111111111111000001111111000011000011000001000001000011111111000011111111000001000001000001111101111111111111111111111111000001111111111111111111111111000001000001111111000011111111
111111000001111111111111000001111111000011000001000011000001111111000001000001111111111111000001000001000001000001000001000001111111111111000001111111000001000011111111111111000001111111000011
000001111111000011111101000001000001000001000001000001111111111111000001000011111111000001000001000001000001000011000001000001111101000001000001000001000001000001000011111111000011000011000001
000011111101111101111111111111000011000011111101000011000001000011111101000011111101111101111111000001000011111101111111111101000011000011000011000011000011111101111101000011111111000011000011
000001000001000001000001111111111101000001000001000001000001000001000001000001000001000011000001111101000001111111000011000001000011111111000001111101000001000001000001000001000001111111000001
000001000001000001111111000001000001111111111111000001000001111111111101111111000011111111000001000011000001111111000011000001000001111111111101000001000001111101000001000001000011111101111111
000001111111111111111111000001000001111111111101000001111101111111111111000001111111111111000001111101111111111111111101000001111111000011000001000001000001111111000001000011111111000001111111
000001000001000001000001000001111111000001000011000001111111000011000001000011000001000001000001111111000001000001111111111111000001000011111111000001111101000001000011111111000001000001111111
111101000011111101000011000011111101000011000001000001000011111101000011000001000001000011000011000001000011000011111111000011000011000001000011000011000011000011111111111111000011000011000011
000011111111111111000001000001000001000001000011000011111101000011111111000011000001111101000011000001111111111111111111111101000001000011111111000001000011111101000001111111111111000001000001
111111000011000011000001000011000011000011111101000011111101000001111101111111111111000001000011000011000011111101000011111101000011111101000011000011000011000011000001000011000011000001000001
111101000001000011000011000001000011000011000001111101000011000001000011111101000001000011000011111101000011111101000011111101111101111101000001111111111101000011111111111101111101111111111101
000001000001000001000011000001000011111101000011111111000001000011000001000001000001111101000001111101000001000011111111000001000011000001111101000001000001000001000011000011111111000001000001
111101000001111111111101111101111101111101000011000011111101000011111111000011111101111101111101111101111101000001111101000011111101000011111101000001000011000011111111000001111101111111111111
111111111111000001000001000001111111000001000001111111111111111111000001111111111111000001000011111111000001111111111101000001000011000001111111000001111111000001111111111111111101111111000001
111111000011111111000001000001000001000001111101000011000011000011000001111101000001111101000011000011000001000011000011000001000011111111000011000011000011000011111101111111111111000011000011
111111000001111111000001000001000001111111111111111101000001000011000001000001000001000001111111111111000001000001000011111101000001111111111101000011000001000001000001000011000001000001111101
000011111101000011111101111101111111000001000011000011111101000001000011111101000001111101111101000011111111111101000011111101000011000011111101000001111101111101111111111101111101111101000011
000001111111000011000011000011111101000011111101000011000011111101000011000001000011000011000011000011000011000011111101111101000011000011000011000011000011000001111101000011111101111101000001
000001000001111101000001111101000001000001000011111111111101111101000011111111111111111101000001000001111111000001000011111111000001000001111111111111000011111111000001111101111111000001111111
000001111111111111111111000001000001000001000011000001000001111101000001111111111111111111000001000001000011111111111111000001111111000001111101111111000001111111000001000001111111000001111111
000011111111111111111101111111111101111101111101111111111101111111000011111111111101111101111101111101000011111101111111000001000011111111000011000011000011111101111111111111111101111101111101
111101111111000011111101000001000011000011000011111111000011111101000011000011000011000001111101000011000011111101000011000001000011111101000001000001000011000011000011000011000011000011111101
111101000011111101111101111101000011111101000001111101000011000011111101111101111101111101111101111101111101111101111101111101000011111111111111111101000011000011111101111111111101111111111101
111101111101111111111111111101111101111111111101000011111111000011000011111101111101111101000001111101000001000011000011111111000011111101000011111111111101000011111101000011000011111111111101
000001111101000001111111111101000001111101111101000011111111000011000011111101000011111101111101000011111111111101000001000011000011111101111111000011000011000011111101000011111101000001000011
111111111111000011000011111101111101111101000011111101111101000011111111111101111101000011000001000011000011111111000011111101111101111101111111111101000011111111000011111111111111000001111111
000011000001000011000011000001111111000011000011000011111111000011000011111101111101000001000011000011111101111101111101000011000001111101000011000011000011111101000011111101000011000011111111
000011111111111111000011000011000011000011111111000011000011111101111101000011000011111101111101000011111101000011111111111101111101111101111111000011000011111101000011111101111111111101000001
111111000011000001000011000001000001000001000001111111111111000011111111111111000011000001000001000001111111000001000011111101000011000011000001111111000001000001000001111111000001000001000001
111111111111111111000001111111111111000001111111111111000011111101000001000011111111000001111101111111000001111101111101000001000011000001111111000001111101000001111111000001000001111111000001
000001000001111101000011111111111101000011000011111101111101111101111101111101000011000011111111000011000001111101111101111101111111111111000011111101111101111101111101000001111101000001111101
111101000001000011000011111101111101111111111111000011000011111101000011111111000011000011111101000001111101000011000001111101000011111101111101111111000001111111111101111111111101111111000011
000011000001000001000001000011111101111111111111000011000001000001000001111111000001000011111111000001111101000001111111000001000001000011111101000001111111000001111111000001111111111111111111
111111000011111111000011111111000001111111111111000011000001111111000001111101111111111101111111000001000001000001111111111101000001000001111111111101111111000011111111000001111101111111000011
000001111111111111000001111111111111000001111111000001000011111101000001000001111111111101000011111111000011111111000001111111111111000001111101111101111111111111111111111111111111000001111101
000001111111111101000001000001000001000001111111111111000001000001000001000001000001000001111111000001111111111111000001111111111111000001000011111111000001000001000001111111111111000001111111
000011111111000011111101111101111101000011111101111101000011111101000011111101111101111101111111000001000001111101111101111101000011000011000001111111000011111101111101111101000001111101111101
000011000011000011111101111111000001000011000011111111111101111101111111111101000011111101111101111101111111111101111111000011111101111101111111111101111101111111111101000011000011111111111101
000011000001111101000011111111111101000001111101000011000011111101111101000011111111111111111101111101000011000011111101111101111101000011000011000011111101111101111101111101111101111101111101
000001111111111111000011111111111111111101111111000001000001111111111111000011111101111111000011111111111111000001111111000001111111111101000001111101000011111111111111111111111101111101111111
111111111111000011111111111111111111111111111111111111111111000001000001111111111101111111000011111111000001111111111101111111111111111111111111111101111111000001000001111111000001111111111101
000011111111111101111111000011111111000011000001111111000001111101000011000011111101000011000011111101111101000001000011111101111111000011111101111101000001000001111111000011111101000011111101
111101000001000001111111000011000011111101000011111101111101000011111101000001111111111101111101111101000001000011000011111101000011111101111101000011000011111101000001111101111101111101111101
111101111101000011000011111101111101111111111111000001000011000011000011111101000011111101000001000001111111111101111111111111111111111111000011111101000011000001000011000001000011111111111101
111111000001000011000001111101111101111111111111000011111111000001111111000001111111000011000011000001111111000001000001000001111101000011000011000011111111000001111101000011000001000001111111
000001111111000001000011111111000001111111111111111101111111000001000001000011000001111111111111000001111101111111111111111111000001111101000011111111000001000001111101000011000001111111000001
111111111111000001111111111111111101111111000001000001111101111111111111111111000011000001000011000001111111000001111101000011000011111101111111111101111111111101111111111101111111111101111111
000001111101111101111111111111111101111101111101111111000001111111111101000001111111111111111111111111000001111111111111000011000001111111000001000001111111111111000001111111111111000001111101
111111000011000001111111000011111111000001111111000001111111111111111101111111000001111111000001000001000001000001000011111111000001111111111101000001000001111101000001000001000011000001000011
000011111111000001111111111111111101111111000001111111111111000001000001111111111101111111000011000001111111111101111111111111000001111101000001111111111111111111000011111111111111111111111101
111101000001111111111101111111111101000011000011111101111111000011000011000011111101111101111101111101111101111101000011111111111101000011111111111101111101111101111101000011111101111101000001
000011000001111101000011000011000011111101000011000011000011111101000011000011111111111111000011000011111101111101000011000001111111111111111101000011000011000011000001000011000011111101000011
111111111111111101000001000001111111111101000011111111000001111111000001000001111111111101111111111111111111111111111111111111000001000001111111000001111111111111000011111111111111111111111101
111111000001000001000001000001000001111111000001111111000001000001000011000001000001000001111111000001000001000001111111000001000011000001111111000001111111000001000001111111000001111111000001
111101000011111111111111111101111111111101111111111111111111111111000001000001111111000001111111111101111111000001000001111111000011111101111101111111111111111101000001000001000001111101111111
000001000001111111000001111111000001000001000001000001111111111111111111111111000001111111000001000001000011000001111111000001000011111101000001000001111111000011111111000001000001000001000001
111101111111111111111111000011000001111111111111000001000011111111000001000001000001000001000001111101000001000001000011111101000001000001000001000001111111000001000001000001111101000011000001
000011000011000011111101111101000011000011000011000011111101000011000001111101000011000011000011111101000011000011000001000011111101111101000001000011000011000001000011111101000011000011111111
000011000011000011111101111101111101111101000011000011000011111101000011000011000011111111111101000011000001000011000011000011000011111101000011111101000001000011111101000011000011111101000011
111111111101111101111101111111111101000011111101111111000001111101111101111101111111111101000011000011000011000011000011111101000001111101000011000011111101111101000011000011111101111111111101
111101000001111101111111000001000001111111111111000011111101000001000011000001111111000001111101000001000001000011000001000001111111111111000011000011000001111111111111111111000011000001111111
000001000011000001111111111101111111111111111111111101111111111111000001111111000011111111111101111111111111000001000001111111111101111111111101000001111111111101000011111111000001111101111111
000011000011111111111101000011111101111111111101111111000001111111111101111101111101000001111101111101111101111101111101111101000011000011000011000011111101111111000011000011000011111101111101
111111000011111101111111111111111101111111111111000011000001111111000011111111111111111111111111111111111111000011000001000001111111000011000001000001111111111111111111111111111111000001000011
000001000011000011111111111101111101111101000011111101111101111101111101111111000011111101000011111101111101111101111111111111111111000011000011111101111111111101111101000001000001111101111101
111111000001000001000001000001000001111111000001111101111111000001000011000001000001111111000011000001000001000001111111000001000001000001000001111111111111000001111111000001111111000001111101
000011111101111101000011000011111111111101000011111101000011111101111101111111000011111111000011111111111101111101111101000011000001111101000011111111000011000001000011000011111101111111111111
111101000001000011000011000011000011111111111101111101111101111101000001111101111111000011111111000001000011000011111101000011111101000011000011000011000001000011111101111111111101111111000011
111111111111111101111111000001111101111111000001000011111111111101000001000001111101111101111111111111111111111101111111000001000001111111000001111111000001000001111111111111111101111111111111
000001000011000001000011111101000001111111000001000011111111000011000011000001111111000001000001000001000001111111000001000001000001111111111111000011000011000001111111000001000001111111000001
111111111111111111111101111111111111000001000001111111111111111101111101111101111111000001111111111111111111111111000001111101111101111111000001111101111111000001000001111101111111111111000001
111111111101111101000011000001111101111101000011000011111101111111111101111111111111111101111101111101000011111111111101111101111101000011111101111101111101000011111111000011111101111111111111
000011111111000001000001111111000001000001000001000001000001111111000001000001111101111111111111111111000001000001111111000001000011000001000001000011000001000001111111000001111111000001111111
000001000011000011000011000011000011000001000001000001111101000011000011111101000011111111000001111101000011000011111101111101000011000011111111000001111111111101000001000001111101000011111101
000001111111000011000001000001000011000001000001111111000001111111111101000011111111000001111111111111000001000001000001000011000001000011111111111111000011111111000011000001111101111111111101
000001111111000001111101111111111111000001111111111111000001111111111101111111111111111111111111111101111111111111111111111101111111111101111101111111111111111111000001111111000011111111111101
111101111111111101000011111101111101111111000011111101111101111101111101111101000001000011111101000001000001111101000011000001000011111101111111000011000011111101000011111101000011111101000011
111111111111111101000001000001000001000001000011111111000001000011111101000011000001000011111111111111111111111111000011000001000001111101000001111111111111111111000001000011000001000001000011
000011000011111101111101000001111101000001000011000011111101111101000011111101000011000011000011111111000001000001000001000011000011111101111101000011000011000011000011000011111111000011111101
111111000011000011000001000011000011000011000001000011000011000011111101000001000011111101000011000011000001000001000011111101111101000011000011000011000011111101000011000011111111000011000011
000001111111111111111101000001000001111111111101111111111111111111111111111101000001111111111111111101000001111101000001111111000011000001000001111111111111111101000001111101000001111111000001
111101111101000011111101111111111101111101000011111101000001000001000001111101000011000001000011111101111101000011000001000011111101000011111111000011111101111101111111000011000001000011000011
111101000001000001111111111101000011000011000001000011000011000011000011111101000001000011000011000011111101000011111101000001111111000011111101000011111101000011000011111111111101000011000001
111101111101111111000001111101111101111101000011000011111111000011000001111101000011111111000011111101000011111101111111111101111101111101111101111101111111111101111101111111111101111101111111
000001000011111111000001000001000001000001000001111111000001111111000001111101000001111111000011111111111111000001111111111101111111000001000001111111000001111111111111000011111101111111000001
111111000001000001111111111111000011111111000001000001111111111111111111000011111111000011000001000001000001111101000001000011000011000011111111000011111101000011000001111111111111111111111111
000001111111111111111101111101000001111111111111111111111111000011111111111111000001111111111111000011000001000001111101000001000011111111000001111111000001000001000011111111111101000001111111
111101111101111101000011000011111101111101000011111101000011111101111101000011000011111101111101111101111101000011000011000011000001000001000001000011111101111101000011000011000011111101000011
111111000001000001000001111111000001000001000011111101000011111101000011000001000001111111000001000001000001111111000001000001111101111101000001111111000001111101000001000011111101111111111111
000011111101111101000011111101000011000001111101000011000011000011111101111101000011000011111101000011111101111101000011000011111101111101111101000011000011000011000011000011000001000011111111
111111000001111111000001000001111111000001111101111111000001111111000001000001111111111101111111000001000001000001111101111111111111000001111111000011111111000011000001000001111101111111000001
111111111111000001000011111111111111000001000001000001000001000011000001111111000001000001111111000001000001111101111111111111000001111111111111000001000001000001000001000001111111111101000001
000011000001111101111101111111111101000011000011000011000011111111000011000001111101000011111101111101111101000001000011000011000011000001000011111101000011000011000011111101111101000001111101
000011000001111111111111111111111111000001111101111111111111111111111111111111000001000011111111111111111111000011111111000001111101111111111111000001111111000001111111111101111111000001111111
000001000011000011000011000001000001000001111111000011111111000001000001111111000001111111000011111111111111111111000001000001111111111111000011000001111111111111111111111111000001111101111101
000001111101000001000001000001000011000001000001000011000001111111111111000001000001000001000011000001000011111111000001000001111111111111000001000011111111000011000001111111111111000001000011
000011111111000001111111000001000011111111111111111101111111000011000011111111111111111101111111111111000001000001111111111101000001000001111101111101111111111111111111000001111101111111000001
111101111111111101000011111101000011000011000011000011111101000001000011000011000011111101111101111101000011000011000001000001111111111101111111111111000001111101000011111101000011111101000001
000011111111000011000011111101000001111111000011111101000011000011000001000011111101111101000011111111111101000011000011111101111101111101000001000001000001000011000001000011000001000001000011
111111000001111101111111111111111111000001000011000001111111000001111111111111000001000011000001000011111111000001000001000001111111000001111111000001000001000001000001111111111111000001000001
000011000001111111111111000001000001000001111111111111000001000001111111111111111111111111111101111111000011000001000011111111111111111111000001111111111111111111111111111101111111111101000001
111101111111111101000001111111111111111111111111111101000001111111000001111101000011111111111111000001111101111111111111111111000001111111111111000001111111000001000001111111111111111101000011
000001111111111101000011111101111101111101111101111101000011000011111101111111111111111101111101111101111101111101000011000011111111111101111101111101111111000011000011111101000011000001111101
111101000011111101111101111101000011000001111111000011111101111101111101111101111111000011111101111101111101000011111101111111000001111101111101111101111101000011111111111101111101111101111111
000001111101111101111111000001111111000011000001111101000001111101111111000001000001000011000001000001000011000001000001000001111111000011000001111101111111000001111111000001111111111111000011
000001000011000001000011111101000001000001000001111111111111000001000001000011000011000001111111000001000011000011000011000001000011111111000011000011111111111111111111000001111111111101111111
000011111101111101000001000001000001111101000001000001111111111111000001000001000001000011000011000001000001111111111111000011000011000011000001111111111111111111111111000001000001000001000011
111101111101111101111111000011000011111101111101111101000001000011111101111101111101111101000001000011111101111101111101000011000011000011111111111101111101111111111111000011000011111101000001
000001000001111111111101111111111111111111111101111111111111111111111101111111111111111111111111111111000001111111000011000001000001111111000001000001111111000001111111111111000001111111111111
111111000001111101111101111101111111111101000011111101000011000011111101111101111111111101111101111101111101111101000011111111111101000011111101111111000011111101111111000011111101111101111101
111101000011000011000011000011111101000011111111000001000011000011000011111111000011111101000011000001000011000011000011111101000011000001000011111111111111000011111101000011000011000011000011
111111111111111111111111000001000001111111111111111111111101111101000001111111000011111111000001111111111111000001000001111111000001111111111101111101111111000001111101111111111101111101000001
111101000011111101111101000011111111000001111111000001000011000011111101000001000001000011111101111101000001000011111101000011000011000011111111111101000011000001000011111101111101000011000011
111101000001000001000001111101111111111101111111111111111101000001000001000001000001000001000001111111000011000001000001000001000001111111111101000001000011111101000001111101000001111101000001
111111111111111111000011111111111111111111111111111111111101111111111101111111111111000011111101111111111111000011000001111111000001111111111101111111111111111111111111111111111101000001111111
111111000001000001000011111101000001000011000011000001000001000001000001000001111111111111111111000001111111111111111111111111000001000011000001000001111111000011000001000011111101000001000001
111101111101000001000001111101111111111111111111111111000001111111111111111111111111111111111101111111000001000001111111000001000011111111111111111111111111000011000001111111111111111111000001
111111111111000001111111000001000011000001111111000001000001000011111111000011000011000001111101000001111111000011000001000001111111111111000011000001000001000011000001000001000001000001000001
111101111101000011111111111101000011111111111111111111000001111111000001000001000001000001111111111111111111111111111111111111111101111111111111000001111101111101000001111111111111111111000001
111101111111111111000011111101111111111101111101000011111111000011000001111111000001000011111101111111111111111111111111111111111111111111000001111101111111000001000011111101000001111111111111
111101000011111101111101000011111111000001111101000011111101111101000011111101000001111111111101000001111101111101111101000001111101000011111101111101111101000011000011111101111101000001111101
000001111111111111111111000001111111111111111101000001111101000001111101111111111111111111111111111101111111000001111111111111000001111111111111111111000001111111111111111101000001000011000001
000011111101000011000011000001111111000011111101111101111111000011111101000011000011000011111101000001000011111101000011111101111101111101000011000011111101000001000001000011000011111111000011
000011111111111111111111111111111111111111111101000001111101111111000011000001111111111111111111111111111101111111000001000001111111111111111111111101111111000001000001111111111111111101111101
000011111101000011111101111101111101111101111101111101000011000011000011111101000011000011111101000001111101111101111101111101111101111101000011111111111101000011111111111101000001000001111101
111101111101000011000011000011000011000011000011111111111101000001000011000011111101000001000011000011000001000011111101111101111101000011111101000011000011000011111101111101000011000011000001
000001000001000001111111111111000001000001000001000011000001111111000001111111000001111111111101000001111111000011000001000001000001000001000001000001000001000011000011000001111101000001111111
111101000001111101000011111111111111111111111101111111111111111101111101111101111101111111111101000011000001000011111101111111000011111101111101000011111101111101000001111101000011111111000011
111111111101000001000011000011000011000011000011000011111101111101111101000011111101000001111101111111000011000011000011000011000011000011000011000001111101000011000001000001000011000011000011
111101111111000011000001000001111101111111111111111111000001111101111101111111111111111111111101111111111111111111000001111111111111000001000001000001000001111111000011111101111111111111111111
111101000001000011000011000011111101111111111101000011000011000011111111000011000011000001000001000011000011111101111101000011000011000011000001111101111101111101000011000011000011000011111111
111101111111000001000001000011111111111111111101111111000001000001111101000011111111111111111111000011111111111111000001000011111111000011111111111111000011000001111111111111111111000001000011
000011111101111111111101111101000011111111000011111101111111000011000011111111000011111101000001111101000011111101111111111101111101111101111101111101111111111101111101111101000011000011111101
111101000011000011000011000011111111000011000001000001000011111101000011000001111101111101000001000011000001000011000011000011000011111101111101000011111101000011111111111101111101000011000011
111101111111000001111111111101111111111101111101111101000011111101111101111101111111111101000011111101000001000001111101000001111101000011111101000011111111111101111111111101000011111111000011
111111000001111111111111111111111111111101111111111111000001000001111111111111111101111101111111000001111101000001111101000001111111111111000001000001111111000001111111111111111111000001111101
000001000001111111000001111111111111111101000001111101000001000011111101111111000001111101111111111111111101111111000011111111000001111101111111111111111111111111111101111101111111111111000001
000011111101000011000001000011111101111101000011111101000001000011111101111101000011111101111111000011000011000011111111000011111101000011111101000011000011000011000001111101111101000011000011
111111000001000011111101111111000001000001000001111101111111000001000001111111111111111111111111000001000011000011111101000001111111111111111111000001000001000001111111111111000001111111000001
000001000001111101111111000001000001111101111111000011111111000001111111111111000001000001111111000001000001111111000001000001000001111111000001111101000001000001111111000001111111000001000001
111111000001111101000001111111111101111111111111111111111111000001000011111111000001111111000001000001111111111111000001000011111111000001000001000001111111111111111111000001000001000001000001
000011111101000001000011000001000001111111000011111111000011111101000011000011111101000011111111111101000011000011000011000011111111000001000001111101111101000011111101000011000011000011000011
000011000011000001111101111101111101000001111101111101111111000011000011111101000011000011000011000011000011000011000011000011111101000011111101111101000011000011111101111101000011111101000011
000001111101111101111101000011111101111101111101111101111101000001111111000011111101111111000011000001111101000001000001000011111101111111000011111101000011111101000011111101111111111101111101
111111000001111111111101000011111111000001000001000001000001000001000001111111000001111111111101111111000001000001000001000001111111111101000001111111000001000001111101000011000001111111000001
111101000011000011000011000011000001111101000001111101000011111101111111111111000011000011111101000001000011000011000001000011000011000011000001111111000011000011111101111101000001111101000011
111101111101111101111101111111000011000011000011000011111101000001000001111101111101111101111101000011000001000001111101111101111101111101111101000011111101000011111101000011111101111101111101
111101111101000011111101111101000011111101000011111101000011000001000011000001000001000011000011111101000011111111111101111101000011000001000011000011000011000001000011000011111101111111111101
000011111101111101111101111101000011111101000011000001111101000011111101111101111111111101111101111101111101111101111101000011000001000011000011111101111101000001111101111101000001000011111101
111101111111000011111111111101000011111101111101111101000011111111111101111101000011000011111111000001111101111101111101000011000011111101111101111101000011111101000011111111000001000011111101
000001000001111111000001000001000001111111111111000001000001000001000011000001000001000011111111111111111111000001000001111101000001000001111111111101111111111101111111000011000001111111000001
000001111111000001000011000001000011111101000011000001000011111101000001111111000011000011111101000011000011111111111101000011000011000011111101111101000001000001111101111111111101000011111101
111111000001111111111111111111111101111111111111111111111111111101000011111111000001000001111111000001000001111101111101000011111111000011111101000011000001111111000001000011111111111111111111
111111000011111101000011111101000011111101000011000011111111111101000011111101000011000011111101000001111101000001111101111101000011000011000011111111111101111101000011000011111111000001000011
111111111111000001111111111111000001111111000011000001000001111111000001111111111101111111111111000011111111111101111101111111000001111101000001000001111111111111111111000001000001111111111111
111101111111111111000001000001111111111111111111111111111111111111111101111101000001111111111111000001111101000001000011000001111101111101111111111111000011000011000001000001111111111101000001
000001000011111111111111111101111111000011111101111111111111111111000001111111111101111101000001111101000001000011000001111111111101000011000001000001000001111111000001000001111111111101111101
111111000001111111111111111111111111000011111111111111000001111101000001000001111101111111111111111111000011000001000011111111111101111111000001000011000001111101111101000011111111111101111101
111101000011111101111101000011111101000001111101111101111101111101000001111101111101111111111101111101000011111101111101111101111101111101111101111101000011000001111101111101111101000011111111
111111111101111111111101111111111111111111111111111111111111111101111111111111111111111111111111111111000001111111111111111111111111111111111111111111111101111111111111111111000001111111111111
000001111101000011000001000001111111111111000001000001000001000001111111000011000001000001111111000001111111111111111111000001111111111111000001000001111101111111000001000001000001111111000001
111101000001111101111101000001111111000011000001000001000001111111000001111111111111111111111101111111000001111111000001000001000001111111000001000001111111000001111111111101111111111111111111
111101111101111111111101111101111101111101111101000001000011111101000011111101111101000011111111111101111101000001000011111111000001000011111111000011111101111101111101111101000011111101111101
111111111111000001111111000001000011111101000001111101000001000001000001111111111111000001000001000001000001000001111111000011111111000001000001000001111111000001000001111111000001000011000011
000011111111111101111101111101111111000011000011111111111101111101000011000001000011000001111101111101111101111111111101111111000011000011111101111101111101000011000011111111000011111101111111
000001111101111111111101000001111111000001111111111111000011111111111111000001000001111111111111000001000011000001111111111101111111111111111111111111111111000001111111111101111111111111111111
000001111101000011111101111111000001000011111111111111000001000001111111000001000001000001000001000001111111111111111101111111000001000011000001000001000001000001111111111101111111000001000011
111101000001000011000011000011111101111101000011000011111111111101000011000001000001000011111101000011111111111111111101111101000011000011000011000011000011111111000001000001111101111101000011
000001111111000001111111000011000001111101111101000001000001000001000001000001000001111111111111000001000001111111111101111111000011111101111111111111111101111111111111000001000011111111111111
111101000001000011000001111101111101000001111101000011111101000011111101000001111101000011111101111101111101111111000011000001000011000011000011111111111101111101000011000011111101000011111101
111101000001111101000001111111000011000011111101000011000011000011000011000001111111111101000011111101111101111101111101111101111101111101111101111101111101111101000011111101000011111101111101
111111000001000001000001000001111111000001111111000001000001111111111111000011000001000001111111000011000001000001000001111111000001111111000001111111111111111111111111111111111111111111000001
000011000001000011000011111101000011111101000001111111111101000011111101111101000001111101111111111101000011000011111101111101000011000011111111000011111101000011111101111101111101111101111111
