00001000010010011011011011100010101011000000011
00001000010010001101010000100010110000010000101
00001000010000101101011101010000110000100111100
00001000010000001100010001111001000111001100011
00001000010000111101100001100010101111000011111
00001000010101011111111111111101010100101010111
00001000010001110111000011100100100101101100010
00001000010000111000010001110100000111011100011
00001000010000110001001010010110011000001100110
00001000010001110101101110100100010110001001101
00001000010011100000101111000101010110001001010
00001000010000001110111101111000010001101110001
00001000010001000100000001000001101010100001010
00001000010000100000010110101111101000101010111
00001000010000101011011110010000100101000011000
00001000010100110000010011010110000011111000111
00001000010000111001111110100011100100111110101
00001000010000110110001101111100001110101010011
00001000010001111100001110100111100111100100011
00001000010001101110010111110110011101111101110
00001000010000110010010010111010000110011000010
00001000010011000000010011011111000010010000001
00001000010001000010010011011010100111001101101
00001000010001010010000100000100100000011100010
00001000010100000001000101000011011110001010101
00001000010010000011010000000110100010101000011
00001000010000000001110011101111101111000111011
00001000010000100001100010011000001001000100010
00001000010001110110110110110110110110011111110
00001000010000111100101111110100100111011100110
00001000010011101000001001011000111001011001100
00001000010000001110111001101110100111110010011
00001000010010000001111000011000111101001011100
00001000010000101010000110000000010010010010001
00001000010001101111001001010011011011011011111
00001000010000101101010000111111010011011111010
00001000010001100010100001010010011100110101001
00001000010001110010011110000000010110111101010
00001000010101011000101111100100100010001100000
00001000010000010100011011011101011000001100111
00001000010011111011001111001111100101111011011
00001000010000111100001101000000111110110100010
00001000010001010010100101011110111000010100011
00001000010001111000001000010111010111001010000
00001000010000100101000001000111000011001010100
00001000010000001100000110010100000011000001000
00001000010110000011011111011001001101110111000
00001000010001001010010101101001110010111011011
00001000010110001101001100101111001111000111111
00001000010011000011111001101000111110000110011
00001000010011110001010011111011011111111111111
00001000010001110101011011110110000001100110000
00001000010011100111110111111101101100001011010
00001000010000110011001000100000010000100111010
00001000010010100101000010000101001011001110111
00001000010000100101011100000101000010001011110
00001000010010110001010100100011101010001100110
00001000010000110111001010110010010101110011001
00001000010001010001011101110101001101000101100
00001000010000011010110101010011101110001001101
00001000010001100001011110100010111101011100000
00001000010100000001101110001011010001000010110
00001000010000001010001010110111111000101000001
00001000010001001011001011001100111011000110111
00001000010011011100000101110110101111101110110
00001000010001100101011000101110011101111111101
00001000010000000010010001110001111011000000011
00001000010000001101111110011110000111111100111
00001000010000000010010110010101000010000100110
00001000010000110010110111111111111110111000010
00001000010000101111101111101001110100001011010
00001000010010110110011010001100011100001111111
00001000010000000101101111100011111110100000011
00001000010010111011011101010000110000101011111
00001000010101010000101001010011110110100011111
00001000010000001100100101010001111000110100010
00001000010001110001011111111001110001010010010
00001000010001010001010111111001011101111010110
00001000010001010101100110100111001010000010000
00001000010000010010111010011110101010101010011
00001000010010110111000011011110011011011010001
00001000010111000101011110011010110000001111100
00001000010000011100111101001100101110001010001
00001000010000111001010001101101110111010010111
00001000010000011100010111000011000111000111011
00001000010000001111111111111011010000011101110
00001000010001111100011101111010111100100011110
00001000010001111110001100110010011100110101100
00001000010010111111011010110010010100101001011
00001000010000000110001101000100110000100111111
00001000010010110000000000000100011111100110001
00001000010000111110001100110001011111010000000
00001000010011011010100100100101011110100010000
00001000010101110110010110000111111111111111001
00001000010000011111100110001100111111010010101
00001000010000010001001011111100010000111100001
00001000010000100011111110011111011100001111001
00001000010000001100001101101100001000111001010
00001000010001100100101001101111111110101111010
00001000010000100101101101100111000111111001001
00001000010011011110111111101000011000011001111
00001000010001010101110101011111010111011000110
00001000010001110010010101001000010111100011110
00001000010000111111101011111101111011110100011
00001000010001100001000101010101010011100011010
00001000010000100000100010101100011000001000100
00001000010000110110011111111101100011110000011
00001000010000111011011101010010010100111010101
00001000010010110111101011100111100000110001101
00001000010000011111000010100100001110001010001
00001000010010101101011000111011001101010110101
00001000010010010101101101100111001001110001100
00001000010111001010111001000100000110000100100
00001000010001001101010000011011111110011111101
00001000010001110010000000101010001000101001110
00001000010010010110110001011101101011100101010
00001000010001111111110111001010000000010111101
00001000010000011000000110001100100010101000010
00001000010011111111100111111011111110010011011
00001000010000000101000000001101100110001100111
00001000010000101000010011001111110101110011001
00001000010000010001001001101000011001000100111
00001000010000110011101110011010010111100001001
00001000010000111011111110101101110101011011111
00001000010001001000111100100100000100101110001
00001000010011101001001100100000000011000110011
00001000010100001100000010000001000000001000101
00001000010000000000010111001011110000010011110
00001000010000101000001100001000001000000011110
00001000010001010000000010011101011001100000111
00001000010010111001100001100101001000110010100
00001000010000111011000010000000000111001000101
00001000010000100000100111011110001001001101101
00001000010001001100110000100111101100010111001
00001000010001011111100101001011001010101011100
00001000010001001110011000001001010001010111000
00001000010001010011111111111111010110000110011
00001000010001011110000011110011111110001000001
00001000010001111001111110100110001000010010010
00001000010000100101001001001011111000100110011
00001000010000110111111010010001001010111010101
00001000010100001010000110001100010100100010001
00001000010000011100011111110111001110111111011
00001000010011011100101000001101000100101110001
00001000010001111000000011011101011111110110010
00001000010010011100100101110011101010001100011
00001000010000100011111000010010101010001111110
00001000010101000101111110000111101100010010001
00001000010011100110001011100000000100011010010
00001000010010010000011010110111101100101100010
00001000010000000111001100000110011110101111101
00001000010010010110001110111001101010001110011
00001000010001110000010001000111000101101001101
00001000010001100001001110010010010101010101111
00001000010000110000011001101100001000011010101
00001000010001010000011101001111101110000001000
00001000010000100111110111000111110000001011100
00001000010001011010101100001111100011001010001
00001000010000110011001000100101101111010100100
00001000010010101110001100111111001110000011011
00001000010001111110110100111110100101111101110
00001000010001010101010111010001001111010001000
00001000010010010001101101101110110100110001010
00001000010000111100011101001001011010010100101
00001000010001111001000000010111101010011101011
00001000010000010000000100111101001101101110001
00001000010011111101110100100100011111111001011
00001000010011010010000000101011100110001111100
00001000010011101110101110001010100000001001100
00001000010000110010111101011010011110111101001
00001000010000001001101011101000101000011100100
00001000010000110001001001100000010010110100011
00001000010010011101101011100111111111010110100
00001000010010110001110001000111001011110010100
00001000010011001100110100000110100010110101011
00001000011001001000101000000001000001000110011
00001000010010111000011100111110101011110011111
00001000010100000101010011001111100010101111101
00001000010000000101100011101111110001000010011
00001000010000110110101010100101110110010011101
00001000010000011100000000101101101110011001100
00001000010000100010010100000111100110101111011
00001000010000100101101111010011001010110110101
00001000010000001001001000111101000010101110101
00001000010000010100101001010110000011111000101
00001000010100101101101111110000100101101010000
00001000010010111100111001011110101111111001011
00001000010000110110110110010110001110101101100
00001000010000100010000001101001001001011000000
00001000010110011011010011011100101011010000101
00001000010001011000100110001001100011011000101
00001000010001010001101000000011110011111001100
00001000010000010110111011010011101110101000111
00001000010001111010111010010010010101001111100
00001000010000010001011000100100111101011000111
00001000010100011010011101011010100011100110100
00001000010000000000110000100101001000000101001
00001000010001111001000001100001010011100001000
00001000010010101001110000010010111100000111000
00001000010011101011000001011001010010111000100
00001000010110011110111011011111101110100011100
00001000010011101100000110110001111110010011001
00001000010100011111011001001111101011110111001
00001000011010111011111111100111011001100011101
00001000010010100111011011110011111001011111000
00001000010001111111001111011111011100111011110
00001000010010010101010010000010011101110011110
00001000010000101010010101001010110001111100001
00001000010000001110011110100101101001100111001
00001000010000011000111011001010010010001011010
00001000010001101111001010101010100011001110111
00001000010000001111110100101010001101101100011
00001000010001101001100000000110001011000111101
00001000010000111111001100110001100111100011100
00001000010010010111111011101010110100111011101
00001000010001110111111101111111000101111010010
00001000010000111100101111001100010110010011010
00001000010010010010111010101111011000011100000
00001000010011001001011111110101111000111011111
00001000010001011001000010110110110100000000000
00001000010010011001011111010000001100110000110
00001000010000001010111111011011111000000111110
00001000010000010111001011001110101100000011000
00001000010000000110111110110011001010000111110
00001000010000110011001110111100010101001011011
00001000010101000100000010011000010000000111001
00001000010001010110001011010001000100011000000
00001000010010101011100100001001101010011110010
00001000010001001011101100010010111111000000100
00001000010000100000000101011110000000101100101
00001000010000001010111111010000111110110011101
00001000010000101000101100010000101110101100100
00001000010010010100011010001010011011100010000
00001000010001010011111111111111011110100010111
00001000010001111001011011001111011010101100111
00001000010000011100110001011111001111000001100
00001000010001001110100110100100010000100001000
00001000010010100111010110101111011100011110110
00001000010000011100000111000101111101011100100
00001000010001111101101101000101101010101111101
00001000010001111110001001000011111001000100000
00001000010110111101111111010100011010110011010
00001000010000010110111101110011111011101111011
00001000010001010010111000110110110111000110000
00001000010000001001001010000100010000010011000
00001000010000001000111011010110111111101011111
00001000010000010101110011010101101101010011010
00001000010010000110001100111101011100010110100
00001000010000100011001001101101111101101000110
00001000010001111001111111110101111110000100111
00001000010001100010101011110010001001010001111
00001000010111110010000000000011010000100110111
00001000010001110110100101110111111000011110011
00001000010000110111101000110101001110000111011
00001000010001001010011011100010001101010000011
00001000010000100110111101011100110000011111101
00001000010001101100010001000111011110101111101
00001000010010000101011000011011011000110011100
00001000010000110111100111101111000110010101000
00001000010000000010011011111011101101101100111
00001000010000001010010100111010001101001101010
00001000010000010101111101101100011111100011100
00001000010000000011001010010000100100001100000
00001000010000101111111101001001111110111101111
00001000010001000101011100010110101001111110101
00001000010010111100001011101100110111001000110
00001000010000011101011111001101001010111100010
00001000010000010101011010111110001010000001100
00001000010101100000000000100001101000000000001
00001000010001010111110111001110011100101111010
00001000010000000011110000011011101001111011011
00001000010000001011101100110000110110011100011
00001000010000110101101011001101111110111000101
00001000010100110111000100111100011101111111001
00001000010001010010000000101100000010000001011
00001000010000100100011000111011010011001001111
00001000010011111001000000001011000001101100010
00001000010001110010100000101011001101011110100
00001000010000011001101000111111000101111101110
00001000010000010000000100100000001011010100111
00001000010010000010110000000011011111001111110
00001000010000101100010011000110001000010101000
00001000010001011000101110101011001000001010111
00001000010000101000100011010001011001011001010
00001000010001010000111100110100011101101001011
00001000010000010011101000010000001100100000110
00001000010010000101000111011110101100100100110
00001000010110100011101101101011000000011011010
00001000010011000110111110011101001001110111110
00001000010000000111111101111111100111010000111
00001000010001000011100111011111101100011110011
00001000010000101001100011110000110101100001101
00001000010110101001000001111001011000001100110
00001000010000010110001110110011011101110001111
00001000010000110000011101000101101010010011000
00001000010000011011010110101101100101000111001
00001000010000111100110011001100101101001011000
00001000010000011101110101111011111110010111000
00001000010101100001110000111110010111000100110
00001000010001001111000010000010000010111100011
00001000010010111111000111110111100111111000101
00001000010000110000001110111111111011110011001
00001000010000010110000101101010001001101100111
00001000010000111010111000100000011000110101010
00001000010000101010000000010110011010110100011
00001000010000111010111101101011100110010101000
00001000010001001100111101011001100111000101110
00001000010001000101010011110110111000111111110
00001000010000010010101111101000110110101001001
00001000010110000111000101111111010101111011110
00001000010000001001000100000001110011100110111
00001000010011111011010110010111100011000100100
00001000010001011001101110101101111010011100000
00001000010011101110110011101100101011011100111
00001000010001110000001100100110000001011000011
00001000010000111101010100101111001101110100000
00001000010100000010001001110111000101111100101
00001000010000100001101111101110111111011001010
00001000010000001111010011011100111001000001111
00001000010000011010000001100000111101110010000
00001000010000001110101000111011111100111111011
00001000010000000111001111011101011101000111101
00001000010000010000001101101001100001100101100
00001000010001011010011111110110111101010010111
00001000010100001100000000101100001011001001111
00001000010011000010101000110100100110101010100
00001000010000001011101111111110001100111101000
00001000010000010111001011000010011100111100111
00001000010001010000000010110001101111000100101
00001000010000110100011000100011111100010100001
00001000010011111110100001010000101010011111100
00001000010000010110101001011000110101100101110
00001000010001001010110100110100111101000110001
00001000010000000101011011011001011111011000011
00001000010100100010010111101001001011100100111
00001000010001110100010111101011101100111100100
00001000010001100011100110011101001011110110101
00001000010011000110111001111000011110111100111
00001000010011010110110101001100000011010111011
00001000010001001100000011011000010000000011110
00001000010001110011110101010010101011111001111
00001000010010100001000000000100011011000000010
00001000010101100010011001011101011001000000101
00001000010011101110010001101100110011000101101
00001000010011100000101011010001001101100011001
00001000010011101011010010100110111110111111111
00001000010000011100001101110010111001101001100
00001000010000011101110100011011101010111101100
00001000010000100110110010100110101000010110010
00001000010001100010101101000000011010000011100
00001000010000100100001101110000000101001110011
00001000010111111000100111011011010010101011010
00001000010000011100000111000011011011111101111
00001000010100010100011001000011001001010001000
00001000010010110100101100100001101011000010001
00001000010000001111010110101111110011111001000
00001000010001000000001100111000101100111100101
00001000010011101110001000011100111010010100101
00001000010000111101000101110000101011111011000
00001000010000101100111110111001101010001111110
00001000010011101000100011000000000011101101010
00001000010001000110010111100000011110110101110
00001000010000000010000111101001100110111101001
00001000010000011110001001100101111000101111101
00001000010000110110111111100011000100111010111
00001000010000111111111110011001011000111010100
00001000010000111010000111111000101011010001000
00001000010100111101101110011001000010100010010
00001000010000000011011000001111000011100000000
00001000010000100110011110111100010010010101011
00001000010000010001011100010110001001001010111
00001000010000111111011101001010001000101110011
00001000010100101101101010001011110110001111100
00001000010001001000001100000010110110110001101
00001000010000111100010010100010000011011000000
00001000010010011101011100101000101100100101110
00001000010000110011000110011100110001110000000
00001000010001101111101001110111101010001111001
00001000010001011111111110010111010111101001010
00001000010000111011110100110110001011000011010
00001000010000100011101001001000011010011000000
00001000010011000110011011101000101111101010110
00001000010001010100011110101110100001111001001
00001000010001101011011010010110011100110001010
00001000010010111011010001111010100110101010101
00001000010000100011000101001111011101001101100
00001000010000111011101011010100001101000000101
00001000010000011011010110010110101100011111110
00001000010000100101011011110000001101100001000
00001000010000110011101110111111001011011101101
00001000010001011000101101001011111100101111110
00001000010101110000010100100010001010101001010
00001000010000001110101111001010100110011000001
00001000011000100101000011110100101010001110000
00001000010000001111011011000000001000001000010
00001000010101111100111101001110110100011010111
00001000010111011100001110111101011110100101101
00001000010000010001010100001011111000110011010
00001000010000000010011100101000010011110111101
00001000010000101010111011011101100101001011001
00001000010001011101010101000000000011110111100
00001000010000111011011101111111110011001111101
00001000010000001110001000011010001111101000000
00001000010100010000010010100110001000011010100
00001000010010110011101010011111000100111011011
00001000010000100111110000001110110101110101011
00001000010001011010010110000011101001010011011
00001000010000101010010111101000010001111010010
00001000010001111101100110001011110001001000110
00001000010000010010001101011000110001000111011
00001000010000011001000001000111001010010010101
00001000010000001111100001101100110011101000010
00001000010001001100100101011011000101111110010
00001000010001101001101101011110111010011101110
00001000010000101010011000000100001010111010101
00001000010001011000001101010111111000011101001
00001000010010011000001100101111000110011111110
00001000010000011101110111001011001001111011111
00001000010001101100010111100110000110011000010
00001000010010000101001000001010010101110011011
00001000010000100010110111100111010011010111010
00001000010001000100001111001110101000001001001
00001000010000101100000101000111101010010111010
00001000010010110011110011111100000111110101111
00001000010001101100011111110111000011010011001
00001000011010100011001010011000011100010011101
00001000010011110001001010100100010000010001011
00001000010011010010100111001101001100011111011
00001000010011110100100101001010000110111100010
00001000010001111011100001010010001101100000100
00001000010000110001011111100100001110101110000
00001000010000010111100111110111111001101010101
00001000010000101110001110010111110011101111000
00001000010000100000100101100010110011011101101
00001000010000011010111011111011001000001110010
00001000010000101010111100111000110010110010100
00001000010000111110011011010011011000000101001
00001000010001010011101010110101100010100001100
00001000010000010110001100111101101111011110100
00001000010000001001111001001110011101101001101
00001000010000001010000011011000001110001110100
00001000010011001000101100001100010100000110001
00001000010000100010110000100100100011001010111
00001000010000101010000110011010111011111110101
00001000010000010000000011000110011111011110001
00001000010001100011100001000001000111100111100
00001000010001100101110111011111011001001011011
00001000010000010000101011001000001101011011000
00001000010011101111011011111010111010111101111
00001000010100111110011100011101100101001001000
00001000010010101001101011000100010111101010011
00001000010000000000101100000001100001001000000
00001000010001111111111101011101110101011111001
00001000010001110010011000001110111101001101000
00001000010000000000111101111101001011111101110
00001000010010111010101001111000110011100100000
00001000010000000110111101000011111101100001110
00001000010000001110100111010101111111001010011
00001000010010101001100100100100000001000110000
00001000010011101110110000011110101101110110010
00001000010010010110110011011100101000110001111
00001000010000011111110001101111010011101001100
00001000011000010100000011101100000000110110000
00001000010100000111111100110011010001011100110
00001000010100000011000101010100110000000110001
00001000010000100011110110000101010110010000111
00001000010000010011111100010001111111100100111
00001000010000001100011100011101110110000110111
00001000010000100111010111111001100111000011111
00001000010000001001110100011111110111111011101
00001000010001010100111011111000101000001000110
00001000010010101111110010100001011110010110011
00001000010000101010100010001010000001011010111
00001000010011010111101100110010000011001011100
00001000010011000101100001010011011100111100110
00001000010001110101001001001011111101011100011
00001000010001010101000010011110110011100011010
00001000010001000010001110110010010001000010100
00001000010001010001011110110100110110001110000
00001000010001010010011110110110111110000101111
00001000010001011000000011101111111101001100101
00001000010000000001000000110110000101101010100
00001000010001110101100000010101000010010001010
00001000010010101111000010111100110111011100001
00001000010010000001111100000001000000010101000
00001000010101000100101010100110110010111011010
00001000010100010000101001001000000101100000010
00001000010000101110100011001110000110001011010
00001000010101100100011000100111100000101011010
00001000010000001010101010011101110111000001010
00001000010010110111011110110010000111010101111
00001000010000011010101110101100000011110011101
00001000010011111011011001010111100100001110011
00001000010000001100111111000110001000111100100
00001000010000101110110111010000010101000100100
00001000010011010111111100000111101101010001100
00001000010011001001000000000100100000001000011
00001000010000110101111110111111011111110111011
00001000010000100100110000110010111011000100010
00001000010000000000110001011101010001001010111
00001000010001000100000010100110001101110000100
00001000010010111010100000011000001110001001011
00001000010000111000111100101000010111000111101
00001000010000100100101111100110101011111010111
00001000010000100101011100100000110101000010101
00001000010000100111001110100101110011111100001
00001000010010001011000000000110010110110110111
00001000010000100100000101000100011011110011010
00001000010000100001110111101010000000000010100
00001000010110010000101001110011000101011111110
00001000010000110110100101000010110011110100001
