00010000100000011010111010101011111111100011011
00010000100000110011101011011111001111010111011
00010000100000000101111011000100010000000111001
00010000100000000011100110100111101011110011100
00010000100001110110101011101010111111000111111
00010000100001011111111110011101000101111010101
00010000100000001011111001000011011010111111101
00010000100001001111111111001010001101100111100
00010000100001000110111100101000100111110011101
00010000100000010111101111110000011110001001001
00010000100000100000100111000101010100001001010
00010000100000011110111101111000010011110110111
00010000100010000001000000000001101010010001000
00010000100000010111101101010000000111001111001
00010000100000011100100001111110010100111010110
00010000100000010000010001000010100011111000100
00010000100001010001110111100010111100111110101
00010000100000011110011111111110101110100010011
00010000100010011110111110101000101111111101010
00010000100000010011001000001001110010000100001
00010000100000100001111101000100111001101111011
00010000100000111111111100110011111111111111010
00010000100000000111110011111110110111001101110
00010000100000010101100001000100000010011100010
00010000100001111110111110011110011001101111010
00010000100000100010010000000110100010001000000
00010000100001001010000100000101010001100010110
00010000100000101001000000011001001001000100010
00010000100000101011101101000001001001101000001
00010000100000010100111101111111100111011110111
00010000100000110111111111001111001110100110011
00010000100000011110111000111100100111110100011
00010000100000100000011001010100001100101000000
00010000100000100011000111000000100001011010001
00010000100000001100010111010011010011101011011
00010000100000000101010000101011010111101111010
00010000100000011110011110100101100011110110110
00010000100000001111111101101011101000011011111
00010000100000100111010001111011111101110001101
00010000100000011111110101101101101111011011000
00010000100000011011000011101111110101111111111
00010000100001101011100010110111000000001111101
00010000100000010110001101011111111000010110001
00010000100000011010001000010111110110001011110
00010000100001101101001001110001000010000100100
00010000100000010001000100010000100101000000000
00010000100010100011011111001101001100110111111
00010000100001010000101000010010000010001100100
00010000100001001101001100111011101111001111111
00010000100000011100010110011111001010101001110
00010000100000001110100000000000100000000000000
00010000100000001000101100100011111110011001111
00010000100000100111111111111111101100001000010
00010000100000100100011101011101111111011001101
00010000100000000101110010010101011010001111111
00010000100000101000010010000011100010001000010
00010000100000110001111000100011100001100001110
00010000100000000101110111010111011011011110111
00010000100000110111111011111101101010001101110
00010000100000010100001001101000101000110101010
00010000100000000011111100100011101001011010000
00010000100000011110010101111110101110111111011
00010000100000011000001010101110110000101110001
00010000100001010010001100000010100100101001100
00010000100001000011100000001001000000110000011
00010000100000011000100110010001100110000000010
00010000100000001101101011000110001111111101110
00010000100000011100110110011110100110111110010
00010000100000101111101011101110111111110111001
00010000100000011110010111111101111110111010011
00010000100000000111111111101101010001011001010
00010000100000001001000101110001100011100000101
00010000100000111001100110101011101111110100011
00010000100000000100000100001111000011000100000
00010000100011010000101000110011110110100010101
00010000100001111111100111010001111100110100101
00010000100010110011010111111001011000000010001
00010000100000110111010101111001001101011000110
00010000100010010001000000100111001010000010000
00010000100001011101000101000000010000001001101
00010000100000101000011100100101110000100100110
00010000100000011010100001100011000101011000111
00010000100000011011000111110111000000110101000
00010000100000010000000011011001110100010010101
00010000100000011010111001111100010110111000100
00010000100000011111111111111011110110111100011
00010000100000011110010101011010111100110011011
00010000100000100011110011001110100111011011010
00010000100000100000001001001101001011000111000
00010000100000010010011101110000010000001010101
00010000100000001111011111111011100000111111111
00010000100000101001110001110110100000100111011
00010000100000000101000001000000100001011000110
00010000100000001001101001010000000000010100010
00010000100000010100001010110110000000001001010
00010000100000000000001010000000000001111100101
00010000100001010010110000000000000001110000000
00010000100000000011111110010111000010100110000
00010000100000000111101001111111111001111111011
00010000100001110110000010000000101010110110101
00010000100000000001010000110110110111000100010
00010000100000101100101010001001101010110110010
00010000100001010000010101000010000111100111100
00010000100000101001010100100011000001001011000
00010000100001000011000101000011010011100011010
00010000100000010111111101010011110111010111111
00010000100000100011100000000010001010001101101
00010000100000101100110010010000001011010101010
00010000100001001000100100011011000001000110010
00010000100000110000111101111000010010010101100
00010000100000001101111100110011011111010111101
00010000100000101011110110011001011110101110011
00010000100000010101000110111111110001011111010
00010000100001010110001001100110001001110000010
00010000100000001111101111110101111101011110000
00010000100000001000001100100000010100011010110
00010000100000000010001000110100111100001000010
00010000100000001000000110001100000010000001000
00010000100000111111101011111101001011000011111
00010000100000001011101011110100110010011001000
00010000100000100000000001000010010100110000010
00010000100000010111110110000111111100011011100
00010000100000100111011001010111001000011110010
00010000100001001000000000000000001010001000001
00010000100000001100110100000000000000100010000
00010000100011110110111011011101111011101111110
00010000100000001100000110000000000000001000110
00010000100000011101111110000011100011100111110
00010000100000011111110111111101111111111000011
00010000100000001011111101100010100111111111000
00010000100000011001000000100000100100100000000
00010000100000101111101101111110110100100111011
00010000100000010111111001101000100110110000111
00010000100001001001111101100111110110111111001
00010000100000011011110100101011001010001111100
00010000100000001000010000011001000000111100000
00010000100000010101101111111111010110110111011
00010000100000011000000011100111111010001010001
00010000100000011010010111100010001011000000001
00010000100000110001110100110110100011111101010
00010000100000011111111110110011011111111010111
00010000100000001010000010011100110100100010011
00010000100000110011100000001000111001000000000
00010000100001000011000101110010101001010000011
00010000100000100101110100100100101000001011100
00010000100000011101100110100011101010001100011
00010000100000001111111010011000101010011111101
00010000100000000101111111100111101100011110111
00010000100000100110000110100100010101000000110
00010000100000001110000100101000110010000011101
00010000100000000000110010100000100000010100011
00010000100000001000100001000110110000100000100
00010000100000101101101110111110111110111110011
00010000100000000011000000010010010111010101000
00010000100000000111100001001111110111110111010
00010000100000110111010110101110101110010001111
00010000100000110100001000011001011101110111010
00010000100001111111100101111111110000001011001
00010000100000111001011001100100110011010111100
00010000100000010001000000010100000001101101110
00010000100000000010100011010001011000001010001
00010000100011001110101000111110110110111110111
00010000100000010000001101000110110100110101000
00010000100000010110001101001111010011111100001
00010000100000011011001010010110011110011100011
00010000100000011111111111010011111011010001010
00010000100000000010000111110010100010000010100
00010000100001001101101110010000000001010010011
00010000100010101110100111001011100000000100100
00010000100000000101000000011000100001000000010
00010000100000011000101111101000111000011100010
00010000100000000100110110110011101100001010100
00010000100000011100111011011111011111010111011
00010000100001101110101111111010111101001100111
00010000100000010011011101110011111111101111101
00010000100000010111010111111110101011101001110
00010000100000000111001111101101010100001100100
00010000100000000101010111111110100010101101111
00010000100001001010010000100000001110111001000
00010000100000111111101010100011111110010011100
00010000100100100000000000101101001100011000001
00010000100000101010110100101111000110110101011
00010000100000010001100000100000110000000001000
00010000100001001110110111001011110101010001100
00010000100001100110001001101111000001000000100
00010000100000101101101101110111100111111100000
00010000100000111100011001011101111000111011011
00010000100000100000011001101001100000000010001
00010000100000001100000001101000000000001000100
00010000100000111011010011001100001110010010001
00010000100000000001010001110010101110100111010
00010000100011010101001000000011110011111001100
00010000100001010001000000100001010010010101000
00010000100001011001001110010000010101001111100
00010000100000101111011100110100111100111000111
00010000100001011010011001010000000101000010100
00010000100010010000100100100111000010100001001
00010000100001100100011100011110101111111100111
00010000100001001001000100000000110111000010000
00010000100000010100110100100110101101000011011
00010000100000011110111011001011011110110111100
00010000100000010011110100001110010001000100010
00010000100000111111011101101111001011110111101
00010000100000111011111111100111011011100011001
00010000100001000111111011011011111001011111100
00010000100000011101101111011001110000100011111
00010000100001010100010110001110011100110011111
00010000100000000010010110011010110111011110010
00010000100000010110011111101111100001100011011
00010000100001001000001000011000000010000001010
00010000100000101101001011101010100011010100101
00010000100000000100001011000011110010000001100
00010000100000101011100000000101101001010110100
00010000100000001000111011001010001010001100010
00010000100000110110111011100110011100111011111
00010000100000010101111101111111100111111010011
00010000100000110101001110001010110100010001000
00010000100000010011110010110110011101011111010
00010000100000110110110000001010001010001000010
00010000100000100011111101001001001111101101111
00010000100001100111100011110101010110111111001
00010000100000100101001100000000010111111010010
00010000100000111000111110110101010011111100011
00010000100000111111101110010001001010000110111
00010000100010111011011110111101110001010011010
00010000100001000100000011001000010000010100101
00010000100000001101101100111110101001110111111
00010000100000110100111110110110110101000011111
00010000100000001110000000010000111000000000000
00010000100000010111111111100101101111111111000
00010000100000100001000001001111001000101010010
00010000100001011011010010001111000000110111111
00010000100001110101001001001010011011100001000
00010000100001001000010000000000000001011000000
00010000100000000100101010110000100101101110000
00010000100000010011011110000001110101111111110
00010000100000101010100110000000010000101010011
00010000100000100111110011101110011100011110101
00010000100000001100000110000101110101001100010
00010000100011011111011111001101101010111110111
00010000100000100011100110111110000110110101000
00010000100000011101111111011110011010111011110
00010000100000011000000010001000000000010000000
00010000100000010110111100010110110111011110010
00010000100001111101000010000001000000010010001
00010000100000000000000000100001000000010000000
00010000100000011010001100110010000010101100001
00010000100000100111011100111101111101011110101
00010000100000101011000001101101001101101000110
00010000100000100100000000000010011000110001000
00010000100000000000111001010110001001010001101
00010000100000010010000000000000000010001110010
00010000100000101010000100010000001111100001100
00010000100000011101101000110111001111000111011
00010000100000110001100100000101100010111010100
00010000100001101010000101000100100000011111101
00010000100000001110111001100111111110100111101
00010000100001011011110111100101011111001110011
00010000100000011111100000011110000101010101100
00010000100000100101011000001100100010111011000
00010000100101000101001101001100111010101111101
00010000100000100111110101111000111111100011100
00010000100000010011000000000000100100000000000
00010000100000011000000000110110000101000000010
00010000100000000011111111110111101001111010101
00010000100000011100101000101101110101011011110
00010000100000010110100100110011110111000011101
00010000100010000101001010100110110000001000100
00010000100000011111111111111011011111110110111
00010000100000010010010001001100010100101100000
00010000100010011111110000001001111001111011011
00010000100011001101010110001111001001100011010
00010000100000111001111111001101111100000001111
00010000100000101000111000000000100110000110000
00010000100000010111000100101000001011000001011
00010000100010110000100111100100101000110000000
00010000100000000110110111111110101110110011101
00010000100000010000101000100110001101011110000
00010000100001110101011101000000111000000000001
00010000100000011111011011011111010101101011111
00010000100000000011110010001011110111111101110
00010000100000100100001110000000010000010100000
00010000100000100011000011110100101111110101100
00010000100001100000101000000010011001011101010
00010000100000010110111000110100001100000001111
00010000100000000001101000111100001100000000110
00010000100010100100001111111110101011110110110
00010000100000011100010010011101111110100010101
00010000100001000110100100111100001101110111110
00010000100000001010001010000001001000000101001
00010000100000111000111000110000010010100000100
00010000100000011110111100111001101010011010011
00010000100000001001000001110001001000101000110
00010000100001001110101111110011011011101011110
00010000100001000111100011111110011111011110101
00010000100010010100001100000010011011001100110
00010000100000101010001110010101010010100100111
00010000100000100100010111111011101101010110001
00010000100000111110001111100101101101111101000
00010000100010110101111101111101111100011011100
00010000100000011111101111110111100111010001111
00010000100000011000011110111111011111111011110
00010000100000011001101110010101010110000011000
00010000100010101001000111011001001011001110001
00010000100000000100000000010000011000010100001
00010000100010101001000000010010101001101010111
00010000100000101001011101011101111101101101010
00010000100000011101111110001110010011100000100
00010000100000010110110010010111011101010110111
00010000100001000111000101100001110100100011101
00010000100000011000111100001001110011110111111
00010000100010011011011110010111100010110100010
00010000100000011101111100001100011110110111001
00010000100000010001000100000000000000100111000
00010000100000010010010100100010000001110000000
00010000100000001010101111010001111110001111101
00010000100000100010001101110111010111001000101
00010000100000101001111111011110111111011111010
00010000100000011111000111111110111001100001111
00010000100000101000100011000000101100110011000
00010000100000000100010111100000000010000010100
00010000100000001101010000000011100010001000000
00010000100001011111111011011011011111000101001
00010000100000011110011011111111110101111111101
00010000100001001100000100001100111010010001101
00010000100000100010111000100101100010100110100
00010000100000010111111110111111101000111101101
00010000100010011000111100111101101011000100001
00010000100000001011111101101100010010111010010
00010000100000100001000100000100000011101011110
00010000100000000001010100101101110110110000011
00010000100000011111110011101111001110011110010
00010000100000010000011010010111001000110001111
00010000100000000010001001100010100001100010000
00010000100000000010010101111100101111100100111
00010000100000001000100000100000101010001010010
00010000100000011110011001100010101000010101010
00010000100000000110100000101000111110111100101
00010000100000010110100001001100000011010011010
00010000100001001010000011001000000010000001000
00010000100010001111001000101110011100000110100
00010000100001000001100000000001010001010000010
00010000100000100010011001110100010001100100011
00010000100000101110011011101101111010000100101
00010000100001000000100010000001001100101001001
00010000100000110100100001000000001000000011000
00010000100001101100000010100100111100100101100
00010000100000010000001010111000010101000000000
00010000100000010000000100010001010111011011111
00010000100000100000010100000101001000100000100
00010000100000110111110010101111101010100010111
00010000100000011000100111011001011000101011110
00010000100000010100001000010100000001000011100
00010000100001110100011100000011000101100000001
00010000100010001011100010010110110100101111110
00010000100000101000101001000000001100000010110
00010000100010100101000111011100100100110101101
00010000100000101110000001011100011010110100101
00010000100000001111111111011111011001000111111
00010000100000011010000101000010010001000000001
00010000100011110111010100111111111101110011111
00010000100000011111111010011101000101011010011
00010000100000001011011010010110110001100010100
00010000100000011001110110111000010111110101101
00010000100000000000100010011000111001000101001
00010000100000001100001001100110101111100101110
00010000100000010000000110110000100100010001000
00010000100000011101101101001011011000101010010
00010000100001100101100111110010011111011110101
00010000100010010001111001010010100101110111110
00010000100000100000111000010010101000101010111
00010000100000010101011001011110001100111010110
00010000100010001101101001001101010110111111101
00010000100000101100001100000010110110010001101
00010000100000001011101101011110011100010111011
00010000100000000011000111110111111011111110011
00010000100000100101101001101111001110001111111
00010000100000001101111001101101101011010111111
00010000100000111011111110011101011111111001011
00010000100000001110100101001001100110110010101
00010000100011010010010110101111000101100101111
00010000100001011001111000010100111111010000011
00010000100000110001111010101000100010001010001
00010000100000001001011110000110111101010010010
00010000100000111011110011110000101001111111111
00010000100000101111111101101111011001001101101
00010000100001010010101011110100000101100100000
00010000100000101011110110011100111101011101111
00010000100000110111100110001111110110111110110
00010000100000000100010001001100110011100000010
00010000100000011100110101001111111100101101111
00010000100010010000010100000010001000101001010
00010000100000010111111111001011100101111100011
00010000100000100101000011110100001001001010000
00010000100001011110011001000001000100001000100
00010000100000100011000010010001000011000001001
00010000100000000011110001000110000001010010010
00010000100000011111101101111100000101001100111
00010000100000010110011010001010000011000111001
00010000100000000011111111010111100111101101011
00010000100001100110111101111011111100001100011
00010000100000010111111001011111100010001111100
00010000100000000011110111110101111110011110011
00010000100001010000010110000100001000011010101
00010000100000001100110101110101111001010000111
00010000100000010000011111011010001010000011110
00010000100000011110110011001111111001010011111
00010000100000000001010010001000010001100010010
00010000100000011111100111111011110111011001110
00010000100000011100110011111111011110111010111
00010000100000101001000001001111001000000010101
00010000100000000000000010010101001100101100101
00010000100001001000000101101011000000110100111
00010000100000001011101101111111111111111101011
00010000100000111101110111110010010001100101010
00010000100000011100000100100011110001011100000
00010000100000000110100011010001000001100000101
00010000100001010000000000100100000110000100100
00010000100000101110011111110111010100011101010
00010000100001011011110100010001100010101110000
00010000100001010011000000010000101010101001100
00010000100000011101110010010101011111111111111
00010000100010100100000101010101101110010110110
00010000100000010011010011101000010000101001111
00010000100000101111011110110110001001010001101
00010000100000011100110101100111100000001100010
00010000100000110001000101000100010011010100111
00010000100000001101001000110010110011100000001
00010000100001110100101101001110001110101000110
00010000100000011001100000010010011101100000110
00010000100001000111100001001011100000010001101
00010000100000000111101111110011101011101011101
00010000100000000000001010010101110011001111011
00010000100000001000000001100000010011001001100
00010000100001001010011110011111001100111110110
00010000100000111101000010000111000011110101010
00010000100000101001010100001101100111000000000
00010000100000110111100010110000100010100001100
00010000100000100110001100111111000111011111110
00010000100000011101111101010110111101101001110
00010000100000101101111100111111110011111001001
00010000100011010111001011111011101101111011111
00010000100000001110100101100000000010011010110
00010000100001100001000110000010000001001110111
00010000100000001100010011000000011000011110000
00010000100001011110011100111100111000111110010
00010000100000000111111111111111010001001011011
00010000100000010111110100111111110110110110111
00010000100000010000101000010100000100011010000
00010000100001111110011111010101100101111011110
00010000100000010110101000100011001000110001100
00010000100000010001111110000001000001100101010
00010000100100111101111111111011100101111111101
00010000100000110001000000001110111100001000100
00010000100001011001111101111111001001111001110
00010000100000011010001000100010100011000000000
00010000100000111011011101000011111111101101110
00010000100000011101111010010011111111011001011
00010000100000110110101011010110111010111001101
00010000100000001110111010111111101101110111000
00010000100001001000101110100010010111001000010
00010000100000101111111011001111110011111001111
00010000100000001011111100010010111111011011001
00010000100000011000000110001000001110100011000
00010000100000100011000001010110100000000000101
00010000100000110101111111111110001101101101010
00010000100000011000000011101011000000001000000
00010000100000111000111101111111110110000101111
00010000100000110000111000100000011000011100001
00010000100000011000111100101110110010110011100
00010000100000101111010110010101011111111111001
00010000100001010000100001001100000001101011100
00010000100000111011111101111101001010101111010
00010000100001010111111100111110101011001011101
00010000100000000101110100110111110101111111110
00010000100001001000110100110110001010100001100
00010000100000010011000110011110001011100011010
00010000100000000110011010110010010001010010100
00010000100000110101111110010100110010001110000
00010000100001001000010101001011000010011010000
00010000100000100011101110010000000010110011010
00010000100000001110111110101100100011010101111
00010000100001010110100000010111000011010010010
00010000100000010000010101110010000000010011010
00010000100000011111000010011110001111101010111
00010000100000111011010100000001011100000000111
00010000100000001111010010111111111000011011001
00010000100000111011011101110010111001110101001
00010000100000100100011000000011100100111110010
00010000100001001000010001010010011000110011101
00010000100000110111111111010010011010100100111
00010000100001010101010011010010101100011100100
00010000100000011011010001011110111101001110011
00010000100000111100111111110110100011110000110
00010000100000000111101111011101000110000100111
00010000100001010111101101001111000111000110111
00010000100000010110101111011111011111110011101
00010000100000011111111111111111011111111111011
00010000100000001000110000100010111011001100010
00010000100000010110100001011111010001001011111
00010000100000011111111001011011100100101111011
00010000100000011010010100011000001010001001000
00010000100000001111100111000011111100111001011
00010000100000001110101101100110001111111011111
00010000100000001011001100100000111100000011100
00010000100001010000110011000010111100000100110
00010000100000101010011000000110011101111110011
00010000100000010001101010101011110000011100101
00010000100001010101001000001101111111111101011
00010000100000010000101001100010000101011111110
00010000100000000001010110110111001100101011111
