001100111100001100111100001100111100001100111100001100001100001100111100001100001100111100001100001100111100111100111100001100111100111100111100001100001100111100111100111100111100001100111100
111100111100001100111100111100001100111100001100111100111100001100111100001100111100001100111100111100001100111100111100001100001100001100111100111100111100001100111100111100111100111100111100
111100111100001100111100001100111100001100111100111100111100111100001100001100111100001100111100001100001100001100111100111100001100111100001100001100001100111100111100111100001100111100111100
111100001100111100001100111100111100001100111100001100111100001100111100111100111100111100111100111100111100001100001100111100111100001100111100111100111100001100111100111100111100111100111100
001100001100111100001100111100111100111100111100111100001100001100001100111100111100001100111100001100111100111100001100111100001100001100111100111100111100111100111100111100111100001100001100
111100111100111100001100111100111100111100001100111100111100111100001100111100001100111100111100111100001100111100001100001100001100001100001100111100111100001100001100111100111100111100111100
001100111100111100111100111100111100001100111100001100001100111100111100001100001100111100001100111100111100001100111100111100111100001100111100001100111100111100001100111100001100111100111100
001100111100111100001100111100111100111100001100111100111100001100001100111100111100111100111100111100001100111100001100111100111100111100111100111100111100111100111100111100111100111100001100
111100001100111100111100001100001100001100111100111100111100111100111100001100001100111100001100001100111100001100111100111100111100001100001100111100001100001100111100111100111100001100111100
111100111100111100111100111100001100001100111100001100111100001100111100111100111100111100001100001100001100111100111100001100111100111100111100001100111100111100001100001100111100001100001100
001100001100001100111100111100001100111100001100111100001100111100001100001100001100111100111100001100111100111100111100111100111100111100001100111100111100111100111100001100111100001100001100
111100111100001100001100111100001100111100001100001100001100111100111100111100001100111100111100111100111100111100111100111100111100111100111100111100111100001100111100001100001100111100111100
001100001100111100111100111100111100111100111100001100111100111100001100111100111100111100001100111100001100111100001100111100111100001100111100111100111100001100111100111100111100001100111100
001100111100111100001100111100111100001100001100111100111100111100001100001100001100111100111100001100111100111100111100111100111100111100111100001100001100111100111100111100001100111100001100
111100001100001100001100111100111100001100111100111100001100111100111100111100111100001100111100111100111100111100111100111100111100111100111100111100111100001100111100111100111100001100111100
111100111100001100111100111100111100001100001100111100001100111100111100111100111100001100111100111100111100111100111100111100111100111100001100001100111100111100001100111100001100001100111100
001100111100111100001100111100111100001100111100111100111100111100111100111100001100001100111100001100111100111100001100001100001100111100111100001100111100111100111100001100111100111100111100
001100111100001100111100111100001100001100111100111100111100001100001100001100111100001100111100111100111100111100111100001100111100111100111100111100111100001100111100001100111100001100001100
111100111100111100111100111100001100111100001100001100111100111100111100111100111100111100111100001100001100001100111100111100001100111100111100111100111100111100111100111100111100111100111100
111100111100001100001100111100111100001100111100001100111100001100111100111100111100111100111100001100111100001100111100111100111100111100001100111100111100001100001100111100001100001100001100
001100111100111100001100111100111100111100111100001100111100111100111100001100111100001100111100001100001100111100111100001100001100001100111100001100111100001100001100001100111100001100111100
111100001100111100001100001100111100111100111100001100111100111100001100111100111100111100111100111100111100001100001100111100111100111100111100111100001100001100111100111100111100111100001100
111100111100001100111100001100111100111100001100001100111100111100111100111100001100001100001100001100001100001100111100111100111100001100111100111100111100001100111100001100111100111100001100
111100111100111100001100001100001100001100111100111100001100111100111100111100111100111100111100001100111100001100001100111100111100111100001100111100111100001100001100111100001100111100111100
001100111100111100111100001100111100111100111100111100111100111100001100001100001100001100001100001100001100111100001100111100001100111100111100111100111100111100111100111100111100001100111100
111100111100111100111100111100111100111100001100001100111100111100001100111100001100111100001100001100111100111100001100111100001100111100001100111100001100001100001100111100111100001100111100
001100111100111100111100111100111100111100111100111100001100001100111100001100111100111100001100111100111100001100111100111100111100001100111100111100111100111100111100111100111100111100111100
001100001100111100001100111100001100111100111100111100001100001100001100111100111100001100111100111100111100111100001100111100111100001100111100111100111100111100001100111100111100111100111100
001100111100111100001100111100001100111100001100111100001100001100111100111100111100111100111100111100001100111100111100111100111100111100001100001100111100001100111100111100111100001100001100
111100111100111100001100001100111100001100111100001100001100111100001100111100111100111100111100111100111100111100001100001100001100111100111100111100001100111100001100111100111100001100111100
001100001100001100111100001100001100111100111100111100001100111100111100111100111100111100111100111100001100111100111100001100001100111100001100111100111100111100001100001100111100111100001100
001100001100001100001100001100001100111100001100111100111100111100111100111100111100001100111100111100001100001100001100001100111100111100111100111100111100111100001100001100111100001100111100
001100001100111100001100111100001100111100111100001100111100111100111100001100001100111100111100001100001100001100001100001100111100111100111100111100111100001100111100111100111100001100001100
111100001100111100001100111100111100111100111100111100111100001100001100001100111100111100111100001100111100111100111100111100001100001100111100111100001100111100001100111100001100111100111100
001100111100001100001100111100001100001100001100001100111100111100001100111100001100111100001100111100111100001100111100111100111100111100111100001100111100111100001100111100111100001100111100
111100001100001100111100111100111100111100111100001100111100001100001100001100111100111100111100111100001100111100111100001100001100111100111100111100001100111100111100111100111100111100001100
111100111100001100111100111100111100111100001100001100111100111100111100111100001100111100111100001100001100111100111100111100001100001100111100111100001100111100111100111100111100001100111100
111100111100001100111100111100111100001100111100111100111100001100001100111100111100001100111100001100111100111100111100111100111100001100111100001100111100111100111100111100111100111100001100
001100001100111100111100111100111100111100111100111100001100111100111100111100111100111100111100111100111100111100111100111100001100001100111100111100111100111100001100111100001100111100001100
111100111100111100001100111100111100111100001100001100111100111100111100111100001100111100111100001100001100001100111100111100001100111100111100001100111100001100111100001100111100111100111100
111100111100111100001100111100111100001100111100111100001100001100111100111100111100111100001100111100111100111100001100001100111100111100111100111100111100111100111100001100001100111100001100
111100111100001100111100111100111100111100111100001100111100001100001100111100001100001100111100001100001100111100111100111100111100111100111100001100111100111100111100001100111100111100111100
111100111100111100111100001100001100111100111100111100001100111100111100111100111100001100111100111100001100001100001100001100111100111100111100001100001100001100111100001100111100111100111100
001100001100111100001100111100111100111100111100111100001100111100001100001100111100111100001100111100111100111100111100001100111100111100111100111100111100111100001100111100001100111100111100
111100111100001100001100111100111100111100111100111100111100111100111100001100111100111100001100001100001100111100001100111100001100111100111100111100001100111100111100001100111100001100111100
111100111100111100111100001100001100111100111100001100111100001100111100111100111100001100111100111100001100001100111100111100111100001100001100001100111100111100111100001100001100001100001100
001100111100111100111100111100111100001100001100111100111100111100001100111100001100111100111100001100111100111100111100111100001100001100111100111100001100111100111100001100001100111100001100
111100111100111100111100111100001100111100111100001100001100001100001100001100111100111100111100111100111100001100001100111100001100111100001100111100111100111100111100111100111100111100111100
111100111100001100111100111100111100001100001100111100111100111100111100111100001100001100111100001100001100001100111100111100001100001100001100111100111100111100111100111100001100111100001100
111100111100111100111100111100001100111100001100111100111100001100001100111100111100001100111100111100111100001100111100111100001100001100111100111100001100001100111100111100001100111100111100
001100111100111100001100001100111100111100111100001100001100111100111100111100001100001100001100001100001100111100001100111100001100111100001100111100111100111100111100001100111100111100001100
001100111100001100001100111100111100001100111100111100111100001100111100111100111100111100111100001100111100111100001100111100001100111100111100111100111100001100001100111100111100001100111100
001100111100111100111100111100001100001100111100001100111100111100001100111100001100111100111100001100111100111100001100001100111100111100111100111100111100001100111100001100111100001100111100
111100111100001100001100111100001100111100111100001100111100111100111100111100001100001100111100111100111100001100001100001100111100111100111100111100111100111100001100001100111100001100111100
001100001100111100001100111100001100111100111100001100001100001100001100111100111100001100001100001100111100111100111100001100001100111100111100111100001100111100111100111100001100111100001100
111100001100001100001100111100111100001100111100001100001100001100111100111100001100111100111100111100001100001100111100111100111100111100001100001100111100111100001100111100111100001100111100
111100111100111100001100001100111100111100111100111100111100111100001100111100001100111100111100111100001100001100111100111100001100111100001100111100001100111100111100001100001100111100111100
111100111100001100111100111100001100001100111100111100001100111100001100111100111100111100001100001100111100001100001100111100001100111100001100111100111100111100111100111100001100001100111100
111100111100111100001100111100111100001100001100111100001100001100111100001100001100001100111100111100111100111100111100111100111100001100111100111100001100111100111100001100111100111100111100
001100111100111100111100111100111100111100001100111100111100001100111100001100111100111100111100111100111100111100111100111100111100001100001100001100111100001100001100001100111100111100111100
001100001100111100001100001100111100111100001100111100111100001100001100001100111100001100111100001100001100001100001100111100111100111100001100001100111100001100111100001100001100001100111100
111100001100001100111100111100111100001100001100001100001100111100111100111100111100111100111100001100111100111100001100111100111100111100111100111100001100111100001100111100111100001100111100
001100111100111100001100111100001100111100001100111100111100111100111100111100111100111100111100001100001100111100001100111100111100001100001100001100111100111100111100001100001100001100111100
001100111100111100111100111100111100111100111100111100111100001100001100111100001100001100001100001100111100111100111100001100001100001100001100111100111100111100111100111100111100111100111100
111100111100111100001100111100111100001100001100111100111100111100001100001100111100001100111100001100111100001100111100111100111100001100111100001100001100111100001100111100111100111100111100
111100001100111100111100001100111100111100001100111100111100001100111100111100111100001100001100001100111100001100111100111100001100001100111100111100001100001100111100111100111100001100111100
111100111100111100001100111100111100111100111100111100111100001100111100111100111100111100111100001100111100111100111100111100111100001100001100001100111100111100001100111100001100111100001100
001100001100111100111100111100001100001100111100111100111100111100111100001100001100111100111100111100001100111100111100111100111100001100001100001100001100001100111100111100001100001100111100
001100001100111100001100111100001100001100111100001100111100111100111100111100111100111100001100001100001100111100111100111100001100111100001100111100111100111100001100111100111100001100001100
001100111100111100111100111100111100111100111100111100111100111100111100111100111100001100111100001100111100001100111100111100111100111100111100001100111100111100111100111100111100111100111100
111100001100111100111100001100001100111100111100111100111100111100001100001100111100111100111100111100111100001100001100111100111100001100111100001100001100111100111100111100111100001100111100
111100111100111100111100111100001100001100111100111100001100001100111100111100111100111100111100111100111100111100001100111100001100111100111100111100111100111100001100111100001100111100111100
001100111100001100001100111100001100111100111100111100001100001100111100111100111100111100001100001100001100111100111100001100111100111100001100111100001100001100111100111100001100111100001100
111100111100111100001100111100111100111100001100111100111100001100001100111100111100111100111100001100111100111100001100111100001100111100111100111100111100111100111100111100111100111100111100
111100111100111100001100111100001100001100001100111100001100111100001100111100001100001100001100111100001100001100111100001100001100111100001100001100111100001100111100001100111100111100111100
001100111100001100111100111100111100111100111100111100111100001100111100111100111100001100001100001100111100001100111100111100111100111100001100001100001100111100111100001100001100111100001100
111100111100111100001100111100001100111100001100001100001100111100001100001100001100111100001100111100001100001100111100111100111100111100111100111100111100001100111100111100001100111100111100
111100111100111100111100111100001100111100001100001100111100111100001100001100001100001100111100111100001100111100001100001100111100111100001100111100001100001100111100001100111100111100111100
001100001100111100111100111100111100111100111100001100111100111100111100111100111100001100001100111100111100111100111100111100001100111100111100111100111100111100001100001100001100111100001100
001100001100001100111100111100111100001100111100001100111100111100001100111100001100111100111100111100111100111100111100001100111100111100001100111100111100111100111100001100001100111100111100
001100111100111100111100111100001100001100111100001100111100001100001100111100001100111100111100001100001100111100001100001100001100001100111100001100111100111100111100001100111100001100001100
111100111100001100001100111100001100111100111100001100001100111100001100001100111100001100001100111100111100111100111100001100111100001100001100001100111100111100001100001100001100111100111100
111100001100111100001100001100001100001100111100111100111100001100111100111100001100111100001100001100001100001100001100111100111100001100001100111100111100001100111100111100001100111100111100
111100111100001100111100111100001100001100001100001100001100001100111100111100111100001100111100111100001100001100001100111100001100111100111100001100111100001100111100111100111100111100111100
111100111100001100001100111100001100111100111100001100001100111100111100111100001100001100111100111100111100111100001100111100111100001100111100001100111100111100001100111100111100001100001100
111100001100111100001100001100111100111100001100111100111100001100111100111100001100111100111100111100111100111100111100111100001100001100111100111100111100111100111100111100111100001100001100
111100111100001100111100001100111100001100111100001100111100111100001100001100001100111100111100001100111100001100001100111100111100001100111100111100111100111100111100111100111100111100001100
001100111100111100001100111100001100111100001100001100111100001100111100001100111100111100111100111100111100111100111100111100111100001100111100001100111100111100111100001100111100111100001100
111100001100111100001100111100111100001100001100001100001100111100001100111100111100111100111100111100001100111100111100111100111100111100111100001100111100111100001100111100001100001100111100
001100001100001100001100001100001100111100111100001100111100111100001100111100001100111100111100001100111100001100111100111100111100111100001100001100111100001100111100111100001100111100001100
111100001100111100111100001100001100111100111100111100001100111100001100111100001100111100111100111100111100111100111100111100001100001100001100111100111100001100111100001100111100111100001100
111100001100111100111100111100111100001100001100111100111100001100111100111100001100111100001100001100111100111100111100111100111100001100111100111100111100111100001100111100001100111100111100
111100111100111100111100111100111100111100111100001100111100111100111100001100111100111100111100111100001100111100001100111100001100111100111100111100111100111100111100111100001100111100111100
001100111100001100111100001100001100111100111100111100111100001100001100111100111100111100001100111100001100001100001100111100111100111100111100001100111100111100111100111100111100111100111100
111100111100111100001100111100001100111100001100001100001100111100111100001100111100111100001100111100111100111100111100111100111100111100111100001100111100001100001100001100001100001100001100
111100001100111100111100001100111100111100001100001100111100001100111100111100111100001100001100001100111100111100001100001100111100001100111100111100001100001100111100111100001100001100111100
111100111100111100001100111100111100001100001100111100111100111100111100001100111100111100111100001100111100111100111100111100111100001100001100111100001100111100111100111100111100111100001100
001100001100111100111100111100111100111100111100111100111100001100111100111100001100111100111100111100111100111100111100111100001100111100111100001100111100111100111100111100111100111100111100
111100111100001100111100111100111100111100001100001100111100111100001100111100111100001100111100001100111100111100001100001100111100001100111100111100111100111100001100001100111100001100111100
111100111100111100111100111100111100111100111100111100001100001100001100111100001100001100111100001100111100001100001100111100001100111100111100111100001100111100111100001100111100111100111100
001100111100111100001100001100001100111100001100001100111100111100001100111100111100001100111100001100001100111100111100111100111100111100111100001100111100111100001100001100001100001100001100
111100111100111100111100111100001100001100111100111100111100111100111100111100111100001100001100001100001100111100111100111100001100001100111100111100111100111100001100001100001100111100111100
111100001100111100001100001100111100001100111100111100111100111100001100001100001100111100111100001100001100111100111100001100111100001100111100001100111100111100111100111100111100111100001100
001100111100111100001100001100111100111100001100111100001100111100111100111100001100001100001100001100001100111100001100111100111100111100001100111100111100111100111100111100001100111100001100
001100001100111100111100111100001100111100111100001100111100111100111100111100111100001100001100111100111100111100111100111100001100111100111100111100001100111100001100111100001100111100111100
001100111100001100111100111100001100111100111100111100001100001100111100001100111100111100001100111100111100001100001100111100001100111100111100001100111100001100001100111100111100001100111100
111100111100001100001100001100111100001100111100111100001100111100111100001100111100111100001100111100111100001100111100001100111100111100111100001100001100111100111100111100111100001100111100
001100001100111100001100111100111100001100111100001100111100111100001100111100111100111100001100111100001100111100111100111100111100111100111100001100111100001100111100111100111100001100001100
111100001100001100001100001100111100111100001100001100111100111100111100111100001100001100001100001100111100001100001100111100111100111100111100111100001100001100111100111100001100111100111100
111100111100111100111100111100001100001100001100001100001100111100111100001100001100111100001100111100111100111100111100001100001100001100111100111100111100111100111100111100001100001100111100
111100111100001100001100001100111100111100001100111100111100111100111100111100001100001100001100111100111100001100111100111100001100001100001100111100111100001100111100001100111100001100111100
001100111100111100111100111100001100001100111100001100001100001100001100111100111100111100001100001100111100111100111100111100111100001100001100111100111100001100001100111100001100111100111100
001100001100001100111100001100111100001100111100111100001100001100001100111100001100001100111100001100111100111100111100111100001100001100001100111100001100111100001100001100111100111100001100
001100001100111100001100111100111100001100111100111100111100111100111100001100111100001100111100111100001100001100001100111100001100001100111100111100111100111100111100111100111100111100111100
111100001100001100111100111100001100111100111100111100111100001100111100001100111100111100111100111100111100001100111100111100111100111100111100001100111100111100111100001100111100111100111100
111100111100111100111100111100001100111100001100111100001100111100001100111100001100111100111100111100001100111100111100001100111100111100111100111100111100001100001100111100111100001100111100
001100111100111100111100111100111100001100111100001100111100111100001100001100111100001100111100111100001100111100111100111100111100111100111100111100001100111100111100111100001100001100111100
001100001100001100111100001100111100111100111100111100111100001100001100001100111100111100111100001100001100111100001100111100111100001100001100111100001100111100111100111100111100111100111100
111100001100111100001100001100001100001100111100001100111100001100001100001100001100111100001100001100001100111100001100001100001100001100111100111100111100001100111100111100001100001100111100
111100001100111100111100001100111100111100111100001100001100001100111100111100001100001100001100111100111100111100111100111100111100111100111100111100001100111100111100111100111100001100111100
001100001100001100001100001100001100111100001100111100001100111100111100111100111100001100111100001100111100111100111100111100001100111100111100111100111100001100111100111100111100001100111100
111100001100111100111100111100111100001100111100001100001100111100001100001100111100111100001100111100111100001100111100111100111100111100001100111100001100111100001100111100111100001100111100
001100001100111100001100111100001100111100111100111100111100111100111100111100111100001100001100001100111100111100111100001100111100111100111100111100111100001100111100111100111100111100111100
111100111100001100111100111100111100111100111100111100001100001100111100111100001100111100001100111100111100001100001100111100001100111100001100001100001100111100111100111100111100111100001100
111100111100001100111100111100111100111100111100001100001100001100111100001100001100001100111100001100001100111100111100111100001100111100111100111100111100111100111100111100111100111100111100
111100001100001100111100111100111100111100001100111100001100111100111100111100111100111100111100111100111100111100111100001100111100111100111100111100001100111100001100111100111100111100001100
111100111100111100001100111100001100001100111100001100111100001100111100111100111100111100111100111100001100111100001100111100001100111100111100111100001100001100001100111100111100111100111100
001100001100001100001100111100001100001100111100111100001100111100111100111100001100001100001100111100111100111100111100111100001100111100111100001100111100001100111100111100001100001100111100
001100001100111100111100111100111100111100001100111100111100111100111100111100111100001100111100001100111100111100001100111100001100111100111100111100001100001100111100001100111100111100111100
111100111100111100001100111100001100111100111100111100001100001100111100111100111100111100001100111100111100111100111100111100111100111100111100001100001100111100001100111100111100111100111100
111100111100001100111100001100111100111100111100111100111100111100111100111100111100111100111100111100111100111100001100111100111100111100001100111100001100111100111100111100001100001100001100
111100111100111100001100001100001100111100001100001100111100111100111100001100111100111100111100111100111100001100111100111100111100111100111100111100001100111100001100111100111100111100111100
111100001100111100111100111100111100001100001100001100001100111100111100111100111100111100111100111100001100001100001100111100001100111100111100111100001100111100111100001100111100001100001100
001100111100001100001100111100001100111100111100001100111100111100001100111100001100001100111100111100111100001100111100001100111100111100111100111100001100001100001100111100111100001100111100
001100111100111100001100111100111100001100111100111100111100111100111100111100001100111100111100001100111100001100111100111100111100001100001100111100111100111100111100001100111100111100111100
111100111100111100111100111100001100111100111100111100111100111100111100001100111100001100111100111100111100001100001100111100111100001100001100001100001100111100001100001100001100001100111100
111100001100111100111100001100111100001100111100111100111100111100111100001100001100111100001100111100111100111100111100001100111100111100111100001100111100111100001100111100111100111100111100
111100001100001100111100111100111100111100111100111100111100111100001100111100111100111100111100111100111100111100001100001100001100111100111100111100001100111100001100001100111100111100111100
111100001100111100001100111100111100001100111100001100111100111100001100001100111100001100111100111100111100001100001100111100111100001100111100111100111100111100111100111100001100111100111100
001100111100111100001100111100111100111100111100111100111100001100001100001100111100111100001100001100111100111100111100111100111100111100001100111100001100111100001100001100001100111100111100
111100001100111100111100001100111100111100001100001100001100001100001100111100001100111100111100111100001100111100111100111100001100001100111100111100111100111100001100111100111100001100001100
111100111100001100111100111100001100111100001100111100001100111100001100111100111100001100001100001100111100111100111100111100111100111100111100001100111100111100111100001100111100111100001100
111100111100111100001100001100001100111100001100111100111100001100001100111100111100001100001100111100111100111100111100001100111100001100111100111100111100001100111100111100001100111100001100
001100111100001100001100001100111100001100001100111100111100001100001100111100111100111100111100111100111100001100111100111100111100111100001100111100111100111100111100111100001100111100111100
111100001100001100111100111100001100001100001100111100001100111100001100111100111100001100111100111100111100111100111100111100111100001100111100001100111100111100001100111100001100111100111100
001100111100001100001100001100001100111100111100111100111100001100111100001100001100111100001100001100001100111100111100111100111100111100111100001100111100001100111100111100001100001100111100
001100001100111100111100001100111100001100111100001100001100111100111100111100001100111100001100001100111100111100111100001100111100111100001100111100111100001100111100001100111100111100111100
111100111100111100111100111100001100001100111100111100001100111100001100111100111100001100001100111100001100001100111100001100001100111100001100001100111100111100111100001100111100001100001100
111100111100001100111100001100111100111100111100111100111100001100111100111100111100111100001100111100111100111100111100111100111100111100111100111100001100001100001100111100111100111100111100
001100111100111100001100001100111100111100001100111100001100111100111100111100111100001100001100001100111100111100111100111100111100111100001100111100111100111100111100111100111100111100111100
111100001100111100001100111100111100111100001100111100001100111100001100001100111100111100111100111100111100001100111100111100001100111100001100111100001100111100001100001100111100001100111100
001100111100111100111100111100001100111100111100111100001100111100001100111100111100111100001100111100111100111100111100001100111100111100111100111100111100111100111100111100111100111100001100
001100111100111100111100001100111100111100001100001100001100001100111100001100111100111100111100111100111100111100001100111100111100111100111100111100111100111100111100001100111100111100111100
111100111100111100111100111100001100001100001100001100001100111100111100001100111100111100111100001100111100111100001100001100111100111100111100111100111100111100111100111100111100111100111100
111100001100001100001100111100001100001100111100111100001100111100111100111100001100111100111100111100001100001100001100111100001100111100111100111100111100111100001100001100001100001100111100
001100111100111100001100111100001100111100111100111100001100111100111100001100111100001100111100111100111100111100111100001100111100111100111100001100001100001100111100111100111100001100111100
001100111100111100111100111100111100001100001100001100111100111100001100111100111100111100111100001100111100111100001100111100111100111100111100111100111100111100111100001100111100001100111100
111100111100001100111100001100001100001100001100111100001100111100111100111100111100111100111100111100111100001100111100001100111100001100111100001100111100001100111100111100111100001100111100
111100111100111100111100111100111100001100111100111100111100111100001100111100111100111100111100001100001100111100111100111100111100111100111100111100001100001100111100111100111100001100111100
001100111100111100111100001100001100111100001100001100111100111100001100111100111100111100001100001100001100001100111100001100111100111100111100001100111100111100111100111100111100001100001100
111100111100001100111100111100001100001100111100001100111100111100111100111100111100001100111100001100111100111100111100111100111100001100111100001100111100111100111100001100001100001100111100
111100001100111100001100111100111100111100111100001100111100111100001100111100001100111100111100111100111100111100001100111100001100111100111100001100001100111100111100001100111100111100111100
111100111100001100001100001100001100001100111100001100111100111100111100001100111100111100111100111100001100111100111100111100111100111100001100001100001100111100001100001100111100001100111100
001100001100111100111100111100111100111100111100111100001100111100111100001100111100001100001100111100111100111100111100001100111100111100001100001100111100111100001100111100001100111100001100
111100001100111100001100001100001100111100001100111100111100001100111100001100111100001100001100001100001100001100111100111100001100111100111100111100111100111100111100001100111100111100111100
001100111100111100111100111100001100001100111100111100111100001100001100001100111100111100111100001100111100001100001100111100001100111100111100001100111100001100111100001100001100001100001100
001100001100111100111100111100111100001100111100001100001100111100001100111100111100111100001100111100001100111100111100001100001100111100001100111100001100001100001100111100111100001100001100
001100001100001100001100111100111100001100111100001100111100001100111100111100001100111100111100111100111100001100111100111100001100111100111100111100111100111100111100001100001100001100111100
111100001100001100001100001100111100111100111100111100111100001100111100111100111100111100001100111100111100001100111100111100001100001100001100111100111100111100111100111100111100111100111100
001100111100001100111100001100111100111100001100111100111100001100111100001100001100111100111100111100001100001100111100111100111100111100111100111100111100111100001100111100111100001100111100
001100111100001100111100111100001100111100001100111100111100111100111100111100111100111100001100001100111100111100001100001100111100111100111100111100111100111100111100111100001100001100111100
001100001100111100001100111100001100111100111100111100001100111100001100001100001100001100001100111100111100001100111100001100111100111100001100111100111100001100111100111100001100111100001100
111100111100111100111100111100111100111100111100111100111100111100111100111100111100111100111100001100111100111100001100111100111100111100111100001100111100111100001100111100001100111100111100
001100111100111100001100001100111100111100001100001100001100111100111100001100111100111100111100111100111100111100001100111100001100001100001100111100001100001100111100111100111100001100111100
111100111100111100001100001100001100111100001100001100111100001100001100111100111100001100111100111100111100111100001100001100001100111100001100111100001100111100111100111100111100111100001100
111100001100111100111100111100001100111100111100111100001100111100111100111100111100111100001100111100001100001100111100111100001100111100001100111100001100111100001100001100111100111100111100
111100111100111100111100111100111100111100111100111100001100111100111100001100111100001100111100001100111100111100001100001100111100111100111100111100111100111100111100111100111100111100001100
001100111100111100001100111100001100111100111100111100111100001100111100111100111100111100111100111100001100111100111100001100001100111100111100111100111100111100001100111100111100111100111100
111100111100001100111100001100001100001100001100001100111100111100111100111100111100111100111100001100111100111100001100001100001100001100111100001100111100001100001100111100111100111100111100
111100001100001100111100001100111100111100001100111100111100111100001100111100111100001100111100111100001100001100111100111100111100111100111100111100111100111100111100111100111100001100001100
111100111100111100111100001100111100111100111100001100111100111100001100001100001100111100001100001100111100001100001100001100111100001100111100111100111100001100001100111100111100111100111100
111100001100111100001100001100001100111100111100001100111100001100111100111100111100111100111100111100001100111100001100111100111100001100111100111100111100111100111100111100111100001100001100
001100001100001100111100111100111100001100111100001100001100111100001100111100001100111100111100111100111100001100111100111100111100111100111100001100111100001100111100111100001100111100001100
111100001100001100111100111100111100111100001100001100111100001100111100001100001100111100111100111100111100111100111100001100001100001100111100111100001100001100001100111100111100001100111100
111100001100111100111100111100111100111100001100001100111100111100111100111100001100111100001100111100111100111100111100111100111100111100111100111100001100111100001100111100111100111100001100
111100111100001100111100111100001100111100111100111100111100111100111100111100001100111100111100001100001100111100111100111100001100111100111100111100001100111100001100111100001100111100111100
111100001100111100111100111100001100001100001100111100111100111100001100111100111100111100111100111100111100001100111100111100001100111100111100111100001100111100111100111100111100111100001100
111100111100001100111100111100111100111100111100111100111100111100001100001100001100111100111100111100001100111100111100111100111100001100111100001100001100111100111100111100111100111100111100
111100111100111100001100111100111100001100001100111100001100111100111100111100111100111100111100111100001100001100111100001100111100111100001100111100111100001100111100111100111100111100111100
111100001100111100111100111100111100111100111100001100111100111100111100001100001100001100111100111100001100111100001100111100001100111100111100111100111100001100111100001100001100111100111100
111100111100001100001100111100111100111100111100001100111100111100111100111100001100111100111100111100111100111100111100111100111100111100111100111100111100111100111100001100001100001100001100
111100111100111100001100111100111100111100001100001100001100001100111100111100111100001100001100111100111100111100001100111100111100111100111100111100001100111100111100001100001100111100001100
111100001100111100001100111100111100111100111100111100001100001100001100111100001100001100001100001100001100001100111100111100111100001100111100111100111100111100001100111100111100111100001100
001100001100111100111100111100001100111100111100111100001100111100111100111100001100111100111100111100001100111100001100001100111100111100001100111100111100111100111100111100001100001100111100
001100001100111100111100001100001100111100111100111100111100001100111100111100111100111100001100111100111100111100111100111100111100001100111100111100111100111100001100111100001100111100111100
111100001100111100111100111100001100001100111100111100111100001100001100001100001100111100111100111100111100111100111100001100111100111100111100001100001100001100001100111100111100111100111100
111100111100111100111100001100111100001100111100111100111100001100111100001100111100111100111100111100001100111100001100001100001100001100111100111100111100001100001100001100111100001100111100
111100111100111100001100001100111100111100111100111100111100001100111100111100111100111100111100111100111100001100111100001100111100001100001100001100111100111100001100001100111100001100001100
111100001100001100001100111100001100111100001100001100111100001100001100001100111100001100111100001100001100001100111100111100111100111100111100111100111100111100111100111100111100111100111100
001100001100001100001100001100001100111100111100111100111100111100111100111100111100111100001100111100001100111100001100111100001100001100111100001100111100111100111100111100001100001100111100
001100001100111100001100111100001100111100111100111100111100001100111100111100001100111100001100111100111100111100001100111100001100111100001100111100111100001100001100001100111100111100001100
111100111100111100111100111100001100111100111100001100111100001100001100111100111100001100001100001100001100111100001100111100111100111100111100111100001100001100111100111100001100001100001100
111100001100001100001100111100111100111100111100111100001100111100111100111100001100001100001100111100001100001100001100111100111100001100111100111100111100111100001100001100111100111100001100
111100111100001100001100111100001100111100111100001100111100001100001100111100001100111100111100111100111100111100111100001100111100111100001100001100001100111100001100111100111100111100001100
001100001100001100111100111100111100001100001100111100111100001100001100111100111100111100111100001100111100001100111100111100111100111100111100111100001100111100111100111100111100111100111100
111100001100001100111100111100001100111100001100111100001100111100111100111100111100111100001100111100001100001100111100111100111100111100001100111100111100111100111100111100001100111100111100
001100001100111100111100111100001100111100001100001100111100111100001100001100111100111100001100111100111100001100001100111100001100111100111100111100111100111100001100111100001100001100001100
001100001100001100111100001100001100001100111100111100111100111100111100001100001100111100111100111100001100111100111100001100111100111100111100111100001100111100111100111100001100111100111100
111100111100001100111100111100111100111100111100111100111100111100111100111100111100111100111100001100111100111100111100001100111100111100111100111100111100111100111100111100111100111100001100
001100001100111100001100111100111100001100111100111100001100111100001100111100001100111100001100111100111100001100001100111100111100111100111100001100111100111100001100111100111100001100111100
111100001100111100111100111100111100001100111100001100111100001100111100001100001100111100001100111100111100111100111100111100111100111100001100111100111100111100111100001100001100001100001100
111100111100001100111100001100111100111100001100111100001100111100001100111100111100001100111100111100111100111100111100111100111100111100111100001100111100001100111100001100111100111100001100
111100111100001100001100001100111100111100001100111100111100001100001100111100111100001100111100111100001100111100111100111100111100111100111100111100111100111100111100111100111100001100111100
111100111100111100111100111100111100111100001100001100111100001100111100111100001100111100111100001100001100001100111100111100111100001100111100111100001100001100111100111100111100111100001100
111100111100111100111100111100111100111100001100111100111100001100111100111100001100001100111100111100111100001100111100001100111100111100001100111100111100001100001100111100001100111100111100
111100111100111100001100001100001100111100111100111100001100111100111100111100001100111100111100111100111100111100111100111100001100001100111100111100001100111100111100111100111100001100001100
111100001100111100111100111100111100001100111100111100001100111100001100111100111100001100001100001100111100111100111100111100111100001100111100111100111100001100001100111100111100001100001100
001100001100111100111100111100111100111100111100001100111100001100111100111100111100111100111100001100001100111100001100111100111100001100111100001100001100001100001100111100111100001100111100
001100111100001100111100111100001100111100111100001100111100001100111100111100111100111100111100001100111100001100111100001100001100001100001100001100111100111100111100111100111100001100001100
111100001100001100111100111100001100111100001100001100001100001100111100111100001100111100001100111100001100001100111100001100001100001100111100111100111100111100111100001100111100111100111100
111100111100111100001100111100111100001100111100111100001100111100001100111100001100111100111100111100111100111100001100111100111100111100001100111100111100111100111100001100111100111100001100
001100111100001100001100111100111100111100111100111100111100111100111100001100111100111100001100111100111100111100111100111100111100001100111100111100111100001100001100001100001100111100111100
111100111100001100111100111100111100001100111100111100111100001100111100001100001100001100111100111100111100111100001100111100001100111100111100111100111100111100111100001100001100111100111100
111100001100001100111100111100111100111100001100111100111100001100001100001100001100111100111100111100111100001100111100111100111100111100001100001100001100111100111100111100111100111100111100
001100111100001100001100111100111100111100111100111100111100111100001100111100111100111100111100111100001100001100001100111100001100001100111100111100111100001100111100001100111100111100111100
111100111100111100001100001100001100001100001100111100111100001100111100111100001100001100111100111100001100001100001100001100111100111100001100111100001100111100001100001100111100001100111100
111100111100001100001100111100111100001100111100001100111100001100001100111100111100111100111100111100111100111100111100111100111100111100111100111100111100001100111100001100111100111100001100
001100001100111100111100111100001100111100111100001100111100111100111100001100111100001100111100001100111100111100111100111100111100111100111100001100111100111100111100111100001100001100111100
001100111100001100001100111100111100001100001100111100001100111100001100111100111100111100001100111100111100111100111100001100001100111100111100001100111100001100001100111100111100001100111100
001100111100111100111100111100111100111100001100111100111100111100111100111100111100111100111100001100001100111100111100001100001100001100111100111100111100111100001100111100111100001100001100
001100111100001100111100111100111100001100111100111100111100111100111100001100001100001100001100001100111100111100001100111100111100111100111100111100111100111100111100001100111100111100111100
111100001100111100111100001100111100001100001100111100001100111100111100111100111100111100001100111100001100001100111100111100111100001100111100001100001100111100111100111100111100001100001100
111100001100001100111100111100111100001100111100001100001100001100111100111100001100001100111100111100111100001100111100111100111100111100111100001100111100001100111100001100111100111100001100
111100111100111100001100111100111100111100001100111100001100111100001100001100001100111100001100001100001100111100001100001100001100001100111100111100111100001100111100001100111100111100111100
001100111100001100111100001100001100001100111100001100001100001100001100111100111100111100001100111100001100111100001100111100001100001100111100001100111100001100111100111100001100111100111100
111100111100111100111100001100111100111100111100001100001100111100111100111100001100111100111100111100111100001100001100111100001100111100111100111100111100111100111100111100111100001100001100
001100001100001100111100001100001100111100001100001100111100001100111100111100111100111100001100001100111100111100001100111100111100111100111100111100001100111100111100001100001100111100111100
111100001100111100111100111100111100001100111100001100111100111100111100111100001100111100001100111100001100111100001100001100111100111100111100111100111100111100111100111100111100001100111100
111100111100111100111100001100001100111100111100111100111100111100001100111100111100001100111100111100111100001100001100111100001100111100111100111100111100111100111100001100111100111100111100
111100111100111100111100001100111100111100111100111100111100001100111100001100001100111100001100001100001100111100111100111100111100111100111100001100111100001100001100001100001100111100001100
111100111100001100001100111100111100001100001100111100111100001100111100001100001100111100111100111100001100111100111100111100001100001100001100001100111100111100111100001100001100001100111100
001100111100001100111100111100111100001100111100001100111100111100001100111100111100001100001100111100111100111100001100111100111100001100111100001100111100111100111100111100111100111100001100
111100001100001100111100001100111100001100111100111100111100111100111100111100111100111100111100111100001100001100111100111100001100111100001100111100111100111100001100001100001100001100111100
001100111100111100111100111100111100111100001100001100001100111100001100111100001100111100111100001100111100111100111100111100111100111100001100001100111100111100111100111100111100111100001100
111100111100001100111100111100111100001100111100111100111100001100111100001100111100001100111100111100001100111100111100001100111100111100111100111100001100111100111100111100111100111100001100
111100111100111100111100111100001100111100111100111100001100111100111100111100001100001100111100111100001100111100001100001100111100111100001100111100111100111100111100111100111100111100111100
001100001100111100111100001100001100111100001100111100111100001100111100111100111100001100111100001100001100111100001100111100111100111100111100001100111100111100111100111100111100001100111100
001100111100111100111100001100001100111100111100111100001100111100111100111100111100111100001100111100111100111100111100111100111100001100111100111100111100111100001100111100001100111100111100
111100111100111100001100111100001100111100111100001100001100001100111100111100001100111100111100001100111100001100001100001100111100001100111100001100001100001100111100111100111100001100111100
111100111100001100111100001100111100001100001100111100111100111100001100001100111100111100001100111100001100111100111100111100001100001100111100001100111100111100001100111100111100111100111100
111100111100001100111100001100111100001100111100111100111100001100111100001100111100001100111100111100111100111100111100111100111100111100001100001100111100111100001100111100001100001100001100
001100111100111100111100111100111100111100111100111100111100111100001100111100111100111100001100111100111100111100001100111100111100111100001100001100111100001100111100111100111100111100111100
001100111100001100111100111100111100001100111100111100001100111100001100111100111100001100001100001100111100111100111100111100111100001100001100111100001100001100111100111100001100001100001100
001100111100001100001100001100111100111100001100111100111100001100001100111100111100001100111100001100111100111100001100111100111100001100111100111100111100111100001100111100111100001100111100
111100111100111100111100001100001100111100111100111100111100001100111100111100111100001100111100111100111100001100001100111100001100111100001100001100111100001100001100001100111100001100001100
111100111100001100111100111100001100001100001100001100001100111100001100001100001100001100111100001100111100001100001100111100001100001100001100111100111100111100111100001100001100111100111100
001100111100001100111100111100111100111100001100111100111100111100111100111100111100111100111100001100001100111100111100111100001100001100111100001100001100001100001100111100001100001100111100
001100111100001100111100111100111100111100111100111100111100001100111100001100111100111100111100001100111100001100111100001100001100001100001100001100111100111100111100001100001100111100001100
001100111100111100111100111100111100001100111100111100111100001100111100111100111100111100001100001100111100111100111100001100111100111100001100001100001100111100111100001100111100001100111100
001100111100111100111100001100111100111100001100111100001100001100111100001100111100111100111100001100111100001100001100001100001100111100111100111100001100111100111100001100111100001100001100
001100001100111100111100111100001100111100111100001100001100111100111100111100001100001100001100001100001100111100111100001100111100111100111100001100111100001100111100001100111100001100001100
001100001100111100111100001100111100111100111100111100111100111100111100111100111100001100001100111100111100111100001100111100111100111100001100111100111100111100001100001100001100111100111100
111100111100001100111100111100111100111100111100001100001100001100001100111100111100111100111100111100001100001100111100111100001100111100001100001100111100111100111100111100111100111100001100
111100001100111100111100111100111100111100111100111100001100111100111100111100001100001100111100111100111100001100111100001100001100001100001100111100111100111100001100111100001100111100111100
001100111100001100111100111100001100001100111100111100111100001100111100111100001100111100001100111100001100111100111100111100111100111100111100111100111100111100111100111100001100111100111100
111100001100111100111100111100001100111100111100111100111100001100111100001100111100111100111100001100111100111100111100111100111100111100111100001100001100111100001100111100001100111100111100
001100001100111100111100111100111100001100111100111100001100111100111100111100001100111100111100111100111100111100111100111100001100111100111100001100111100111100111100111100001100111100111100
001100111100111100111100111100001100111100111100001100111100111100001100111100111100111100111100111100111100111100111100111100111100111100001100111100111100111100111100001100111100001100001100
111100111100001100111100111100001100111100001100111100111100111100001100001100111100111100111100001100111100111100001100001100111100111100111100001100001100001100111100111100001100111100001100
111100001100111100001100111100001100001100111100111100111100111100111100001100111100111100111100001100111100111100111100111100111100001100001100111100111100001100001100111100001100111100111100
111100111100001100111100111100111100001100111100001100111100001100111100111100111100111100111100111100111100001100111100001100111100111100001100111100111100111100111100001100001100111100001100
001100111100001100001100111100001100111100111100111100111100001100001100111100111100111100111100111100001100111100111100001100111100001100111100111100001100111100001100111100001100111100111100
111100001100111100001100001100111100111100111100111100111100001100111100001100111100111100111100111100111100001100111100111100111100001100001100111100111100001100111100111100111100001100001100
111100111100111100111100111100111100001100111100111100111100111100111100111100001100001100111100111100111100111100111100111100111100001100111100111100001100111100111100111100111100111100111100
111100111100001100111100001100111100111100001100111100111100001100001100111100111100001100001100001100111100111100111100111100111100001100001100111100001100111100111100001100111100111100111100
001100111100001100001100111100111100001100111100001100111100111100111100111100111100001100111100001100111100111100001100111100001100111100111100111100111100001100111100111100111100001100111100
001100111100001100001100001100111100001100001100111100001100111100111100001100111100001100001100111100111100111100111100111100001100001100001100111100001100111100111100111100111100111100001100
001100001100111100111100111100111100111100111100111100001100111100001100001100111100111100001100001100111100111100111100111100001100001100001100111100111100111100111100111100111100001100111100
111100111100001100111100111100111100111100111100111100111100111100111100001100111100111100001100111100001100111100111100111100111100001100111100001100111100001100111100001100001100001100111100
001100001100111100001100111100001100001100001100111100001100001100111100111100111100001100111100001100001100111100111100111100001100111100111100111100111100111100111100001100001100111100111100
111100111100111100001100111100111100111100001100001100111100111100111100111100111100111100111100111100001100001100001100001100001100001100111100111100111100111100001100001100111100001100111100
111100111100001100111100111100111100111100111100111100001100001100001100001100111100001100111100001100111100001100111100001100111100001100111100111100111100001100001100001100111100111100111100
111100111100111100111100001100001100001100001100111100111100001100001100001100111100111100111100111100001100001100111100001100111100001100111100001100111100111100001100111100111100111100111100
001100111100111100001100111100111100111100001100001100111100111100111100111100001100001100111100111100001100001100111100111100111100001100111100001100001100001100111100111100111100001100111100
111100001100111100001100111100001100111100111100111100111100001100111100111100111100111100111100111100111100001100001100111100001100001100001100111100111100001100111100111100111100001100111100
001100001100111100001100111100111100001100111100111100111100111100001100111100111100111100111100001100001100111100001100111100001100111100001100001100111100111100111100111100001100001100111100
111100001100001100001100111100001100001100001100111100001100001100111100001100001100001100001100111100111100111100001100111100111100111100111100111100111100001100111100111100111100001100111100
111100001100111100111100111100111100111100111100111100111100111100111100001100111100111100111100111100001100001100111100111100001100111100111100001100001100111100001100111100001100001100111100
111100111100001100111100111100111100111100111100111100001100111100001100111100111100111100111100111100001100111100111100111100001100111100111100111100001100111100111100111100111100111100001100
001100111100111100001100111100001100001100111100001100001100111100111100111100111100111100111100111100111100111100001100111100111100111100111100001100111100001100001100111100001100001100111100
111100111100001100111100111100001100111100111100111100111100001100001100001100001100001100111100111100111100111100001100111100111100111100111100001100001100001100001100001100111100111100001100
111100001100111100001100111100001100111100111100001100111100111100111100111100111100111100111100001100111100111100111100001100111100001100001100111100111100001100111100111100001100111100111100
111100111100111100001100111100111100001100001100111100111100001100111100111100001100111100001100111100111100001100111100111100111100111100111100001100111100111100001100001100111100111100111100
001100111100111100001100111100111100111100001100001100001100111100111100111100001100111100111100111100001100111100001100111100111100001100111100001100111100111100001100111100001100001100111100
111100111100001100001100111100001100111100111100111100111100001100111100111100111100111100111100111100111100111100111100111100111100111100111100111100001100111100001100001100111100111100001100
111100111100001100111100001100111100111100001100111100001100111100111100111100001100111100001100111100001100111100001100111100111100001100111100111100111100111100111100111100111100111100111100
111100111100111100111100001100111100111100001100111100111100001100001100001100111100001100001100001100001100001100111100111100111100001100111100111100111100111100001100111100111100111100111100
111100111100001100111100001100111100001100111100001100001100111100111100001100111100111100111100111100111100111100111100111100111100001100111100001100001100111100111100111100111100001100001100
11110000110011110011110000110011110000110011110011110011110000110011110011110000110011110011110000110011110011110011110011110010001100111100001100111100001100001100111100111100001100111100111100111100111100111100111100111100111100111100001100111100001100001100111100111100111100111100001100001100
111100001100111100111100001100111100001100111100111100111100001100111100111100001100111100111100001100111100111100111100111100111100111100001100001100111100001100001100111100001100001100111100
111100111100001100111100111100001100111100001100001100111100111100111100001100111100111100111100111100111100001100111100111100001100111100111100111100111100111100111100111100001100001100111100
001100111100111100001100111100111100001100111100001100111100111100111100111100001100001100111100111100001100111100111100001100111100111100111100111100111100001100111100111100111100111100001100
111100111100001100001100111100111100001100001100111100111100111100001100111100001100001100111100111100111100111100001100111100001100111100111100111100001100001100111100111100111100001100111100
001100111100001100111100111100111100111100001100111100111100111100111100111100001100111100001100001100111100111100001100001100111100111100111100111100111100001100001100111100001100111100001100
001100111100111100111100001100111100111100111100001100001100111100111100001100001100111100111100001100111100001100111100111100001100111100111100001100001100001100001100111100111100001100111100
111100001100111100001100001100001100001100111100111100111100001100111100111100111100001100111100111100001100111100001100111100111100001100111100001100001100111100001100111100001100001100111100
001100111100111100001100001100001100111100111100001100001100111100111100111100001100111100111100111100001100111100111100001100111100001100001100111100111100111100111100111100001100111100111100
001100001100001100001100111100111100001100001100111100001100111100111100111100001100111100001100001100001100001100111100111100111100111100001100001100111100001100111100111100001100001100001100
001100111100001100111100111100001100111100001100111100111100111100001100111100111100001100111100111100111100111100001100001100001100111100001100001100111100111100111100111100111100111100001100
111100111100111100001100111100001100111100001100111100111100111100111100001100001100001100111100111100001100001100001100001100001100111100111100111100001100001100111100001100001100001100001100
111100001100111100001100111100001100001100001100001100001100111100001100001100111100001100001100111100001100111100001100001100111100111100111100111100111100001100111100111100001100001100001100
001100111100001100111100111100111100111100001100111100111100001100111100111100111100111100111100001100111100111100111100111100111100111100111100001100111100111100001100001100001100111100111100
111100111100001100001100111100001100111100111100111100111100001100001100111100001100111100111100111100111100111100001100111100111100001100111100001100111100111100111100111100001100111100001100
111100111100111100001100111100111100111100001100001100001100111100001100111100001100001100111100111100111100111100111100111100001100111100001100001100111100001100001100111100111100111100001100
111100111100001100001100111100111100111100111100001100111100001100001100111100111100001100111100001100111100001100001100111100001100111100111100111100111100111100001100111100111100001100111100
001100001100111100001100111100111100001100111100001100111100111100111100111100001100111100111100111100111100001100001100111100111100001100111100111100111100111100001100111100111100001100111100
1100001100111100001100001100001100111100111100111100111100111100001100
111100001100001100111100111100111100111100111100111100001100001100111100001100001100001100001100001100111100001100111100111100111100001100111100001100111100111100111100111100111100001100111100
001100001100001100111100111100111100111100111100111100001100001100111100111100111100111100111100111100001100001100111100111100001100111100001100111100111100111100111100001100001100001100001100
111100111100111100111100001100001100001100111100111100111100111100001100111100001100111100001100111100001100111100111100111100001100001100111100111100111100111100111100001100001100111100111100
001100001100111100111100111100111100001100111100111100111100111100111100111100111100111100111100111100001100001100111100111100111100111100001100001100111100001100111100111100111100001100001100
001100111100111100001100111100111100111100111100001100111100111100001100111100111100001100111100001100111100111100111100111100001100111100001100111100111100111100111100111100111100111100001100
001100001100001100111100001100111100111100001100111100111100001100111100111100111100111100001100001100001100111100111100111100001100111100001100111100001100001100111100001100001100001100111100
001100001100001100111100001100111100111100111100001100111100001100111100111100111100111100001100111100111100111100111100001100111100111100111100001100111100001100001100001100111100111100001100
111100001100111100001100111100001100001100111100001100001100111100111100001100001100111100001100111100001100001100111100111100111100111100001100111100111100111100001100001100111100111100111100
001100111100111100001100111100111100001100111100111100001100001100111100111100111100111100111100111100001100111100111100111100111100111100111100001100001100111100111100001100111100111100001100
111100111100111100111100001100111100111100111100001100001100111100111100111100111100001100111100111100111100111100111100001100111100111100111100111100111100111100001100111100111100111100111100
111100001100111100111100001100111100001100001100111100001100111100111100111100111100001100001100001100001100111100111100111100001100111100111100111100001100001100111100111100111100001100111100
001100001100111100111100111100111100111100111100111100001100001100111100111100001100111100111100111100001100001100111100111100111100111100001100001100111100111100111100111100111100001100111100
111100111100001100001100111100111100001100001100001100111100111100001100111100111100001100111100001100111100001100111100111100001100001100111100001100001100111100001100111100001100001100111100
111100111100001100111100001100001100001100111100111100111100111100111100001100111100001100111100111100111100111100001100001100001100001100111100001100001100111100001100111100111100111100111100
001100001100111100111100111100111100001100111100001100001100111100001100111100001100111100001100111100001100001100001100111100001100111100111100111100111100001100001100111100111100001100111100
001100001100001100111100001100111100111100001100111100111100111100111100001100001100111100111100111100111100111100111100111100001100111100111100111100001100111100111100111100111100001100111100
001100111100111100111100111100111100111100111100111100111100111100111100111100001100001100001100001100111100111100111100111100001100001100111100111100111100111100111100111100001100111100001100
001100001100111100001100111100001100001100111100111100111100111100111100001100001100111100001100111100001100111100111100001100001100111100111100111100001100001100001100001100111100111100001100
111100111100001100111100111100111100111100111100111100001100111100111100111100111100001100001100001100001100001100111100111100111100001100111100111100111100001100111100111100111100111100111100
111100111100001100111100111100111100001100111100001100111100111100111100111100111100001100111100111100111100111100001100111100111100111100001100111100111100111100111100111100111100111100111100
001100111100111100001100001100111100111100111100001100111100111100111100111100111100111100001100001100111100001100111100001100001100001100111100001100001100111100111100111100001100001100111100
001100001100111100111100111100111100111100111100001100001100001100001100111100001100111100111100111100001100111100001100111100111100111100001100111100111100111100111100111100111100001100111100
001100111100001100111100001100001100001100001100111100111100001100001100111100001100111100111100111100001100111100001100111100001100001100111100111100111100111100111100111100111100111100111100
111100111100111100111100001100111100111100111100111100001100111100001100111100111100111100001100111100111100111100111100111100001100111100111100111100111100111100001100001100111100001100001100
001100111100001100111100111100111100111100001100111100001100001100111100111100111100111100001100111100001100001100111100111100111100111100111100111100111100111100001100111100111100001100001100
111100111100001100111100111100111100111100001100111100001100001100111100111100111100111100111100001100111100111100001100111100111100111100001100111100001100111100001100111100001100001100001100
001100111100111100111100001100111100111100111100001100111100111100111100001100111100111100111100111100111100111100001100001100111100111100001100111100111100111100111100001100111100001100111100
001100001100111100111100111100001100001100111100111100111100001100111100111100001100111100111100111100111100111100111100111100111100111100111100111100001100111100001100111100001100111100001100
001100111100001100111100001100111100001100111100001100001100111100001100001100111100111100111100111100111100111100111100111100111100111100111100111100111100001100111100001100111100111100111100
001100111100111100001100111100111100111100111100111100111100111100001100001100001100111100111100111100001100001100001100001100001100111100111100001100001100111100111100111100001100111100001100
111100111100111100001100001100111100111100111100111100001100001100001100001100001100001100111100111100111100001100111100111100111100111100111100111100111100111100111100001100111100111100111100
001100111100111100001100111100111100111100111100111100111100111100111100001100001100111100111100111100001100111100001100111100001100111100111100111100111100001100111100111100111100111100111100
001100111100001100111100001100111100111100111100111100111100111100001100111100111100111100111100001100001100111100111100111100111100111100001100111100001100111100001100111100111100001100001100
111100001100111100001100111100001100001100111100111100111100111100111100001100111100001100001100111100001100111100111100001100111100111100111100001100111100111100111100001100001100111100001100
111100111100111100111100111100001100111100001100001100001100001100111100111100111100001100111100111100001100001100001100111100001100111100111100111100111100111100111100001100111100111100001100
111100001100111100111100111100111100001100001100111100111100111100111100001100111100001100001100111100111100111100111100111100111100001100001100001100001100111100111100001100111100001100111100
111100111100111100111100111100111100111100001100111100001100111100001100001100001100001100001100111100001100001100111100001100111100111100001100111100001100001100001100111100111100111100111100
111100001100111100001100001100001100001100001100111100111100111100111100111100001100111100001100111100001100001100001100111100001100111100001100111100111100111100111100111100001100001100001100
001100111100111100111100001100001100111100001100111100111100111100001100001100111100001100111100001100111100001100111100111100111100001100111100111100001100001100111100111100111100001100111100
001100111100001100001100001100001100001100111100111100001100111100111100001100001100001100111100111100001100111100001100111100001100111100111100111100111100001100111100111100111100111100001100
111100111100111100001100001100001100111100001100001100111100111100111100111100111100111100111100111100111100111100111100111100001100111100111100111100111100111100111100111100111100001100001100
001100001100001100111100111100001100111100001100001100001100111100001100001100001100111100111100001100001100001100001100111100111100111100111100001100001100111100001100111100111100111100111100
111100111100001100001100111100111100111100111100111100001100111100001100111100001100111100111100111100111100111100001100111100111100111100111100001100111100001100001100111100111100111100001100
111100111100001100111100111100111100111100111100111100001100111100111100111100111100001100001100111100111100111100111100001100111100111100111100111100001100001100001100111100111100111100111100
111100111100111100111100111100001100001100111100001100001100111100001100111100001100111100111100001100111100111100001100111100001100111100001100111100111100111100001100111100111100111100111100
001100111100111100001100111100111100001100111100111100111100111100111100111100111100001100001100111100001100111100111100111100111100111100001100111100111100001100111100001100111100001100111100
111100111100111100001100111100001100111100111100111100111100001100111100001100111100111100001100111100001100111100111100111100001100001100111100111100001100111100111100111100111100111100111100
111100111100111100001100111100001100001100111100001100111100001100001100111100001100001100001100111100001100111100001100111100111100111100001100001100111100111100111100111100001100111100111100
111100001100001100111100111100111100001100111100001100111100111100111100001100111100001100001100001100111100111100001100001100111100111100001100111100001100111100111100001100111100111100111100
001100001100001100001100111100111100111100001100001100111100001100001100001100111100111100001100111100111100001100111100111100001100111100111100111100111100111100111100111100111100111100111100
111100111100001100111100001100001100111100001100001100001100001100111100111100111100111100001100111100001100111100111100111100111100111100111100001100111100001100111100111100111100001100111100
111100001100001100111100001100001100111100111100111100111100001100001100111100111100001100001100111100111100111100001100001100001100001100111100001100111100111100001100111100111100111100111100
111100111100111100111100111100111100111100001100111100111100111100001100111100111100111100001100111100111100001100111100111100111100111100111100111100111100001100111100001100001100001100001100
001100111100001100001100111100111100111100001100111100111100111100111100001100001100111100001100001100001100111100001100111100111100111100111100001100111100111100111100001100111100111100111100
001100111100001100001100111100111100001100111100001100111100111100111100111100111100001100111100111100111100001100111100111100111100111100111100111100111100001100111100001100001100111100111100
111100111100111100001100111100111100001100111100001100111100111100001100001100001100001100111100111100001100111100111100111100111100111100111100111100111100111100111100111100111100001100111100
111100111100111100111100001100111100111100111100111100111100001100111100001100001100111100111100001100001100001100111100111100001100001100111100111100111100111100001100001100111100111100001100
111100111100111100001100111100001100001100111100111100001100111100111100111100111100001100111100001100001100001100111100111100111100111100001100111100111100111100111100001100001100111100001100
001100001100111100001100111100001100001100111100111100111100111100001100111100111100111100111100001100111100111100111100001100001100001100001100111100111100001100001100111100111100111100111100
001100001100111100001100111100111100001100001100111100111100001100001100001100111100001100111100111100001100111100111100111100111100001100111100111100111100111100111100111100001100001100111100
111100111100001100001100001100111100111100111100111100111100111100111100001100111100111100001100111100001100111100111100111100111100111100111100111100111100001100001100111100001100001100001100
111100111100111100111100111100001100001100001100001100111100111100111100001100111100111100001100111100001100111100111100001100111100001100001100001100111100111100111100111100111100001100111100
111100111100111100111100001100001100111100111100001100111100111100111100111100111100001100111100111100001100001100111100111100111100111100001100111100111100111100111100001100001100001100111100
111100001100001100111100001100111100001100001100111100111100001100111100111100001100001100001100111100111100111100001100111100001100111100001100001100111100111100111100111100001100001100111100
001100111100111100111100111100111100111100001100111100111100111100111100111100111100111100001100111100111100111100001100111100111100111100001100111100111100111100111100001100111100001100111100
111100001100111100111100001100111100111100111100111100001100001100001100001100001100111100001100111100111100001100111100001100001100001100001100001100111100111100111100111100111100001100111100
111100111100111100001100001100001100001100111100001100001100111100111100001100111100111100111100111100111100001100001100111100111100111100001100001100001100111100111100111100111100111100001100
111100001100001100111100111100111100001100001100111100001100111100111100111100001100111100111100001100111100001100001100111100001100111100111100001100001100111100001100111100111100001100001100
001100111100111100111100001100001100001100111100001100001100111100001100001100111100001100111100111100111100001100001100111100111100111100111100001100111100111100111100001100001100111100111100
111100001100111100111100001100111100111100111100001100001100111100001100001100111100111100001100001100001100001100111100111100111100111100001100001100111100001100111100001100111100111100111100
111100111100001100111100111100111100111100001100001100001100111100111100111100001100001100111100001100001100001100111100111100001100001100111100111100001100001100111100001100001100001100111100
111100111100111100001100111100001100111100001100001100111100111100001100001100111100111100001100111100111100111100001100111100001100111100111100001100111100001100111100111100001100001100111100
111100111100111100001100001100001100111100001100001100001100111100001100111100001100111100111100111100111100111100111100001100111100001100111100111100111100111100001100111100111100001100001100
111100111100111100111100111100111100111100111100111100001100001100111100111100111100001100111100001100001100001100111100111100111100111100111100111100111100111100111100001100111100111100111100
111100111100001100111100111100111100111100001100111100111100001100001100111100111100111100111100111100001100111100111100111100111100001100111100111100111100111100001100111100001100001100001100
111100111100111100001100111100001100111100111100111100001100111100001100111100111100111100111100111100111100111100111100001100001100001100111100111100001100111100001100111100111100001100001100
111100001100111100001100111100111100111100001100111100001100001100001100001100111100001100111100001100001100111100001100001100001100111100111100111100111100001100111100111100001100111100111100
111100111100001100001100001100001100111100111100001100001100001100111100111100001100001100111100111100111100001100001100001100111100001100111100111100001100111100111100001100111100111100111100
111100111100111100111100111100111100111100111100001100001100001100111100001100111100111100001100111100001100001100111100001100001100111100111100001100111100001100001100111100111100001100111100
111100111100001100001100001100001100001100001100001100111100001100111100001100001100001100111100001100111100111100001100001100001100111100001100111100001100001100111100111100111100111100001100
111100111100111100111100111100111100111100111100111100111100001100111100111100111100111100111100001100111100001100111100111100111100001100001100111100111100111100111100111100001100111100111100
111100111100001100111100111100111100111100111100111100111100111100001100001100001100111100001100111100001100111100111100111100111100111100001100111100111100001100111100111100001100111100111100
001100001100111100111100001100111100111100111100111100111100001100111100111100111100001100111100001100111100111100111100111100111100111100111100111100111100001100001100111100111100111100111100
001100111100001100111100111100001100001100111100111100001100001100001100001100001100111100001100111100001100001100111100111100111100111100001100111100001100001100001100111100111100111100111100
111100111100111100001100001100001100111100001100111100111100111100001100111100001100001100001100001100111100111100001100001100001100111100001100001100111100111100001100001100111100001100001100
001100001100111100111100111100111100111100001100111100111100001100001100001100111100111100111100001100001100001100111100001100111100111100001100111100111100001100111100001100001100111100111100
111100001100111100111100111100001100111100001100001100111100001100111100001100001100111100111100001100111100001100111100001100001100111100001100111100111100111100001100111100001100001100111100
001100001100001100111100111100111100001100111100111100111100111100111100111100001100111100001100111100001100001100001100111100111100111100111100111100001100001100001100111100111100111100111100
001100001100111100111100001100001100111100111100111100001100111100001100111100111100111100001100111100001100111100111100001100111100111100111100001100001100111100111100111100111100001100111100
111100111100111100111100001100111100001100111100001100111100111100111100001100001100111100001100001100001100111100111100001100001100111100001100111100111100111100001100111100001100111100111100
111100001100111100111100111100001100111100111100111100111100111100111100111100111100001100001100111100111100111100001100111100001100111100001100111100001100111100111100001100001100111100111100
001100111100111100001100111100111100111100001100001100111100111100111100001100111100111100001100111100001100001100111100111100111100001100111100111100111100001100001100111100111100111100111100
111100111100111100111100111100001100111100111100111100001100001100111100111100111100111100111100111100111100111100001100111100001100111100111100111100001100001100111100111100001100111100111100
111100001100111100111100001100111100111100111100111100111100111100001100111100111100111100001100111100111100001100001100111100001100001100111100001100111100001100001100111100001100111100111100
001100111100111100111100001100111100111100111100001100001100001100001100001100001100111100111100111100001100111100001100001100001100001100001100111100001100111100111100111100111100111100111100
111100111100111100111100111100111100111100111100111100001100001100001100111100111100001100111100111100111100111100111100111100111100001100001100111100111100111100111100111100001100001100001100
111100111100111100111100111100111100001100001100111100111100001100111100111100111100111100111100001100111100111100111100001100111100001100111100111100001100111100001100111100001100111100111100
111100111100111100111100111100111100001100111100111100111100111100001100111100111100111100111100111100001100111100111100001100111100001100001100111100001100111100111100001100111100111100001100
001100111100001100111100001100001100111100111100001100001100111100111100111100001100001100111100111100001100111100001100111100111100111100111100111100111100111100111100111100111100001100111100
111100001100111100001100001100001100111100111100111100111100001100111100111100111100001100111100111100001100111100111100001100111100001100111100111100001100001100001100001100111100111100111100
111100111100111100111100001100111100111100111100111100001100001100111100111100111100111100111100001100001100001100001100111100001100111100001100111100001100111100001100111100111100111100111100
001100001100001100111100001100001100111100001100001100001100001100111100001100111100111100001100111100001100111100001100111100111100111100001100001100001100001100111100111100111100001100111100
111100111100111100111100111100001100111100111100111100111100111100001100111100111100111100111100001100001100111100001100001100111100001100111100111100001100001100001100001100001100001100001100
111100111100111100111100111100111100111100111100111100111100111100111100111100111100111100111100111100001100111100111100001100111100111100111100001100001100001100111100001100001100111100111100
111100111100111100001100111100001100111100001100111100001100001100111100111100111100111100111100001100111100111100111100111100111100111100111100111100001100111100111100111100111100001100001100
001100111100001100111100111100111100001100111100001100111100001100111100111100001100111100001100111100001100111100001100111100111100111100111100001100111100111100001100001100001100111100111100
001100001100111100111100111100111100111100111100001100111100111100001100001100111100001100001100111100001100111100001100111100111100111100111100111100001100111100111100111100001100001100111100
001100001100001100111100111100111100111100001100001100111100001100001100111100001100111100111100111100111100001100001100111100001100001100111100111100111100111100001100111100111100111100111100
111100001100111100111100111100001100001100001100111100001100001100111100111100001100111100001100111100111100111100111100001100111100111100001100111100001100111100001100111100001100111100111100
00110000110000110011110011110011110011110011110011110000110011110011110000110011110000110011110011110000110011110011110011110000111100111100111100111100111100111100111100111100111100111100111100111100111100111100111100111100111100
111100111100111100111100111100111100111100111100111100111100111100111100111100111100111100111100111100111100111100111100111100111100111100111100001100111100111100001100111100111100111100111100
111100111100111100111100111100111100111100111100111100111100111100111100111100111100111100111100001100111100111100111100111100111100111100111100111100111100111100111100111100111100001100111100
111100111100111100111100111100111100111100111100111100111100111100111100111100111100111100111100111100111100111100111100111100111100111100111100111100111100111100111100111100111100001100111100
111100001100111100111100111100111100111100111100111100111100111100111100111100111100111100111100111100111100001100111100111100111100111100111100111100111100111100111100111100111100111100111100
111100111100111100111100111100111100111100111100111100111100111100111100111100111100111100111100111100111100111100111100111100111100111100111100111100111100111100111100111100111100111100111100
111100111100111100111100111100111100111100111100111100111100111100111100111100111100111100111100111100111100111100111100111100111100111100111100111100001100111100111100111100111100111100001100
111100111100111100111100111100111100111100111100111100111100111100111100111100111100111100111100111100111100111100111100111100111100111100111100001100111100111100111100111100111100111100111100
111100111100111100111100001100111100111100111100111100111100111100111100111100111100111100111100111100111100111100111100111100111100111100111100111100111100111100111100111100111100111100111100
111100111100001100111100111100111100111100001100111100111100001100111100111100111100111100111100111100111100111100111100111100111100111100111100111100111100111100111100111100111100111100111100
111100111100111100111100111100111100111100111100111100001100111100111100111100111100111100111100001100111100111100111100111100111100111100111100111100111100111100111100111100111100111100111100
111100111100111100111100111100111100111100111100111100111100111100111100111100111100111100111100111100111100111100111100111100111100111100111100001100111100111100111100111100111100001100111100
111100111100111100111100111100111100111100111100001100111100111100111100111100111100111100111100111100111100001100111100111100111100001100111100111100111100111100111100111100111100111100111100
111100001100111100111100111100111100111100111100111100111100111100001100111100111100111100111100111100111100111100111100001100111100111100111100111100111100111100111100111100111100111100111100
111100111100111100111100111100111100111100111100111100111100111100111100111100111100111100111100111100111100111100111100111100111100111100111100111100111100111100111100111100111100001100111100
111100111100111100111100111100111100111100111100111100111100111100111100111100111100111100111100111100111100111100111100111100111100111100111100111100111100111100111100111100111100111100111100
111100111100111100111100111100111100111100111100111100111100111100111100111100111100111100111100111100111100111100111100111100111100111100111100111100111100111100111100111100111100111100111100
111100111100001100111100111100111100111100001100111100111100111100111100111100111100111100111100111100111100111100111100111100111100111100111100111100111100111100111100111100111100111100111100
111100111100111100111100111100111100111100111100111100111100111100111100111100111100111100111100111100111100111100111100111100111100111100111100111100111100111100111100111100111100111100111100
111100111100111100111100111100111100111100111100111100111100111100111100111100001100111100111100111100111100001100001100111100111100111100111100111100111100111100111100111100111100111100111100
00111100111100001100111100111100111100111100001100111100001100001100001100111100001100001100001100001100111100001100111100111100111100
001100111100111100001100111100111100111100111100111100001100111100111100111100001100111100111100111100001100111100111100111100001100001100111100111100111100001100111100111100001100001100111100
111100001100001100001100001100001100001100111100001100111100001100111100111100111100111100111100111100111100111100001100111100111100001100111100111100111100001100001100001100111100111100001100
111100111100001100111100001100001100001100001100111100111100111100001100001100111100111100111100111100111100111100111100001100111100111100111100111100001100111100111100001100001100001100111100
001100111100111100111100111100111100001100001100111100001100001100001100111100001100001100001100001100111100001100111100111100001100001100001100001100001100001100111100001100111100001100111100
001100111100001100001100111100001100111100111100111100111100001100001100111100001100111100001100111100111100001100111100111100111100001100001100001100111100111100111100001100111100001100111100
001100111100111100001100001100001100001100001100111100001100001100001100111100111100111100111100001100111100111100111100111100001100001100111100111100111100111100111100111100111100111100001100
111100001100001100001100111100111100111100111100001100001100111100001100001100111100001100001100001100111100001100111100001100111100111100111100111100111100111100111100111100111100001100111100
111100001100111100001100111100111100111100111100111100111100001100001100111100111100001100111100111100001100111100001100001100111100111100111100001100001100111100111100111100111100111100001100
111100111100001100111100111100001100001100111100111100001100111100001100001100111100111100111100111100001100111100001100111100111100111100001100001100111100001100111100111100111100111100001100
111100001100111100111100111100111100111100111100111100001100111100001100001100001100111100111100111100001100001100111100111100001100111100111100111100111100111100001100111100111100111100111100
111100001100001100001100111100111100111100001100111100001100111100111100111100001100111100111100001100001100001100001100001100001100111100111100001100111100111100111100111100111100001100111100
111100111100111100111100111100111100001100111100111100001100111100111100001100001100111100001100111100111100001100111100111100111100001100111100111100111100111100001100001100001100111100111100
001100001100111100001100111100001100001100111100111100001100111100001100111100111100111100001100111100111100111100111100001100111100111100001100111100111100001100111100001100111100001100111100
111100111100001100001100111100001100001100111100001100001100111100111100111100001100111100001100111100111100001100001100001100111100111100111100111100111100111100001100111100111100111100001100
001100001100111100001100111100111100111100111100111100001100001100111100001100111100111100001100001100001100111100001100001100001100111100111100111100001100111100111100111100111100111100111100
111100001100111100001100001100111100001100001100111100111100111100001100111100111100111100111100001100111100001100111100111100001100111100001100001100001100111100111100111100111100001100111100
111100001100001100111100111100111100111100001100111100001100111100001100111100001100001100111100001100111100001100111100001100001100111100001100001100001100111100111100001100111100111100001100
111100111100111100111100111100111100111100111100111100111100111100111100001100001100001100001100111100111100111100111100111100111100001100111100001100111100001100001100111100111100001100111100
001100111100111100111100111100111100111100111100001100111100111100111100001100001100111100001100001100111100111100001100111100111100111100001100111100111100001100111100001100001100111100001100
111100001100001100111100111100111100111100001100111100111100001100111100001100001100001100111100001100111100111100111100001100001100001100001100001100111100001100001100001100111100111100111100
111100001100001100111100111100001100001100001100001100111100001100111100111100111100111100111100111100001100111100001100111100111100001100111100111100111100001100111100111100001100111100111100
111100111100001100001100001100001100001100111100111100111100111100001100111100001100001100001100111100111100111100111100111100001100001100111100111100111100111100111100001100111100001100001100
001100111100111100001100111100001100111100111100111100001100111100111100001100001100111100001100111100001100111100111100111100111100001100111100001100111100111100001100111100001100111100111100
111100001100001100111100111100111100111100111100111100111100001100001100111100111100111100111100111100001100111100001100111100001100111100111100111100111100111100111100001100111100001100001100
111100001100111100111100001100111100001100001100111100111100111100001100111100001100111100111100111100001100111100111100001100111100001100111100001100001100111100001100111100001100111100001100
001100111100111100001100001100001100111100001100001100001100111100111100001100111100111100111100111100001100111100111100111100111100001100111100001100001100111100111100001100111100001100111100
111100001100001100001100001100001100001100111100111100111100001100001100111100111100111100111100001100111100111100111100111100111100001100111100001100001100111100001100111100001100111100001100
111100111100111100001100111100001100001100111100111100111100111100111100111100001100001100111100111100111100111100111100111100111100111100111100001100001100001100111100111100111100001100111100
001100111100111100111100001100001100111100111100001100111100111100111100111100001100111100001100001100111100111100001100111100111100001100111100111100001100111100111100111100111100001100001100
001100111100001100001100001100111100111100001100111100111100001100111100111100111100111100111100001100111100111100111100001100111100001100111100111100111100111100001100111100111100001100111100
001100001100111100001100111100001100001100001100111100001100111100001100111100001100001100111100001100111100111100111100111100001100001100111100001100111100111100111100001100111100111100111100
111100111100111100111100111100111100111100111100111100111100111100001100111100001100111100001100111100001100111100111100001100111100001100001100111100111100111100111100001100001100001100111100
001100111100111100001100001100001100111100001100111100001100111100111100001100001100001100111100001100111100001100001100001100111100001100001100001100001100001100111100111100001100111100001100
111100111100001100001100111100001100111100111100001100111100001100111100111100001100111100001100111100001100001100001100001100111100111100111100001100111100111100111100111100111100001100001100
111100111100111100001100111100001100111100001100111100001100001100111100111100111100111100111100001100111100111100111100111100111100111100111100001100111100001100111100001100111100001100001100
111100111100111100001100111100111100111100111100111100001100111100111100111100001100001100111100001100111100111100111100111100001100111100001100111100111100111100111100111100001100001100111100
001100001100111100111100001100111100111100111100111100111100111100001100001100111100111100111100111100111100111100111100111100001100111100111100001100001100001100001100001100111100111100111100
001100111100001100111100001100111100111100001100111100111100001100111100001100111100001100111100001100111100111100111100111100001100111100001100111100111100111100111100111100001100111100111100
001100111100111100111100111100111100111100111100001100111100111100111100111100111100111100111100001100111100001100001100111100001100111100111100001100111100111100111100001100001100111100111100
111100111100001100111100001100111100001100111100111100111100111100001100001100111100111100111100111100001100111100111100001100111100001100111100111100111100111100001100111100001100111100001100
111100111100001100111100001100111100111100111100111100111100001100111100001100001100111100001100111100111100001100111100111100001100111100001100111100111100111100111100001100111100111100111100
001100111100001100111100111100111100111100111100001100001100111100111100111100111100111100111100001100111100001100001100111100111100001100111100001100111100111100111100111100001100111100111100
001100001100111100001100111100001100111100111100111100111100001100111100111100111100111100001100111100111100111100111100111100111100111100001100001100001100111100001100111100001100001100001100
111100111100111100111100001100111100111100111100111100111100111100111100111100111100001100001100111100111100111100001100001100001100001100001100111100111100001100111100111100001100111100001100
111100001100001100111100001100111100111100001100111100111100111100001100111100001100111100111100001100111100001100111100001100001100001100001100001100001100111100111100001100001100111100001100
001100111100111100001100111100001100001100111100111100111100111100001100111100111100111100001100001100111100001100001100111100111100001100111100111100001100111100111100001100111100111100001100
111100001100111100001100111100001100111100111100111100111100111100111100001100111100001100001100111100111100111100111100111100111100111100111100111100111100111100001100001100111100111100111100
001100111100111100111100111100111100001100111100001100001100111100001100111100001100111100111100111100001100111100001100111100001100111100111100001100111100111100111100111100111100001100111100
111100111100111100111100111100111100111100111100111100111100001100111100111100001100111100001100001100111100001100111100111100111100111100111100111100001100001100111100001100001100111100001100
111100111100111100111100001100111100111100111100001100111100111100111100111100001100001100001100001100111100111100111100111100111100111100111100001100111100111100001100001100111100111100111100
111100001100001100001100111100111100001100001100111100001100111100111100111100001100001100111100111100111100001100001100001100111100111100111100001100111100001100111100111100111100001100001100
111100111100111100111100001100111100001100001100001100001100111100001100001100111100001100001100001100111100111100111100111100111100111100111100111100111100001100111100001100001100111100111100
001100111100111100111100111100001100111100001100111100001100111100001100111100111100111100111100111100001100111100001100111100111100001100111100001100111100111100001100111100001100001100001100
001100111100001100111100111100111100001100111100111100111100001100111100001100111100111100001100111100111100001100001100111100111100001100111100111100111100111100111100111100111100001100001100
111100111100111100111100111100001100001100111100111100111100111100111100001100001100111100111100111100001100111100111100001100111100111100111100111100001100001100111100111100111100111100111100
111100111100111100001100111100111100111100111100001100111100111100111100111100001100001100111100111100111100111100111100001100111100111100111100111100111100111100111100111100001100001100001100
111100111100001100111100111100111100111100111100111100111100111100111100001100111100111100111100001100111100001100111100111100001100111100111100111100001100111100001100111100111100111100111100
111100001100111100111100111100111100001100001100111100111100111100001100111100111100001100111100111100111100111100111100111100001100111100001100111100111100111100111100111100111100111100001100
001100001100001100001100111100111100111100001100111100111100111100111100111100111100001100111100001100111100001100111100111100001100111100111100111100001100001100001100111100111100001100001100
001100111100111100111100111100111100111100001100111100111100001100111100111100111100001100001100001100111100111100111100111100111100001100111100001100111100001100001100001100111100001100111100
111100001100111100111100111100111100111100001100111100111100111100001100111100001100001100111100001100111100001100111100111100001100111100111100111100111100001100111100111100111100001100001100
111100111100111100111100111100001100111100111100001100001100001100111100111100111100111100001100001100001100001100111100001100001100111100111100111100111100111100111100111100111100001100111100
111100111100111100111100001100111100111100111100111100111100111100111100111100001100111100111100111100111100111100111100111100111100001100001100111100111100001100001100111100001100001100001100
111100111100001100111100111100001100001100111100001100111100001100001100001100001100111100001100001100111100001100111100111100111100001100111100001100111100001100001100111100111100111100111100
