111100111100111100111100111100000100000100111100111100111100000100111100111100000100000100000100111100111100000100111100111100111100111100000100111100000100111100111100111100111100000100111100
111100000100000100000100111100000100000100111100000100111100111100111100000100111100111100111100000100111100000100111100000100111100000100000100000100111100111100000100111100111100111100000100
111100000100111100111100111100111100111100000100111100111100000100111100000100000100000100000100111100000100111100111100111100111100111100111100111100111100111100111100111100111100000100111100
000100111100000100111100111100000100111100000100000100111100111100111100000100000100000100111100111100000100111100111100111100111100111100111100111100000100111100111100000100000100111100111100
111100111100111100000100111100111100000100111100000100111100111100111100111100111100111100000100111100111100111100000100000100000100111100111100111100111100000100111100111100111100111100111100
111100000100000100111100111100000100111100111100111100000100111100111100111100000100111100000100000100000100111100000100000100111100111100000100111100111100111100000100000100000100111100111100
000100111100111100111100000100000100111100111100111100111100111100000100000100111100000100111100111100111100111100111100111100111100111100000100111100000100000100111100000100111100111100111100
111100111100000100111100111100111100000100000100000100111100111100111100111100111100111100111100111100000100111100000100111100000100111100111100111100000100000100000100111100111100000100111100
111100000100111100111100111100000100111100000100111100111100111100111100111100000100000100111100000100111100000100111100111100111100111100000100111100111100111100000100000100111100111100111100
111100111100111100000100000100111100111100111100000100111100111100111100000100000100000100000100111100111100111100111100111100111100111100111100111100111100111100111100111100000100111100111100
000100111100111100111100000100000100000100111100111100111100000100000100111100111100111100111100000100000100000100111100000100111100111100111100111100111100000100111100000100000100111100111100
000100000100000100000100111100000100000100111100111100000100000100000100111100000100111100111100111100111100111100111100111100000100111100000100000100000100000100000100111100000100111100000100
000100000100111100111100111100111100111100000100111100111100111100000100111100000100111100111100111100000100111100000100111100111100111100000100111100111100111100000100000100111100000100111100
111100000100111100000100000100111100111100000100000100111100000100000100111100000100111100111100111100111100111100111100111100111100111100111100111100111100000100111100111100111100111100111100
000100000100111100111100000100111100000100111100111100000100000100000100111100000100111100000100000100000100111100111100000100000100000100111100111100111100111100111100111100000100000100111100
111100111100111100111100111100111100111100000100111100000100000100000100111100111100111100111100000100111100111100000100000100111100111100111100000100111100111100111100111100111100111100000100
111100111100111100111100111100000100111100111100000100000100000100000100000100000100111100111100111100000100111100111100111100111100111100111100000100111100111100111100111100111100111100000100
111100111100111100000100000100000100000100000100000100111100000100000100111100111100111100111100000100000100111100111100111100111100000100111100111100111100111100111100000100111100000100111100
111100000100111100000100111100111100111100111100000100111100111100111100111100111100111100000100000100000100000100000100111100111100111100111100000100000100000100000100000100000100111100111100
000100111100111100111100000100111100111100111100111100111100000100111100111100111100111100111100000100111100000100111100000100111100111100000100111100000100111100000100111100111100111100000100
000100000100111100000100111100000100111100000100000100111100000100000100000100111100000100111100000100000100000100000100111100111100111100000100000100000100000100111100111100111100111100111100
111100111100111100111100111100000100111100111100111100111100111100111100000100000100111100111100000100111100000100000100000100000100111100000100111100111100111100111100000100111100000100111100
000100111100000100000100111100111100000100111100111100111100000100111100111100111100111100111100000100111100000100000100111100111100111100000100000100111100000100000100111100111100000100111100
000100111100111100111100111100000100000100111100111100111100000100000100000100111100000100111100111100000100111100111100000100111100111100000100000100111100111100111100000100111100000100111100
111100111100111100000100000100000100111100111100111100111100111100000100000100111100000100111100111100111100111100111100111100111100111100111100111100111100111100111100111100111100000100111100
111100000100000100000100111100111100000100111100000100000100111100111100111100000100000100000100111100111100000100111100000100111100000100111100000100111100111100111100000100000100000100000100
111100111100111100111100000100111100000100111100111100111100111100111100111100111100000100000100111100000100111100000100111100000100111100111100000100111100000100111100111100000100000100000100
000100000100111100111100000100000100111100000100000100111100111100111100111100111100111100111100000100000100111100111100000100111100111100000100111100111100111100111100000100111100000100111100
000100111100111100111100111100111100111100111100000100000100111100111100111100000100000100000100111100000100111100000100111100111100111100000100111100000100000100000100111100111100111100111100
000100111100000100000100111100111100000100111100111100111100000100000100111100000100000100111100111100000100111100000100111100000100111100111100111100000100111100111100111100111100000100111100
111100000100111100000100000100111100111100111100000100111100111100111100000100000100111100111100000100000100000100000100111100111100000100111100000100000100111100111100111100111100111100111100
111100000100000100111100111100000100000100111100111100111100000100000100111100000100111100111100000100000100111100111100000100111100111100111100000100000100111100111100000100000100111100000100
000100111100111100111100000100000100111100111100111100000100000100000100111100111100111100111100111100000100111100111100111100111100111100111100111100000100111100000100000100111100000100111100
111100111100000100000100111100111100111100000100000100111100000100111100111100111100000100000100111100111100111100000100111100111100111100111100111100111100111100000100000100111100000100000100
111100111100000100000100000100111100000100000100111100000100111100000100111100111100111100000100111100000100000100000100000100111100111100111100111100111100111100111100111100111100000100000100
000100000100111100111100111100111100111100000100000100111100111100111100000100000100000100000100111100000100111100000100111100111100000100111100111100111100111100111100000100111100111100111100
111100000100000100000100000100111100111100111100111100111100000100111100111100000100111100000100000100111100111100111100111100000100111100111100000100000100111100000100000100111100000100111100
111100000100111100111100111100111100111100111100111100111100000100111100000100111100000100111100000100111100000100111100111100111100000100111100000100111100000100111100111100111100000100111100
000100111100111100111100111100111100111100111100111100000100000100000100000100111100000100111100111100000100111100111100000100111100000100111100111100111100000100000100000100000100111100000100
000100111100000100111100111100000100000100111100111100000100111100000100111100111100111100000100000100000100111100111100000100000100111100111100000100111100000100111100111100111100111100111100
000100000100111100000100111100000100111100000100000100111100111100111100000100111100111100000100111100111100111100111100111100111100000100000100000100000100111100000100111100000100000100111100
111100000100111100000100000100000100111100000100000100111100000100111100111100000100000100111100000100000100000100111100111100111100111100111100111100111100111100111100111100111100111100111100
111100000100111100111100000100111100111100000100000100000100000100111100111100111100111100111100111100111100111100111100000100111100111100111100111100111100111100000100111100111100111100111100
111100000100000100111100000100111100111100000100111100000100111100111100111100000100111100000100000100111100111100000100111100000100111100111100000100111100111100000100111100000100111100000100
111100000100111100111100000100000100000100111100111100111100000100000100111100000100000100000100111100111100000100000100000100111100000100000100000100111100000100000100111100000100111100111100
111100000100111100000100111100000100000100111100111100111100000100111100111100000100000100111100111100111100111100111100000100111100111100000100000100111100111100111100111100111100111100111100
111100111100111100000100111100000100111100111100111100111100111100111100111100111100111100111100111100000100000100000100000100111100111100111100111100000100000100000100000100000100000100111100
000100111100111100111100111100000100111100111100000100111100111100000100000100111100000100111100000100111100111100111100111100111100111100111100111100111100000100000100111100111100111100111100
111100000100000100111100111100111100111100000100111100111100111100111100000100111100111100111100111100000100111100111100000100111100111100111100111100000100111100111100111100111100000100111100
000100111100111100111100111100000100000100111100000100111100111100111100000100111100000100111100111100000100111100111100111100111100000100000100000100000100000100111100111100111100111100111100
111100000100111100111100111100111100000100111100111100111100111100111100000100000100111100000100111100111100111100000100111100000100111100111100000100111100000100111100111100111100000100111100
111100000100111100111100111100000100111100111100111100000100111100111100111100000100111100111100111100111100000100111100000100111100000100111100111100111100000100000100111100000100111100111100
111100111100111100000100111100000100000100000100111100111100000100000100111100111100000100111100111100111100000100111100111100111100111100111100111100000100111100111100111100111100111100111100
000100111100111100000100111100000100111100111100111100111100000100000100111100000100000100000100000100111100111100000100111100000100000100000100000100111100000100111100111100111100111100111100
111100111100111100111100000100111100000100000100111100000100111100111100000100111100111100111100111100000100000100111100111100000100000100111100111100111100111100111100111100000100111100000100
111100000100000100000100000100111100000100111100000100000100111100000100111100000100111100000100111100111100000100000100111100000100111100111100111100111100000100000100111100111100111100111100
111100111100000100111100111100111100000100111100111100000100111100111100000100000100111100111100111100111100000100000100000100000100000100000100000100111100111100111100111100000100111100000100
000100111100111100111100111100111100111100000100111100000100000100111100111100111100111100111100111100111100111100000100111100000100111100000100111100111100111100111100111100111100000100111100
111100111100000100000100111100111100111100000100111100000100111100111100000100000100000100111100000100000100000100111100111100111100111100111100000100000100111100111100111100111100111100111100
111100000100111100000100111100111100000100111100111100111100111100000100111100111100111100111100111100000100111100000100111100111100000100000100111100111100111100000100111100000100111100111100
000100000100000100111100000100111100111100000100111100111100000100000100111100111100000100111100000100111100111100111100111100111100111100000100111100000100111100000100000100000100000100111100
111100000100111100111100111100000100000100111100000100111100111100111100000100000100111100111100111100111100111100111100000100111100111100111100000100111100111100000100000100000100111100000100
111100111100000100000100111100111100111100000100000100111100000100111100111100111100111100000100111100111100000100111100111100000100111100111100000100000100000100111100000100111100111100111100
000100000100111100111100111100111100111100111100111100111100111100111100111100111100000100111100111100111100111100111100000100000100111100111100000100111100111100111100111100111100000100000100
000100111100000100000100000100000100000100111100111100111100111100111100111100111100111100000100000100111100111100111100000100000100111100111100111100111100000100111100111100111100000100111100
000100111100111100000100111100000100111100000100000100111100111100000100000100111100111100000100000100111100111100000100000100111100111100111100111100111100000100111100111100000100111100111100
111100111100111100111100000100111100111100111100111100000100111100111100111100111100000100111100111100000100000100000100111100000100111100111100111100111100111100111100111100111100000100111100
000100000100000100111100000100111100111100111100111100111100111100111100111100000100000100000100111100000100000100111100111100000100111100111100111100111100111100000100000100000100111100111100
111100111100111100000100111100111100111100111100000100000100000100000100000100111100111100000100000100000100111100000100111100111100111100111100111100000100111100111100000100000100000100111100
111100000100111100111100000100111100000100000100000100111100111100111100111100000100000100111100111100000100000100111100111100111100111100111100111100111100111100000100111100000100111100111100
111100111100000100111100000100111100000100111100000100000100000100111100111100000100111100000100111100111100111100111100111100111100000100111100000100000100111100000100111100000100111100111100
000100111100111100111100111100000100111100111100000100000100000100000100111100111100111100000100111100111100111100000100000100111100111100111100111100111100111100000100000100111100111100000100
000100111100111100000100000100111100111100000100111100111100000100111100000100111100000100111100000100111100111100000100111100000100000100000100111100111100000100111100111100000100111100000100
000100000100000100111100000100000100111100111100111100111100111100111100111100111100111100000100111100000100000100111100111100111100000100000100111100111100000100111100000100000100000100000100
111100111100000100111100111100111100111100111100111100111100000100000100000100111100000100111100111100111100111100111100111100000100000100111100111100111100111100111100111100000100111100111100
111100111100000100111100111100111100000100000100000100000100111100111100111100111100111100000100000100111100000100111100000100000100000100111100111100111100111100111100111100000100111100111100
000100111100111100111100000100111100111100111100000100111100111100000100111100111100111100111100111100111100111100000100000100111100000100000100111100000100111100111100111100111100000100111100
000100000100000100111100111100111100000100111100111100111100111100000100111100000100111100111100000100111100111100111100111100111100111100111100111100111100111100111100111100111100000100111100
111100111100111100111100111100111100111100000100111100000100111100111100111100111100111100111100000100111100111100000100111100000100000100000100111100111100000100111100111100111100111100000100
111100111100111100000100111100111100000100111100111100111100111100000100111100000100111100111100000100000100000100111100111100111100111100111100000100111100111100111100111100111100000100111100
000100111100000100111100111100000100111100111100111100111100111100111100000100111100000100111100111100111100111100111100111100111100111100111100111100111100000100000100111100111100111100111100
111100111100111100000100000100111100000100000100111100111100000100111100000100000100111100000100111100000100111100000100111100111100000100000100111100000100111100000100000100111100111100111100
000100111100111100000100111100000100111100111100000100000100111100000100111100111100111100111100111100000100111100111100000100111100111100111100111100111100111100111100000100000100000100000100
111100111100000100000100000100111100111100111100000100000100111100111100000100111100111100000100000100000100111100111100111100111100111100000100000100111100111100000100111100000100000100111100
111100000100111100111100111100000100000100111100111100111100111100000100111100000100111100111100000100000100000100111100111100111100111100000100111100111100111100111100111100111100000100111100
111100111100111100111100111100111100111100111100111100000100111100000100111100111100000100000100111100111100000100111100111100000100111100000100000100111100000100111100111100111100000100111100
111100000100111100111100000100111100111100000100111100000100000100111100111100000100111100000100111100111100111100000100000100111100000100111100111100111100111100000100111100111100111100111100
000100000100000100111100111100111100000100000100000100111100000100111100111100111100111100111100111100111100111100111100000100111100111100111100111100111100000100000100111100111100111100111100
000100111100111100000100000100111100111100111100111100111100111100111100111100111100000100111100111100111100111100111100111100000100000100111100111100111100111100000100111100111100111100111100
111100000100111100000100111100111100111100000100000100000100111100000100111100111100000100111100000100111100000100111100111100000100111100111100111100000100000100111100111100000100111100111100
111100000100111100000100111100111100111100000100000100111100000100111100111100111100111100111100111100000100111100000100111100111100000100111100111100111100000100111100000100111100111100000100
111100000100000100000100111100000100111100111100000100111100111100111100000100000100111100111100000100111100000100000100111100111100000100111100000100111100111100000100000100000100111100111100
111100111100111100111100000100000100111100111100000100111100111100111100000100111100111100000100111100000100000100111100111100111100111100111100000100111100111100111100000100111100000100111100
000100111100000100000100000100000100000100111100000100111100000100000100111100000100111100111100111100111100000100111100000100111100111100111100111100000100111100111100000100000100111100111100
000100000100000100000100111100000100111100111100111100111100111100111100111100111100111100000100111100111100111100111100111100111100111100111100111100111100111100111100111100111100000100000100
111100111100000100111100111100111100000100111100111100111100111100111100000100000100111100000100000100111100111100111100111100000100111100111100111100111100000100111100000100000100000100111100
111100111100111100111100111100111100111100000100111100111100000100000100111100111100000100111100111100111100000100000100000100111100111100111100111100111100000100111100000100111100000100000100
111100111100111100111100000100111100111100000100111100111100111100000100111100000100111100111100000100111100111100111100000100111100000100111100000100000100111100000100000100000100111100000100
111100000100000100111100000100111100000100111100000100111100111100111100111100000100111100000100111100000100111100111100111100111100000100000100111100111100111100000100111100111100000100111100
000100111100111100111100111100111100000100000100000100000100111100000100111100111100000100111100000100111100111100000100111100111100111100111100111100111100111100000100111100111100111100111100
111100111100111100000100111100000100111100000100000100000100000100111100111100000100111100111100111100111100111100111100111100111100111100111100000100111100111100111100111100111100111100111100
111100111100111100111100111100000100111100000100111100111100000100000100111100000100000100111100111100111100111100000100000100111100111100111100000100000100111100000100000100111100111100111100
111100000100111100111100000100111100000100111100111100000100111100111100111100111100111100111100111100111100111100111100111100111100111100111100111100111100000100111100111100000100000100000100
000100111100111100000100000100111100111100000100111100111100111100111100111100000100111100111100111100111100111100000100111100111100111100000100000100000100000100111100000100000100111100111100
111100000100000100111100000100111100000100111100111100000100111100000100111100111100000100111100000100111100000100111100111100000100000100111100111100000100111100111100000100111100000100111100
000100000100111100111100000100111100000100000100111100111100000100111100111100111100111100111100111100111100111100000100000100111100000100111100111100111100111100111100111100111100111100000100
000100000100111100000100111100000100111100111100111100111100111100111100000100111100111100111100111100000100111100111100111100111100000100111100111100111100111100000100111100000100111100111100
111100000100000100111100111100111100111100111100000100111100000100000100000100111100111100111100111100111100000100111100111100000100111100000100111100111100000100111100000100111100000100000100
111100111100111100111100111100111100000100000100111100111100111100111100000100000100111100000100111100111100111100000100111100000100111100111100111100111100000100111100111100000100111100111100
000100000100111100111100111100111100111100000100111100000100000100000100111100111100111100111100111100111100000100111100111100111100000100111100111100111100111100111100000100000100000100111100
111100111100000100111100111100000100111100000100000100111100111100111100111100111100111100000100111100111100111100000100111100111100000100000100111100000100111100000100000100000100111100000100
000100111100111100000100111100000100000100111100111100000100111100111100111100111100111100000100000100000100000100000100111100000100111100111100000100111100111100111100000100111100111100111100
000100000100000100000100111100111100111100111100000100000100000100111100000100000100111100000100111100111100000100111100000100111100000100111100111100111100111100111100111100000100111100000100
111100111100111100111100111100000100111100111100111100111100000100111100111100111100111100111100111100000100111100111100000100000100000100000100000100000100111100111100000100000100000100000100
111100111100111100111100111100000100000100111100111100111100111100111100111100111100000100111100111100111100111100111100111100111100000100111100111100111100111100111100111100000100111100111100
000100000100111100000100111100000100000100111100000100111100111100000100000100111100111100111100111100111100111100111100111100111100111100000100111100000100111100000100111100000100000100000100
000100000100111100000100111100111100111100111100111100000100111100111100111100111100000100111100111100111100111100111100000100111100111100111100111100000100111100000100111100111100111100111100
111100000100000100000100111100000100111100111100111100111100000100111100111100111100000100111100000100111100000100111100111100000100111100111100111100000100111100000100111100111100000100000100
111100000100000100111100000100111100000100111100111100000100111100111100000100111100111100111100111100111100111100111100111100000100111100111100111100000100000100000100111100111100111100111100
000100111100000100000100111100111100111100111100111100000100000100111100111100000100111100111100111100111100111100111100111100111100111100111100111100000100111100111100111100000100000100111100
111100111100000100111100000100111100111100111100000100111100111100000100111100111100111100000100000100000100000100111100111100111100000100000100111100111100000100111100111100111100000100111100
111100000100111100111100000100111100000100000100111100111100000100111100111100000100111100111100111100111100000100111100111100111100111100111100111100000100000100111100111100111100000100000100
111100000100111100111100111100111100111100111100000100000100111100111100111100000100111100111100111100111100000100111100111100000100111100111100111100111100111100111100111100000100111100000100
000100000100111100111100000100111100111100111100000100111100000100111100111100111100000100111100000100111100000100111100111100000100111100111100000100111100000100111100111100000100000100000100
111100111100111100000100111100111100111100111100111100111100111100111100000100000100111100111100111100000100000100111100111100000100111100000100111100111100000100111100111100111100111100111100
000100000100111100111100111100000100111100000100111100111100111100111100000100000100111100111100111100000100000100000100000100111100111100111100111100111100111100000100000100111100000100111100
000100111100111100111100111100111100000100111100000100000100000100000100111100111100000100000100111100111100111100000100000100111100000100111100111100111100111100111100000100000100000100111100
0001000001001111001111001111001111000001001111001111000001000001001111001111000001000001001111000001001111001111000001000001000001001111001111000001001111001111001111001111001111000001001111000111100111100111100111100111100111100111100111100111100111100111100111100111100111100111100111100111100111100111100111100111100
111100111100111100111100111100111100111100111100111100111100111100111100111100111100111100111100111100111100111100111100111100111100111100111100000100111100111100111100111100111100000100111100
111100111100111100111100111100111100111100111100111100111100111100111100111100111100111100111100111100111100111100111100111100111100111100111100111100111100111100111100111100111100111100111100
111100111100111100111100111100111100111100111100111100111100111100111100111100111100000100111100111100111100111100111100111100111100111100111100111100111100111100111100111100000100111100111100
111100111100111100111100111100111100111100000100111100111100111100111100111100111100111100111100111100111100111100111100111100111100111100111100111100111100111100111100111100111100111100111100
111100111100111100111100000100111100111100111100111100111100111100111100111100111100111100111100111100111100111100111100111100111100111100111100111100111100111100000100000100111100111100111100
111100000100111100111100111100111100111100111100111100111100111100111100111100111100111100111100111100111100111100111100111100111100111100111100111100111100111100111100111100111100111100111100
111100111100111100111100111100111100111100111100111100111100111100111100111100111100111100111100111100111100111100111100111100111100111100111100111100111100111100111100111100111100111100111100
111100111100111100111100111100111100111100111100111100111100111100111100111100111100111100111100111100111100111100111100111100111100111100111100111100111100111100111100111100111100111100111100
111100111100111100111100111100111100111100111100111100111100111100111100111100111100111100111100111100111100111100000100111100111100111100111100111100111100111100111100111100111100111100111100
111100111100111100000100111100111100111100111100111100111100111100111100111100111100111100000100111100111100111100111100111100111100111100111100111100111100111100111100111100111100000100111100
111100111100111100111100111100111100111100111100111100111100111100111100111100111100111100111100111100111100000100000100111100000100111100111100111100111100111100111100111100111100111100111100
111100111100111100000100111100111100111100111100111100111100111100111100111100111100111100111100111100111100111100111100111100000100111100111100111100111100111100111100000100111100111100111100
1100111100111100000100111100111100111100111100111100
111100111100111100111100111100111100111100111100111100000100111100111100111100111100000100111100111100000100000100111100111100111100000100111100111100111100000100000100000100000100111100000100
000100000100111100111100111100111100111100111100111100111100111100111100000100000100111100111100111100111100000100111100111100111100111100111100000100111100111100111100111100111100000100000100
111100111100111100111100111100111100000100111100111100000100000100111100111100111100111100000100111100000100111100000100111100000100111100111100000100000100111100111100111100111100111100111100
111100111100111100000100111100111100111100111100000100000100000100111100000100000100111100111100111100111100111100111100111100000100111100111100111100111100111100111100111100111100000100000100
111100111100111100111100111100000100111100111100111100000100000100111100111100111100111100111100111100000100111100000100111100000100111100111100111100111100111100111100000100111100000100111100
111100000100111100111100111100111100111100111100000100000100111100111100111100111100111100111100000100111100000100000100111100000100111100111100111100111100000100000100111100000100111100000100
111100111100111100111100111100111100111100000100000100111100000100111100111100000100000100111100111100000100111100000100111100111100111100111100111100111100111100111100111100111100000100000100
111100111100000100111100111100111100000100111100111100111100111100000100111100000100111100111100000100111100000100111100000100000100000100111100000100111100111100000100111100000100111100111100
111100111100000100111100000100111100000100111100000100111100111100111100111100111100111100000100000100111100111100000100000100111100111100111100000100111100111100000100000100111100111100000100
111100000100111100111100111100000100111100000100111100000100111100000100000100111100000100111100111100111100111100111100000100111100000100000100111100111100111100111100000100000100000100111100
111100111100111100111100111100000100111100111100111100111100111100111100111100111100111100000100111100000100111100000100111100000100111100111100000100000100111100111100000100111100000100000100
111100111100000100111100111100111100111100000100000100000100000100111100111100111100111100000100000100111100111100111100111100000100000100000100000100111100111100000100000100111100000100111100
000100111100000100111100111100000100000100000100111100111100111100111100000100000100111100111100111100000100111100000100111100111100000100000100111100000100111100111100111100111100000100111100
000100000100000100111100111100000100000100111100000100111100000100111100000100000100111100111100111100000100111100000100111100111100000100111100111100111100111100111100111100000100000100111100
111100000100000100111100000100000100111100111100111100111100000100111100111100000100000100000100000100000100000100111100111100000100111100000100000100000100000100111100111100111100111100111100
111100111100111100111100111100111100000100111100111100111100111100111100111100111100111100111100111100111100111100111100111100111100111100111100000100111100111100000100111100111100000100111100
111100111100000100111100111100000100111100111100111100000100000100000100000100000100111100000100111100111100111100111100111100111100111100111100000100111100111100000100111100111100111100000100
111100111100000100111100000100111100000100111100111100111100111100000100111100111100111100111100000100000100111100111100111100111100111100111100111100111100000100000100111100000100111100111100
000100000100111100111100111100000100000100000100000100111100000100000100111100111100111100111100000100000100111100111100000100111100111100111100111100000100000100111100111100111100111100111100
000100000100111100000100111100000100000100111100000100111100111100111100111100111100000100111100111100111100111100111100111100111100111100000100111100111100111100000100111100111100000100000100
111100111100000100111100111100111100111100111100000100111100111100111100000100000100000100111100000100111100111100111100111100111100000100000100000100111100000100000100000100111100111100111100
111100111100000100000100111100000100111100111100111100111100111100111100000100000100111100111100111100000100000100000100111100111100000100000100000100111100111100111100111100111100111100000100
111100111100111100000100111100000100000100000100111100111100000100111100000100000100000100000100000100111100111100111100111100111100111100111100111100111100000100000100000100111100111100000100
000100111100111100111100111100111100111100111100111100000100111100000100111100111100000100111100000100000100111100000100111100000100111100000100111100111100111100111100111100111100000100111100
111100000100111100111100000100111100000100000100111100111100000100000100111100111100111100111100000100000100111100111100111100000100111100000100000100000100111100000100000100111100000100111100
000100111100111100000100111100000100111100111100000100111100111100000100000100000100111100000100111100111100111100000100111100000100111100111100111100111100111100111100111100111100000100000100
000100111100111100000100111100111100111100111100111100111100000100111100111100000100000100111100111100000100000100111100111100111100111100000100111100000100000100000100111100111100111100111100
111100111100000100111100000100111100000100000100000100111100111100000100111100111100111100111100000100000100111100111100000100000100000100000100000100111100111100111100111100000100000100111100
000100000100000100111100000100111100111100000100111100000100000100111100000100111100000100000100111100111100111100000100111100000100111100111100111100111100111100111100111100111100111100111100
111100111100111100000100111100000100111100111100111100111100111100111100111100111100000100000100111100111100111100111100000100111100111100111100000100111100111100000100111100111100000100000100
111100111100000100000100111100000100111100000100111100000100000100111100111100000100111100000100111100000100000100111100111100111100000100000100111100111100111100111100111100111100000100111100
111100111100000100111100000100111100111100111100111100111100111100000100111100000100111100111100111100111100000100000100111100111100000100000100111100111100111100111100111100111100111100000100
111100111100000100111100000100000100000100000100111100111100111100111100111100111100111100111100111100000100000100000100000100000100111100000100000100000100111100000100111100000100000100111100
111100111100000100000100111100000100000100000100000100111100111100000100111100111100111100111100111100111100111100000100111100000100000100111100000100000100111100000100111100111100111100000100
111100111100111100000100111100111100111100000100111100111100111100111100111100000100111100000100000100111100111100000100000100111100111100111100000100111100000100111100111100000100000100000100
111100111100000100000100000100111100111100111100111100000100111100111100000100111100111100111100111100111100000100111100000100000100000100111100111100111100000100000100111100111100000100111100
000100111100111100000100111100000100111100000100111100111100000100000100111100111100111100000100111100111100000100111100000100000100000100000100111100111100111100111100111100111100111100111100
000100111100000100111100000100000100111100111100111100111100111100000100111100111100111100000100111100000100111100111100111100111100000100111100111100111100111100111100111100000100111100111100
111100111100111100111100111100111100000100111100111100000100111100111100111100111100111100000100000100000100111100000100111100111100000100000100111100000100000100000100000100111100111100111100
111100111100000100000100111100111100111100000100000100111100111100000100000100111100111100000100111100111100000100111100111100111100111100000100111100111100111100111100111100000100000100111100
000100111100111100111100111100111100000100111100000100111100111100111100000100000100000100111100000100111100111100111100111100111100000100111100111100111100111100000100000100000100000100000100
111100111100000100000100111100111100111100111100111100111100111100111100111100000100111100111100111100111100000100000100111100111100111100000100000100111100000100000100111100111100111100111100
111100000100111100000100000100000100000100000100111100111100000100000100000100111100111100111100000100000100111100111100111100111100111100111100111100000100111100000100111100000100111100000100
000100000100000100000100111100111100111100000100000100000100000100111100000100000100000100111100111100111100111100111100111100111100111100000100111100000100111100000100111100000100000100111100
111100111100111100000100000100000100000100000100111100111100111100000100111100111100000100000100111100000100111100111100111100111100000100111100111100111100000100000100111100111100000100000100
111100000100000100111100000100111100111100111100111100111100000100111100111100111100000100000100111100111100000100111100111100111100111100000100111100111100111100111100000100111100111100111100
000100111100111100111100111100111100111100000100000100111100111100000100111100111100000100111100111100111100000100111100111100111100111100000100111100000100111100000100111100111100000100111100
000100000100111100111100111100111100111100111100000100111100111100000100111100000100111100000100111100111100111100000100111100000100111100111100111100000100000100111100111100111100000100000100
000100000100111100111100000100111100111100111100000100000100000100111100111100111100000100111100111100111100111100000100111100111100111100111100111100111100111100111100000100000100111100111100
000100111100000100111100111100111100000100111100000100111100000100111100000100111100000100111100000100000100111100111100111100000100111100111100111100000100000100000100000100111100000100000100
111100111100000100000100000100111100000100111100111100111100000100000100111100111100111100111100111100000100000100000100000100111100111100111100000100111100000100111100111100000100111100000100
111100000100000100000100111100111100111100000100111100000100111100111100111100111100111100111100111100111100000100111100111100000100111100111100111100111100111100111100111100000100000100111100
111100111100111100111100000100111100000100000100111100111100111100111100111100000100111100111100111100111100111100111100111100111100000100111100111100111100000100111100000100111100111100000100
000100111100000100111100111100111100000100111100000100111100111100000100111100000100000100111100111100111100111100000100000100111100111100000100111100111100111100000100000100111100111100111100
111100000100111100000100000100111100111100111100000100111100000100000100000100111100111100111100111100000100111100000100111100111100000100000100000100000100111100111100000100000100111100111100
000100111100111100000100111100000100111100000100111100111100000100111100111100111100000100111100111100111100000100000100111100000100111100111100111100000100000100111100000100111100111100111100
111100111100111100000100111100111100111100111100111100111100111100111100000100111100111100111100000100000100000100111100111100000100111100111100000100000100000100111100111100000100111100111100
111100111100111100111100111100000100111100000100111100000100000100111100000100111100000100000100000100111100000100000100000100111100111100111100111100111100000100111100111100111100111100000100
111100111100000100000100111100111100111100000100111100111100111100111100111100111100000100000100000100000100111100111100111100111100000100111100111100000100111100111100111100111100111100000100
111100000100000100000100000100000100000100111100111100000100111100111100000100111100111100000100111100000100111100000100111100111100000100111100111100111100111100111100111100111100000100111100
000100111100111100111100000100111100000100111100000100111100000100000100111100111100111100000100000100111100111100000100111100000100111100000100111100111100111100000100111100000100000100000100
111100000100000100000100000100111100111100000100000100000100111100111100111100000100000100111100000100111100111100111100000100000100111100111100111100000100111100111100111100000100111100111100
000100111100000100000100000100111100000100111100111100111100111100111100111100111100111100111100111100000100111100111100111100111100111100111100000100111100111100111100111100111100111100000100
111100111100111100000100111100111100000100111100111100111100111100000100111100111100111100000100111100000100000100111100111100111100111100111100000100000100111100111100111100111100111100111100
111100111100000100000100111100111100000100111100111100111100111100000100111100111100000100111100000100111100000100111100000100000100111100111100111100000100000100000100000100111100111100111100
000100111100000100111100111100000100111100111100000100000100111100111100111100111100000100000100111100000100111100111100111100111100000100111100111100000100111100111100111100000100111100111100
000100000100000100111100111100111100000100111100111100111100111100000100000100111100111100111100111100000100111100111100111100000100111100111100111100000100000100111100111100000100000100000100
111100000100111100111100111100111100111100111100000100111100111100000100000100111100000100000100111100111100000100111100111100000100111100000100111100111100000100111100111100111100000100111100
111100000100111100111100111100111100000100111100000100111100111100111100000100000100111100111100000100111100111100111100111100111100000100111100000100111100000100111100111100111100000100111100
111100000100111100111100111100111100111100111100000100111100111100000100000100111100000100111100111100111100111100111100111100000100000100111100111100000100000100111100111100000100111100111100
000100111100111100111100111100111100111100000100000100111100000100000100111100111100111100000100111100111100000100111100000100000100000100111100111100111100111100111100000100000100000100111100
000100111100000100000100111100111100000100111100000100000100000100000100111100111100111100111100000100000100111100111100111100111100111100111100000100000100111100111100111100111100111100111100
000100111100111100111100000100111100000100111100111100111100111100111100111100111100000100111100111100111100111100111100111100111100111100111100000100000100000100000100111100000100000100111100
111100000100000100111100000100111100000100111100111100000100000100111100000100111100000100111100000100000100111100111100000100111100111100111100111100000100111100111100000100000100111100111100
111100111100111100000100111100111100111100111100111100000100000100111100111100000100111100000100111100000100000100111100111100111100111100000100000100111100000100000100111100111100111100111100
000100111100111100000100111100111100111100111100111100111100111100111100000100111100111100111100111100111100111100111100111100000100111100000100111100000100000100111100000100000100000100111100
000100111100111100111100111100111100111100000100000100111100000100000100111100000100111100111100111100111100111100000100111100111100111100000100111100111100111100000100111100000100000100111100
000100111100000100111100111100111100111100111100000100000100111100111100000100111100111100111100000100111100111100000100000100000100000100111100111100000100111100111100000100111100000100111100
000100111100111100111100000100000100111100000100000100111100111100000100111100000100000100111100000100000100111100111100111100000100000100111100111100111100000100111100111100111100111100000100
000100111100000100000100111100000100111100111100111100111100000100000100111100111100111100111100111100111100111100111100111100000100111100111100111100111100111100111100111100111100111100111100
000100000100000100111100111100000100111100111100111100000100111100000100000100111100000100000100000100111100000100111100000100000100000100111100111100000100111100000100000100111100000100000100
111100111100111100111100111100000100111100000100111100111100111100111100111100111100111100111100000100111100111100111100111100000100000100000100111100000100000100111100000100111100111100111100
111100111100111100111100000100111100111100000100111100111100111100111100111100111100111100111100000100000100111100000100111100000100111100111100000100111100111100000100000100000100000100111100
000100111100000100111100111100111100111100111100111100000100000100000100111100111100000100111100000100000100111100111100111100111100111100111100111100000100111100111100111100000100000100111100
111100111100000100000100000100111100000100000100111100111100111100111100000100111100111100000100000100000100111100000100111100111100111100111100000100111100111100111100111100111100111100000100
000100111100000100111100000100111100111100000100000100000100111100111100111100111100111100000100000100111100111100000100111100000100111100000100111100111100111100000100111100000100000100111100
000100000100111100111100111100000100111100111100111100000100111100111100111100111100000100111100111100000100000100111100111100111100111100111100000100000100000100111100111100000100111100111100
111100111100000100000100000100000100111100111100111100111100111100111100000100000100000100111100111100000100000100111100000100000100111100000100000100111100111100000100111100111100111100000100
111100000100111100111100000100000100000100000100000100111100111100000100111100111100111100000100111100111100111100000100111100000100111100111100000100000100000100111100111100000100111100111100
111100111100111100111100111100111100111100111100111100111100111100000100111100000100000100111100111100111100000100000100111100111100111100111100000100000100000100000100111100000100111100111100
000100111100000100111100000100111100111100111100000100111100111100000100111100000100111100111100000100111100111100111100111100111100111100000100000100111100111100111100111100111100111100000100
111100000100111100111100000100111100111100111100111100111100111100111100000100000100111100000100111100111100000100111100111100111100111100000100111100000100111100111100111100111100111100111100
111100111100111100111100111100111100000100111100111100000100111100000100111100000100000100000100111100111100111100000100000100111100111100111100000100111100111100000100000100111100111100000100
111100111100111100111100111100111100111100111100000100000100111100111100000100111100111100000100000100111100111100111100111100111100111100111100111100111100000100111100111100111100111100111100
000100111100111100111100000100111100000100000100111100000100111100111100111100000100000100111100000100000100000100000100111100000100111100000100111100111100111100111100111100000100111100111100
000100111100000100111100111100111100111100000100111100000100000100111100111100111100111100111100111100111100000100111100000100111100111100000100111100111100111100111100000100000100000100111100
000100000100111100000100111100111100111100111100111100000100000100111100111100000100111100000100111100000100111100111100111100000100111100000100111100111100111100111100111100111100111100000100
111100000100000100000100111100111100111100000100000100111100111100000100111100000100111100000100111100000100111100000100111100111100111100000100111100111100000100111100111100000100111100000100
000100111100111100000100111100111100111100000100111100111100000100111100111100111100111100111100111100000100111100111100111100111100000100000100111100000100111100111100111100000100111100000100
111100000100000100111100000100000100111100111100111100000100000100111100000100000100111100111100000100111100111100111100111100000100000100000100000100111100111100000100000100111100000100000100
111100000100111100000100111100111100111100111100000100111100000100111100000100000100000100111100000100000100111100000100111100111100111100111100111100111100000100111100000100111100000100111100
111100111100111100111100000100111100000100000100111100111100111100000100111100111100111100000100111100111100111100111100111100111100111100111100111100111100000100111100000100111100111100000100
000100000100111100111100111100000100000100111100111100111100111100000100000100000100111100111100000100000100000100000100000100000100000100000100111100000100111100000100111100000100111100000100
111100111100000100111100111100111100111100000100111100000100111100111100111100111100111100000100111100000100111100111100111100111100111100111100111100000100111100111100000100000100000100111100
000100000100000100000100000100111100111100000100000100111100111100111100111100111100111100111100000100111100000100000100111100000100000100111100111100111100111100111100000100111100111100111100
111100000100111100111100111100111100111100111100000100111100000100000100111100111100000100111100111100000100111100000100000100000100111100111100000100000100111100000100111100000100111100111100
111100000100000100000100000100111100111100111100000100000100111100000100111100111100111100000100000100000100111100111100111100111100000100111100111100111100111100111100111100111100111100000100
111100111100111100000100111100000100111100111100111100111100111100000100111100000100111100000100111100111100111100000100111100111100111100111100111100111100111100111100111100111100111100111100
000100111100000100111100111100111100111100000100111100000100000100000100111100111100000100000100111100111100111100111100111100111100000100111100111100111100111100111100111100111100111100000100
111100000100111100000100111100111100111100000100111100000100111100111100111100000100000100111100111100000100111100111100000100000100111100111100000100000100111100000100000100111100111100000100
111100000100000100111100000100111100000100000100111100000100111100111100000100000100111100111100000100111100111100000100111100111100111100111100111100111100111100111100111100000100000100000100
111100111100000100111100000100111100111100000100111100111100111100000100000100111100111100000100111100111100111100000100111100000100111100111100111100111100000100111100000100111100111100111100
000100111100111100000100111100111100111100000100111100111100000100111100111100111100111100111100111100000100000100111100111100111100111100000100111100000100111100000100111100000100000100111100
111100000100111100000100111100000100000100111100000100000100111100111100111100111100111100111100111100000100000100111100111100111100111100000100111100111100111100111100111100111100111100111100
111100000100111100000100111100111100111100000100000100111100000100111100000100000100111100111100111100111100000100000100111100000100111100000100000100111100000100111100111100111100111100111100
111100111100000100111100000100111100000100111100111100000100111100111100111100111100111100000100111100111100000100111100111100111100111100111100111100111100111100000100000100111100111100000100
111100000100000100000100000100111100000100111100111100111100111100111100111100000100000100111100000100000100000100000100000100000100111100000100111100000100111100111100000100111100111100111100
111100111100111100111100111100000100111100111100111100111100111100111100111100000100111100000100111100000100111100111100111100111100111100000100111100111100111100111100000100111100000100000100
111100111100111100111100111100111100111100000100111100111100111100111100111100111100111100000100111100111100111100111100111100111100111100000100111100000100111100111100111100111100000100000100
000100111100000100111100111100111100111100111100000100000100111100111100111100111100000100000100111100000100000100111100000100111100111100000100111100000100000100000100111100111100000100111100
111100000100000100000100000100111100111100111100111100111100111100111100111100000100111100111100111100111100111100111100000100111100111100111100111100111100111100111100000100111100111100111100
000100111100111100000100000100111100111100111100000100000100111100111100111100000100000100000100000100111100111100111100000100000100000100111100111100111100000100000100111100000100000100111100
000100111100000100000100000100000100000100111100000100111100000100111100111100000100111100111100111100111100111100111100000100111100111100000100000100111100000100000100111100111100000100000100
111100111100111100111100000100111100111100111100000100111100000100000100111100111100111100111100000100111100111100111100000100000100111100000100111100000100111100111100111100111100111100111100
000100111100111100000100111100111100111100000100000100000100111100111100111100111100000100000100111100000100000100111100111100111100000100111100000100111100111100111100111100000100111100111100
000100111100111100000100111100111100111100111100111100111100000100111100000100111100111100000100111100111100111100111100111100111100111100111100111100111100000100000100111100111100111100111100
000100000100000100000100111100111100000100111100111100000100000100111100000100000100111100111100111100000100111100000100111100111100111100111100000100111100000100000100000100111100111100111100
111100111100000100000100111100000100111100111100111100000100000100000100000100000100111100111100000100000100111100000100111100111100111100000100111100111100111100111100111100111100000100000100
111100111100111100111100111100111100000100111100000100000100000100000100111100111100111100111100000100000100000100111100000100000100111100000100111100111100000100111100000100111100000100111100
000100111100111100111100111100111100111100000100111100000100000100000100111100000100111100111100111100000100111100000100000100111100111100111100111100111100111100111100000100111100111100111100
111100111100111100111100111100111100111100111100000100111100111100000100111100000100111100111100111100111100111100000100000100000100111100000100000100111100111100111100111100111100000100111100
111100111100111100000100111100111100000100000100111100111100000100000100000100111100111100111100000100000100000100000100111100111100111100111100111100000100111100111100000100000100000100111100
111100000100111100000100111100111100000100111100111100111100000100000100111100000100111100111100111100000100111100111100000100000100000100111100111100111100111100000100111100000100000100111100
000100111100111100111100111100000100111100111100111100111100111100000100111100111100111100111100111100111100111100111100000100111100111100000100111100111100000100000100000100111100000100111100
111100000100000100111100111100000100000100000100111100111100000100000100000100111100000100000100111100000100111100000100111100111100111100000100111100111100111100111100111100111100111100111100
111100111100111100111100111100111100111100111100000100000100000100111100111100111100111100111100000100111100000100111100111100000100111100111100111100111100000100111100000100111100111100111100
111100000100111100111100000100111100000100111100111100111100111100111100111100111100000100000100111100000100111100111100111100000100111100111100000100111100111100000100111100111100111100111100
000100111100000100111100111100000100000100111100111100111100111100000100000100000100000100000100111100111100111100111100111100111100000100111100111100000100000100111100111100000100111100111100
111100111100111100000100000100000100000100111100111100111100111100111100111100111100111100000100000100111100000100111100000100111100111100111100000100111100111100111100111100111100111100000100
000100111100111100000100000100000100111100111100111100111100111100111100111100000100111100111100111100111100111100000100111100111100111100111100111100111100111100111100111100111100000100111100
000100000100111100111100111100000100000100111100111100111100111100000100111100000100111100111100000100000100000100000100000100000100111100111100111100000100111100111100000100111100111100000100
000100111100000100000100000100000100111100000100111100111100000100000100111100111100111100111100000100000100111100111100000100000100111100000100111100111100000100111100000100111100111100111100
000100111100111100111100111100111100111100111100000100000100111100111100111100000100111100111100000100000100111100000100111100111100000100000100111100000100111100000100111100111100000100111100
111100111100111100111100111100111100000100000100111100111100000100111100000100111100000100111100111100111100111100111100111100000100111100000100111100111100000100111100111100111100111100111100
000100111100000100000100111100000100111100000100111100111100000100111100000100000100111100000100111100111100111100111100000100000100000100000100000100000100111100111100000100000100000100111100
111100111100111100000100111100111100111100111100111100111100000100111100111100111100111100111100111100000100000100111100111100111100000100000100000100000100111100111100111100111100000100000100
111100111100000100111100111100000100000100111100111100111100111100000100111100000100000100000100000100111100000100111100111100111100111100111100111100111100111100000100000100000100111100111100
000100000100111100111100111100000100000100111100000100111100111100111100111100000100000100000100000100111100111100000100111100111100000100111100111100000100111100000100111100111100000100000100
111100000100000100000100111100111100000100111100111100111100000100000100000100111100111100000100111100000100000100111100111100111100111100111100111100111100111100111100000100111100111100111100
111100111100111100111100000100111100111100111100000100111100000100000100111100111100111100000100111100111100000100111100111100000100111100000100111100000100111100111100111100000100111100111100
000100000100000100000100111100000100000100111100111100000100000100111100111100000100111100000100111100000100000100000100111100111100111100000100000100111100111100000100000100000100111100111100
000100111100111100000100111100000100111100111100111100000100111100000100111100111100111100000100111100000100111100111100000100000100000100111100111100111100111100111100111100111100111100111100
000100111100111100111100111100111100111100111100111100000100111100111100111100000100111100000100000100000100000100111100111100111100111100111100111100000100000100000100111100000100000100111100
000100111100111100111100000100111100111100000100111100000100000100111100000100111100111100000100111100111100111100000100111100111100111100111100111100111100000100111100111100111100111100111100
111100111100000100000100000100111100111100000100000100000100000100111100000100111100111100000100000100000100111100111100000100000100111100111100000100111100000100000100000100111100111100111100
111100111100111100111100111100111100000100000100111100000100111100000100111100000100111100111100111100000100111100000100000100000100111100111100000100111100111100111100000100111100111100000100
000100111100111100111100111100111100000100000100111100111100000100000100111100111100000100111100111100000100000100000100111100111100000100111100111100111100111100000100000100111100111100000100
000100000100111100111100000100000100111100000100000100000100000100111100111100111100000100111100111100000100111100000100111100000100111100111100111100000100111100000100111100000100000100000100
000100000100111100000100111100000100111100111100111100000100111100111100111100111100111100111100000100111100111100111100111100000100000100111100000100111100111100000100000100111100111100111100
111100111100111100111100111100111100000100000100111100111100111100111100000100111100000100111100111100111100111100111100111100000100111100111100000100000100000100111100000100111100000100111100
000100111100111100111100111100111100111100000100111100000100111100111100111100111100111100111100000100111100000100111100111100111100000100111100111100111100111100000100111100000100111100111100
111100111100111100111100111100000100000100111100111100000100111100000100000100111100000100000100111100111100000100000100000100111100000100111100000100000100000100000100000100111100111100111100
000100000100111100111100111100000100000100111100000100000100111100111100111100000100111100000100000100111100111100111100111100111100111100000100111100111100000100111100111100000100000100000100
000100111100111100111100111100111100111100111100111100000100111100111100000100111100111100111100111100111100000100000100111100111100000100111100111100111100111100111100111100111100111100111100
000100000100111100111100111100111100111100111100111100111100000100000100111100111100111100000100111100000100111100000100000100111100111100111100111100000100000100111100111100111100111100111100
000100111100000100000100111100111100000100111100111100111100000100111100111100111100111100000100111100000100111100000100111100111100111100111100111100111100000100000100111100000100111100111100
111100000100111100111100111100000100111100111100111100111100111100111100111100111100111100000100111100111100111100111100111100111100000100000100000100111100000100111100111100000100000100000100
000100111100111100000100000100111100111100111100000100111100111100111100111100000100000100111100000100111100000100111100000100111100111100000100000100000100111100111100111100000100000100111100
000100000100000100000100111100000100111100000100111100000100111100111100111100111100111100111100111100000100111100000100000100111100111100111100000100000100111100000100111100111100000100111100
111100111100111100000100111100111100111100000100111100111100000100000100000100111100111100111100111100000100000100000100111100111100111100111100111100111100000100111100000100111100000100111100
111100111100111100111100111100111100111100111100000100111100111100000100111100000100000100000100111100111100111100000100111100000100111100111100000100000100111100000100111100111100000100111100
111100111100111100111100111100000100111100000100111100111100111100111100111100000100111100111100111100000100111100111100111100111100111100000100111100111100111100111100111100000100000100111100
111100111100000100111100111100000100111100000100111100111100000100000100000100111100000100000100111100111100111100111100111100111100111100111100111100111100111100111100111100111100000100111100
111100111100111100111100000100111100111100111100111100000100111100111100000100000100111100111100111100000100000100111100000100000100111100111100000100000100111100111100111100000100111100111100
000100111100000100000100111100111100000100111100111100111100000100111100111100111100111100111100000100111100111100111100111100000100111100111100111100111100111100000100111100000100000100000100
000100000100111100000100111100000100111100111100111100111100111100111100111100111100000100111100111100111100111100111100111100111100111100000100000100000100111100000100111100000100111100111100
111100111100000100000100000100111100111100111100000100111100111100000100000100111100111100111100111100000100111100111100111100111100111100111100000100111100000100000100111100000100111100111100
000100111100000100000100000100000100111100111100111100000100111100000100111100111100000100111100111100111100111100111100000100000100000100111100000100111100111100111100111100111100000100111100
111100111100111100111100000100111100111100000100000100111100111100111100111100111100111100111100111100000100000100000100000100111100111100000100000100000100000100111100111100000100000100000100
111100111100000100000100111100000100111100111100111100000100111100111100111100111100111100000100111100111100000100000100111100000100000100000100111100111100000100111100111100000100000100111100
111100111100111100000100000100111100000100000100000100000100000100111100000100000100111100111100000100000100111100111100111100111100000100111100111100000100111100111100111100000100111100000100
000100000100111100111100000100111100111100111100111100111100111100111100000100111100111100111100111100111100111100000100111100111100000100000100000100111100111100111100111100000100000100000100
111100111100000100111100111100111100000100000100111100111100000100000100000100111100111100000100111100000100111100111100000100111100000100000100111100111100111100000100111100111100000100111100
111100111100111100111100111100000100111100000100111100000100000100111100111100111100000100111100000100000100000100111100111100000100000100111100000100111100111100111100000100111100111100111100
111100000100111100111100000100000100111100111100000100111100000100111100111100111100111100000100111100000100111100111100000100000100111100111100000100111100111100000100000100111100111100111100
000100000100111100111100111100111100000100111100111100000100111100000100000100111100111100000100111100111100000100000100111100111100000100111100000100111100111100000100000100111100000100111100
111100000100000100000100111100000100000100000100111100000100000100111100000100111100000100111100000100000100000100111100000100111100111100111100111100111100000100000100111100111100111100000100
111100000100111100111100111100111100111100111100111100111100111100111100111100111100111100111100111100111100000100111100111100111100111100111100000100111100000100111100111100111100111100111100
111100111100111100111100000100000100000100111100111100111100111100000100111100111100111100000100111100111100111100000100000100000100000100111100111100111100111100111100111100000100111100111100
000100000100111100000100000100111100000100000100111100000100111100111100111100111100000100000100111100000100111100111100111100000100111100111100000100111100111100111100111100000100111100000100
000100111100111100111100111100000100111100000100000100111100111100111100000100000100000100000100000100111100000100000100000100000100111100111100111100111100111100111100000100111100111100111100
111100111100000100111100000100111100111100000100111100111100111100000100000100111100000100000100111100111100111100000100111100111100111100111100111100111100111100111100000100111100000100000100
111100000100111100000100000100000100000100111100000100111100111100111100111100111100111100000100111100000100111100000100111100111100111100111100000100111100000100111100111100111100111100111100
111100111100111100111100111100111100111100000100000100000100000100000100111100000100111100111100111100000100111100111100111100000100000100111100000100111100111100111100111100111100000100111100
111100000100111100111100111100111100111100111100111100000100111100000100000100111100111100000100111100000100111100000100000100111100111100000100111100111100000100111100000100111100111100000100
111100000100111100111100000100111100111100000100111100000100111100111100111100111100000100111100000100000100111100111100111100000100000100000100000100111100111100000100111100000100000100111100
111100111100111100111100000100111100111100111100000100111100111100000100111100111100111100111100111100000100111100111100111100111100111100111100111100111100111100000100000100111100111100000100
000100111100111100000100111100111100111100111100111100000100111100111100111100000100000100111100111100000100111100111100000100000100000100111100111100111100111100111100111100000100111100000100
111100111100000100000100111100000100000100000100111100000100000100111100111100111100000100111100000100000100000100111100111100111100000100000100000100000100111100000100111100111100111100111100
111100111100000100111100111100000100000100111100000100000100000100000100111100000100000100111100000100111100111100111100111100111100111100111100111100000100000100111100111100000100111100000100
000100000100111100111100111100111100111100111100111100111100111100111100000100000100000100111100000100000100111100000100111100111100111100000100000100111100111100111100111100111100111100111100
111100111100000100000100000100000100000100111100111100000100111100000100000100111100111100111100111100000100000100000100000100111100111100111100000100111100000100000100111100000100111100000100
111100111100111100000100111100000100000100111100000100111100000100000100111100000100111100000100111100111100111100111100000100111100111100111100111100000100111100000100111100111100000100111100
111100111100000100000100000100111100111100000100111100000100111100111100000100111100111100111100111100111100000100000100111100111100111100000100000100111100000100000100111100000100111100111100
000100000100111100111100111100000100111100000100000100111100111100111100111100111100111100111100111100000100111100111100111100000100000100111100111100111100000100111100000100111100111100111100
000100111100000100000100111100111100000100000100000100111100000100111100111100000100000100111100111100000100000100111100000100111100000100000100111100111100111100111100000100111100000100000100
000100111100111100111100111100111100111100111100111100000100111100000100111100111100000100000100111100111100000100000100111100111100111100000100111100111100111100000100111100111100111100000100
111100111100000100111100111100111100000100111100111100111100111100111100000100000100111100000100111100000100111100000100000100111100111100000100111100000100111100111100111100111100111100000100
000100111100111100111100111100000100000100111100111100111100000100111100111100000100000100111100111100111100111100111100000100111100111100111100111100111100111100111100111100000100000100111100
111100111100111100111100111100111100111100111100111100111100111100111100111100000100111100000100000100111100111100111100000100000100111100111100111100000100000100111100111100000100000100111100
111100111100000100000100111100000100111100000100111100111100111100000100111100000100111100111100111100111100111100111100111100000100111100111100000100111100000100111100111100111100111100111100
111100111100111100111100111100000100111100111100000100111100111100111100111100111100111100000100000100111100000100000100000100000100000100111100111100000100111100111100111100111100000100111100
111100111100111100111100111100000100000100111100000100111100000100111100000100000100111100111100000100000100111100111100111100000100000100111100111100111100111100000100111100000100111100000100
000100111100000100111100111100111100000100111100000100111100000100000100000100000100111100000100111100111100111100000100111100111100000100111100111100111100111100000100000100111100000100111100
000100111100111100111100000100000100000100111100000100000100111100000100111100111100111100000100111100000100000100111100000100000100111100111100000100111100111100000100000100000100111100111100
111100111100111100111100111100111100000100000100000100000100111100111100111100000100111100111100000100000100000100111100111100111100111100111100000100000100111100111100000100000100111100000100
000100111100000100111100000100000100000100111100111100111100000100000100111100111100111100111100111100111100000100000100111100111100000100111100111100111100000100000100000100000100111100000100
000100111100000100000100111100000100111100111100111100111100111100111100111100111100111100111100111100111100000100111100111100000100000100111100000100111100000100111100111100111100111100000100
111100000100000100111100000100111100000100111100000100000100111100000100111100000100000100000100000100111100000100111100111100000100111100111100111100111100111100111100000100000100000100000100
111100000100111100111100111100000100111100111100111100111100111100000100111100000100000100111100111100111100000100111100000100111100000100111100111100000100111100111100000100000100111100111100
111100111100000100111100111100111100111100000100111100000100111100111100111100111100000100111100111100000100111100111100111100111100000100000100111100000100111100111100000100000100111100111100
000100000100111100111100111100000100111100111100111100000100111100000100000100000100000100111100000100111100111100000100111100000100000100111100000100111100000100000100111100000100000100000100
000100111100111100111100111100000100000100111100000100111100000100111100111100000100111100111100000100111100000100111100111100111100111100111100111100000100000100111100111100111100000100111100
000100000100000100111100111100111100111100000100111100000100111100111100111100000100111100000100111100111100111100111100111100111100111100111100111100111100111100111100111100111100111100000100
111100000100111100111100000100111100111100111100111100000100000100111100111100000100000100111100000100000100111100111100000100111100111100111100000100000100111100111100000100111100000100111100
111100111100111100000100111100111100111100111100000100000100111100111100111100111100111100111100111100000100111100000100111100111100111100000100111100111100111100000100111100000100111100000100
000100111100000100111100111100111100111100000100111100000100000100111100111100000100000100111100000100111100000100000100000100111100111100111100111100000100111100111100000100111100111100000100
111100000100111100111100111100000100111100000100000100000100111100000100111100111100111100000100000100111100000100111100000100111100000100111100111100111100111100111100000100111100000100111100
111100111100111100111100111100000100000100111100000100000100111100111100000100111100000100111100000100111100111100111100000100111100111100111100000100000100111100111100111100000100000100000100
000100111100111100111100111100111100111100111100000100000100000100111100111100111100111100111100111100111100000100111100111100111100111100000100111100000100111100111100111100000100000100111100
111100000100000100000100111100111100111100111100111100111100000100111100111100111100111100111100111100111100111100111100111100000100111100111100000100111100111100000100000100111100000100000100
111100111100111100111100111100000100111100111100111100000100111100111100111100000100000100111100000100111100111100000100111100000100111100111100000100000100111100000100111100111100111100000100
000100111100111100111100111100000100111100111100000100111100111100000100111100111100111100111100111100000100000100111100111100000100111100000100111100000100000100000100000100000100111100111100
000100111100111100111100111100111100000100111100111100111100111100111100111100111100111100111100111100000100111100111100111100111100000100111100111100000100111100000100000100111100111100000100
000100111100000100111100111100000100111100111100000100111100000100111100000100111100111100000100111100000100000100000100000100000100111100111100111100000100000100111100000100111100111100111100
111100000100111100111100111100000100000100000100111100111100111100111100111100000100000100000100111100000100000100111100111100000100000100000100000100000100000100111100111100111100111100000100
111100111100000100111100111100111100111100000100111100111100000100111100000100111100111100111100111100111100000100000100111100111100000100111100111100000100111100111100000100111100111100111100
111100000100000100111100000100111100111100000100111100000100111100111100111100111100111100000100111100111100111100111100111100111100000100000100111100111100000100111100111100111100000100111100
111100111100000100111100000100000100000100000100000100111100000100000100000100000100111100111100000100111100111100000100000100111100000100111100111100000100000100111100111100111100111100111100
111100111100111100111100000100111100111100000100111100111100111100111100111100000100111100111100111100000100111100111100000100000100111100111100111100111100111100111100111100000100000100111100
111100111100111100111100000100111100111100111100000100000100000100000100111100000100111100111100111100111100000100000100111100000100000100111100111100000100111100000100111100111100000100111100
000100111100000100111100111100111100111100111100111100111100111100111100111100000100000100111100111100111100111100111100111100111100000100111100111100111100111100111100111100111100000100000100
111100000100111100111100111100000100111100111100111100111100111100000100111100111100111100000100000100111100000100111100111100000100000100000100111100000100000100111100111100111100111100111100
000100000100111100111100111100000100111100111100000100111100000100000100111100111100111100000100111100111100111100000100111100000100111100111100000100111100111100111100111100000100000100111100
111100000100111100111100111100111100111100000100111100111100000100000100111100111100111100000100000100111100111100111100111100111100000100111100111100111100111100111100111100111100111100000100
111100000100111100111100000100111100000100000100000100000100111100111100111100000100000100000100111100000100111100000100000100111100000100111100111100111100000100000100111100111100111100111100
111100111100111100000100000100111100111100111100000100111100111100000100111100000100000100111100000100111100111100000100111100111100000100000100111100111100111100111100111100111100111100000100
000100111100000100111100000100111100000100000100000100000100000100000100000100111100111100111100111100000100111100111100111100111100000100111100111100111100000100000100111100000100000100000100
111100111100111100000100111100111100000100000100000100111100000100111100111100111100111100000100111100000100111100111100111100111100000100111100111100111100111100111100000100111100111100111100
111100000100111100000100111100111100111100111100111100000100000100111100000100111100000100000100111100000100000100111100000100111100111100111100000100111100000100000100000100111100000100111100
111100111100000100111100111100000100111100111100111100000100111100000100000100111100111100111100111100000100111100111100000100111100111100000100111100111100111100111100111100111100111100000100
000100111100111100111100111100000100111100000100111100111100111100111100000100000100111100111100111100111100111100111100111100111100111100111100111100000100111100111100000100111100111100111100
111100111100111100000100111100000100111100000100111100111100000100000100000100111100000100000100111100111100111100111100111100111100111100000100000100111100111100111100000100000100000100111100
111100111100000100000100111100111100111100111100111100111100111100111100111100000100000100000100000100111100111100111100111100111100111100111100111100000100000100111100000100111100111100111100
000100111100111100111100111100111100111100000100000100111100000100111100000100000100000100111100111100111100111100111100111100000100111100111100000100111100000100111100000100000100000100000100
111100111100000100111100111100000100111100111100111100111100000100111100111100000100111100111100111100111100111100111100111100111100000100000100111100111100000100111100000100111100111100111100
111100000100111100000100111100000100111100111100111100000100111100111100000100111100111100111100111100000100000100111100000100000100111100111100000100111100111100000100111100000100111100000100
000100111100111100000100111100000100000100111100111100111100111100111100000100111100000100111100111100111100111100111100111100111100000100000100000100111100111100111100111100111100111100111100
000100111100111100111100000100000100000100111100111100111100111100111100111100111100000100111100111100000100111100111100111100000100111100111100111100000100111100111100111100111100000100000100
000100111100111100111100111100111100000100000100111100111100111100111100000100111100111100000100111100111100111100111100000100111100000100111100000100111100111100111100111100111100111100000100
111100111100000100000100111100000100000100111100111100111100000100000100000100000100111100111100000100111100111100000100000100111100000100111100111100111100000100111100111100000100000100111100
000100111100000100000100000100111100000100111100000100111100000100111100111100000100111100111100000100111100000100000100111100111100000100111100000100000100111100000100000100111100111100111100
111100000100000100000100111100000100111100111100111100000100000100000100000100111100000100000100000100111100111100000100111100000100111100111100111100111100111100111100111100111100000100111100
111100111100000100000100111100000100000100111100111100111100111100111100111100000100111100111100111100111100111100111100111100000100111100111100111100111100111100000100111100111100111100111100
111100000100111100111100111100000100000100000100111100111100000100111100111100111100000100000100000100000100111100000100000100111100111100111100000100000100111100000100000100000100000100111100
000100111100111100111100111100111100111100000100111100000100111100111100111100000100111100111100000100111100000100111100111100111100111100111100111100000100111100111100111100111100000100000100
000100111100111100000100000100111100111100111100111100000100111100111100111100000100111100111100111100111100000100111100111100111100111100111100111100111100111100111100111100111100000100111100
000100000100111100111100111100111100111100111100111100000100111100111100000100111100000100111100000100111100000100111100111100000100111100111100111100111100111100000100111100111100111100000100
111100111100111100000100111100111100111100000100111100111100111100111100111100000100000100111100111100111100111100111100000100000100000100111100111100111100111100111100000100111100000100111100
111100111100111100000100111100111100111100000100000100111100000100000100000100111100000100111100000100111100111100000100111100111100000100111100000100000100000100111100111100111100111100000100
000100111100111100000100111100111100111100111100000100111100111100000100000100111100111100111100000100111100000100111100111100111100111100111100111100111100111100111100111100111100000100111100
000100111100000100000100111100111100111100111100000100111100000100000100111100000100111100000100111100111100000100111100111100000100111100111100000100111100111100000100111100111100000100111100
111100000100000100111100000100000100000100111100000100111100000100111100111100111100000100111100111100000100111100111100111100111100111100000100111100111100000100000100000100111100000100000100
111100000100111100111100111100111100000100000100000100111100111100111100111100111100111100000100111100111100111100000100111100000100111100111100000100111100000100000100000100111100111100111100
000100111100111100111100111100111100111100000100000100111100000100111100000100111100111100000100111100111100000100111100111100000100111100000100111100111100111100111100000100000100111100000100
111100000100000100111100111100000100000100111100111100111100111100111100111100111100111100111100000100111100111100111100000100111100000100000100111100111100000100000100000100111100111100000100
000100000100000100111100000100000100000100111100000100000100000100000100000100111100000100000100111100111100000100111100000100000100111100111100000100000100111100000100111100111100111100111100
111100111100111100000100111100111100111100111100000100111100111100000100000100000100111100000100000100000100111100111100111100000100111100000100111100000100000100111100111100111100111100000100
111100000100000100000100111100111100111100000100111100111100111100000100111100111100000100111100000100111100111100000100111100111100000100111100111100000100111100000100111100111100111100111100
111100111100111100111100111100111100111100000100000100000100111100111100111100000100000100000100111100000100111100111100000100111100000100111100000100111100111100111100111100000100000100111100
111100000100000100111100111100111100111100111100000100111100000100000100000100000100000100000100111100111100111100000100111100111100111100111100000100111100111100000100111100111100111100111100
000100000100111100000100000100111100111100000100000100111100111100111100000100111100111100111100111100111100111100000100111100111100000100111100111100111100000100111100111100000100111100111100
000100000100111100000100111100000100000100111100000100111100000100111100000100111100000100000100000100111100000100000100111100000100111100000100000100111100111100000100111100111100111100000100
111100111100000100000100111100111100111100000100111100000100111100111100111100111100111100111100111100111100000100111100111100111100000100000100111100111100111100111100111100111100111100000100
111100111100111100111100111100000100000100111100111100111100000100000100111100111100111100000100111100111100111100000100111100000100000100000100111100111100111100111100000100000100000100111100
111100000100111100000100111100111100111100111100111100000100111100111100111100111100000100111100111100111100000100111100111100000100000100111100000100111100111100000100111100111100111100000100
111100000100111100000100000100111100000100000100111100111100000100000100000100111100000100111100000100000100111100000100111100000100000100000100111100000100111100111100000100000100111100111100
000100111100111100111100111100111100000100111100000100111100111100111100000100000100111100111100000100111100111100111100111100000100111100000100000100000100111100111100111100000100000100000100
000100111100111100000100111100111100111100111100111100111100000100111100111100111100111100111100000100111100000100000100000100000100000100111100111100000100111100000100000100111100111100111100
111100000100111100000100111100111100111100111100111100000100111100000100000100000100111100111100111100111100000100000100000100000100111100000100111100000100000100000100111100000100000100111100
111100000100111100000100111100111100000100111100111100000100111100000100000100111100111100000100000100000100000100111100000100111100111100000100000100000100000100111100111100000100000100111100
111100111100000100000100111100000100111100111100111100111100111100111100111100000100111100111100000100000100111100111100000100111100111100111100111100111100111100000100111100111100111100000100
111100000100000100111100000100111100111100111100000100111100111100000100000100111100111100000100111100111100000100111100111100000100000100111100000100111100111100111100111100111100000100111100
000100111100111100111100000100000100000100000100111100000100111100111100111100111100111100111100111100111100111100111100111100111100111100000100111100111100000100111100111100111100111100111100
111100111100111100111100111100111100000100111100111100000100000100111100111100000100111100000100111100000100000100111100000100000100111100000100111100000100111100000100111100111100111100111100
111100111100000100111100111100000100000100111100111100111100111100000100111100111100000100000100111100111100000100111100111100000100111100000100111100111100111100111100111100000100000100111100
111100000100000100111100000100111100111100111100000100111100111100111100111100000100111100111100111100000100111100111100111100111100111100111100111100111100000100000100111100111100000100111100
000100111100000100111100000100111100000100111100111100111100111100000100000100111100000100111100111100111100111100000100111100111100111100111100111100111100111100000100111100000100000100111100
111100111100000100000100000100111100111100111100000100111100111100111100111100111100000100111100000100000100111100111100111100111100111100111100111100000100111100000100111100000100000100111100
000100111100111100111100000100111100000100000100000100111100111100000100000100111100000100111100111100111100111100000100000100111100111100000100111100111100000100000100111100111100000100111100
000100111100000100111100000100111100111100000100111100111100000100000100000100111100111100111100000100111100111100111100111100111100000100111100111100111100111100000100111100111100111100111100
111100111100000100000100111100111100111100000100111100111100000100111100111100000100111100000100000100000100111100000100000100000100111100000100111100111100111100111100111100000100000100111100
111100000100111100000100111100000100000100111100000100000100111100111100000100111100111100111100000100111100111100111100000100111100000100000100111100111100000100000100000100111100111100111100
000100111100111100111100000100000100111100111100111100111100000100000100111100000100111100000100111100111100111100111100111100000100111100111100111100111100111100111100111100000100111100000100
111100111100000100111100111100000100111100111100000100111100111100111100000100111100111100000100000100111100111100000100111100111100111100000100111100000100000100111100000100111100111100111100
000100111100000100111100000100000100111100111100000100000100111100111100111100000100000100111100111100111100111100111100111100111100111100111100111100111100000100000100111100111100000100000100
000100111100111100000100000100111100111100000100111100000100000100000100000100111100111100111100000100111100111100111100111100000100000100000100111100000100111100111100111100111100111100111100
111100111100111100111100111100111100000100000100111100000100000100000100000100000100000100000100000100000100111100000100111100111100000100111100111100000100000100111100111100000100111100111100
111100000100111100111100111100111100000100000100000100000100000100111100111100000100000100111100111100111100111100000100111100111100111100000100111100111100111100111100111100000100111100111100
000100111100111100111100000100111100000100000100111100000100111100111100111100111100000100111100000100000100111100000100111100000100111100000100111100111100111100000100000100111100000100000100
000100000100111100111100000100111100111100111100111100111100111100111100000100000100000100111100000100111100111100000100111100111100111100111100000100000100000100111100111100111100000100111100
111100111100000100000100111100000100111100111100111100111100111100111100111100000100000100111100111100000100000100111100000100000100111100111100000100111100000100111100111100111100000100111100
111100000100000100111100111100000100111100111100000100111100000100111100000100111100000100111100111100111100000100111100000100000100111100111100111100111100000100111100000100000100111100000100
000100111100111100111100111100111100111100111100000100111100000100000100111100000100000100111100000100000100111100111100000100111100000100111100111100111100111100111100000100000100000100111100
111100111100000100000100111100111100000100000100000100111100111100111100111100111100000100111100111100111100111100000100111100111100111100111100000100111100111100111100111100111100111100111100
111100111100000100111100111100111100111100111100111100111100000100111100000100111100000100111100111100111100111100111100111100111100111100111100111100111100111100111100111100111100000100000100
111100000100000100111100000100111100111100111100000100111100111100000100111100111100111100111100000100111100111100111100111100000100000100000100111100000100111100000100000100000100000100111100
000100111100000100111100000100000100111100111100000100000100111100000100111100111100111100000100000100000100000100000100111100111100000100000100111100111100111100111100000100000100111100000100
111100111100111100111100111100111100111100000100000100111100000100111100111100000100111100111100111100111100111100111100111100000100000100111100111100000100111100111100000100111100000100111100
000100111100000100111100111100111100000100111100111100000100111100000100111100111100111100000100111100000100111100000100111100111100111100111100000100111100000100111100000100000100111100111100
000100111100111100111100000100111100111100000100000100111100111100000100111100111100111100000100000100000100111100000100111100111100111100111100111100000100111100000100111100000100000100111100
000100111100000100111100000100000100111100111100111100000100111100111100111100111100111100000100000100000100000100111100111100000100111100111100000100111100000100111100111100111100000100000100
111100111100111100111100111100000100111100111100000100000100111100000100000100000100000100111100111100111100000100111100000100111100111100111100111100111100000100111100111100000100111100000100
000100000100000100000100111100111100111100000100111100111100111100000100111100111100000100111100000100111100111100000100111100000100111100000100000100111100000100111100111100000100111100000100
000100000100111100000100111100000100000100000100111100111100111100000100111100111100111100111100111100000100111100000100111100111100111100111100111100111100000100111100111100111100111100000100
000100111100000100000100000100000100111100111100000100111100111100111100111100111100000100111100111100000100111100111100111100111100000100111100111100111100111100111100111100111100000100111100
111100000100111100111100111100000100111100000100111100000100111100111100111100111100000100111100111100111100000100111100111100111100000100111100111100000100111100111100111100111100000100000100
000100111100000100000100000100111100000100111100111100111100111100111100000100111100000100111100111100111100000100000100111100111100111100111100000100111100000100111100111100111100111100000100
111100111100111100111100111100000100111100000100111100111100000100111100111100111100111100111100000100000100111100111100111100000100000100111100111100000100111100000100000100111100111100111100
111100111100000100111100111100111100111100111100111100000100000100000100111100000100111100000100111100111100111100000100111100111100000100111100111100111100000100111100111100000100000100111100
111100111100111100111100000100111100000100111100111100111100111100111100000100111100111100111100000100000100111100111100111100000100111100000100111100111100000100000100111100000100000100111100
000100111100111100000100000100111100000100000100111100111100000100000100000100000100000100111100000100000100000100111100000100111100111100111100000100111100111100111100111100111100111100000100
111100111100111100111100111100111100111100111100111100111100000100000100111100000100111100111100000100111100000100000100111100111100111100111100000100111100111100000100111100000100000100111100
111100000100000100000100111100111100111100111100000100000100111100000100000100111100000100111100000100000100000100111100000100111100111100111100111100111100000100111100111100000100000100000100
111100000100000100000100000100111100111100111100000100000100000100111100111100000100111100111100111100000100111100111100111100111100111100111100000100000100111100111100000100111100111100111100
111100111100000100111100111100111100111100000100111100111100111100111100111100000100111100000100000100111100111100000100111100000100111100111100111100111100111100111100111100000100000100000100
000100111100111100000100000100000100111100111100111100000100111100000100111100111100111100111100000100111100111100111100000100111100111100111100000100111100000100000100111100000100111100111100
111100111100000100111100111100111100111100111100000100000100000100111100111100000100111100111100111100000100111100000100111100000100111100000100111100111100111100111100000100111100000100000100
111100000100111100111100000100111100111100000100111100111100111100111100111100111100111100000100000100111100111100111100000100111100000100000100000100111100111100000100111100111100111100111100
111100111100111100000100111100000100000100111100000100111100111100111100111100000100111100000100111100000100000100000100000100000100000100000100111100000100111100111100000100111100111100111100
111100000100111100000100111100111100000100111100000100000100111100111100000100000100000100111100000100111100000100000100000100111100111100111100000100111100111100111100111100111100111100111100
111100111100111100000100111100000100000100000100111100111100000100000100111100000100111100111100111100111100111100111100111100111100111100111100000100111100000100000100000100000100111100111100
111100000100000100111100000100111100000100111100000100111100111100000100111100111100111100111100111100111100111100000100111100000100000100111100111100111100111100111100111100000100000100111100
111100111100000100000100000100000100000100111100000100111100111100000100111100111100000100111100111100111100000100111100111100000100000100111100000100111100000100000100111100111100000100111100
111100000100111100111100111100111100111100000100000100111100111100111100111100000100111100111100000100000100111100111100111100111100000100000100000100111100000100111100000100000100000100111100
111100111100000100111100000100111100111100111100000100111100111100000100111100000100000100000100000100000100111100000100111100111100000100111100000100111100111100000100000100000100111100000100
111100111100000100111100111100000100111100111100000100111100111100111100111100000100000100111100000100111100000100000100111100111100000100111100000100111100111100111100000100111100000100000100
000100111100111100000100000100000100000100111100000100111100111100111100111100111100111100111100111100111100111100111100111100000100000100111100000100000100111100111100111100111100000100111100
000100111100000100000100111100000100111100000100000100111100111100111100111100111100111100111100111100111100111100111100111100000100111100000100000100111100000100000100111100111100111100111100
111100111100000100000100000100111100111100000100111100111100111100111100111100111100000100000100000100000100111100000100111100111100111100111100111100111100111100111100111100000100111100111100
111100111100000100111100111100111100000100111100000100000100111100000100000100111100000100111100111100111100000100111100111100000100000100000100000100111100111100111100111100000100111100111100
111100000100111100000100000100000100111100000100111100000100111100111100111100111100000100111100111100000100111100000100111100000100111100111100111100000100111100111100111100111100111100111100
111100111100111100000100111100111100111100000100111100111100111100111100111100000100000100000100000100111100111100111100111100111100111100111100000100111100000100111100111100000100000100000100
000100111100111100000100111100111100000100111100111100000100000100111100000100111100000100111100111100111100111100111100111100111100111100111100111100111100111100111100111100111100000100000100
000100111100111100000100111100111100111100111100111100111100000100000100111100000100111100111100000100111100111100111100000100111100111100111100000100111100111100111100111100111100111100000100
111100111100000100111100111100111100111100000100111100000100111100000100111100111100000100111100000100111100111100111100111100111100111100111100111100000100000100000100111100111100000100111100
111100111100111100111100111100000100111100000100000100111100000100111100111100111100111100111100000100000100000100111100111100000100111100111100111100111100000100111100000100111100000100000100
111100000100000100111100000100111100111100111100111100111100000100111100000100000100111100111100111100000100111100111100000100111100111100111100111100111100111100111100111100000100000100111100
000100111100111100111100000100111100111100000100111100111100000100000100111100000100111100000100000100111100111100111100111100000100111100111100111100111100111100000100111100111100000100000100
111100111100111100111100111100111100000100111100000100111100111100000100000100111100111100111100000100111100111100111100111100111100111100111100111100000100111100111100000100000100111100111100
000100000100111100111100000100111100111100111100111100000100111100000100000100111100111100000100000100111100111100111100111100111100111100000100111100111100111100111100111100111100111100111100
000100000100000100000100000100000100000100111100111100111100111100000100111100111100111100111100000100000100111100000100000100000100000100000100111100000100111100000100111100111100111100000100
111100000100111100111100111100000100111100111100111100000100111100111100000100111100111100111100111100111100000100000100111100000100000100000100111100000100111100111100111100111100111100000100
000100000100111100000100000100111100111100000100111100000100000100111100111100000100111100000100111100000100000100111100111100111100111100111100000100111100111100111100000100111100111100000100
111100111100000100000100111100000100000100111100000100111100111100000100111100000100000100111100111100111100111100000100111100000100111100000100111100111100111100111100000100111100000100111100
111100000100111100111100111100000100000100111100111100111100111100111100000100000100111100111100111100000100000100000100000100000100000100000100000100111100111100000100000100111100111100111100
111100111100111100111100111100000100111100111100000100111100000100111100111100111100111100111100111100000100111100000100111100000100111100000100111100111100000100111100111100111100111100000100
111100111100111100000100000100111100111100111100111100000100111100111100000100000100111100000100111100111100000100111100111100111100000100000100111100111100111100111100000100111100000100111100
111100000100000100000100111100000100000100000100000100111100111100111100000100111100111100000100000100111100111100111100000100111100111100111100111100000100111100000100000100000100111100000100
111100111100111100000100000100111100111100000100000100000100111100111100000100111100000100111100000100000100111100000100111100111100000100111100111100111100000100111100111100111100000100000100
                                                                                                                                                                                              11100000100111100111100000100000100111100111100111100000100111100111100111100111100000100111100000100000100000100111100000100
111100111100111100000100000100111100111100000100000100000100111100111100000100111100000100111100000100000100111100000100111100111100000100111100111100111100000100111100111100111100000100000100
