111100000100001010111100001010111100111100111100001010111010000100001100110100001100000110001100000100111100110110111100111000111000001010001010111000001010111100111100110110111000000110110110
000100110110001000000110110110001010111100110110110100111100111010111000000100111100111000110110111100000100110110110100110100001010111100001000111000000010000010111010111100110110000110000100
110110000110111010111110000010000100111100110110110110110100111110111000111000110100001100000100000010111100001100000100000110110110110110000110110110110110110110111110111000111100111110111100
001000001010111100000100001100110100000100110110110110111110000100001000110100111010001010110100001010111000000100000100111100111110001010110110111010111100110100110110001010001000111100111100
110110000100111100000100110100111000111000001010110110000100111010111110110110001010110110000100110100111100111110000100111010001100000100110110001010000100110110001010111100110110110110111010
111110000010000010000010111010000010111100000010111010111100111010111110111100000100111100000110000110000000111110000000000010000100111110111110111110111100111110111010111100000100000000000000
000110000000000110111100111110111100000010000100111100111100000100111100111110000000000100111010000000111100111110000010111110111100000010000100111010111100000100000100000010000010000000111100
000110000010000000111110000010111100000100000100000110111100000100000100000000000100000010000000000110111100000010111010000000111110000100000100111110111100111100000100000100111100000100000010
000110111010000100111110111110000010111100111100111100111100000010111110000100000110000010000000111100000100000010000010000010000100000010000010000110000010000010000100111100000100000000111100
111000110110000100110100111100000100001000111100110100001100000110110100111110111010110110110110110110001000001000001010001010000100000100110110111000110100111100001000111100111010110100111110
110110000010111110111000000110000110110110001100110100111010110110000100110110111010000110000100000010001010111010000100110100111110001010000110001010001000110100000100111000111100001100110110
001000110110111000111100111000111100000100110100000100111100110110001010111100111110001010111010110100110110110110111110111100001000111000110100110110110100001010001000001100110110111100001010
000110111000110110111100111100110110110110001010000100000100111100111110001100000100111000111100111100110110111000000100110100111100001010001010001010110110000010111000111110001010001000001010
000100111110000100000010111100000100111110000010000010111100000100000100111100000110000110000100000010111010111100000010111100000010111110111100000010000010111010000100111010111100111110111110
000100000010111100111100111100000010111010111010111100111100000010111110000010111010000000111100111100111100111110000010000100000000111100000100000100111010000000111100000100111010000010000010
110110110110111010111000111000111100001100111010110100111100111100111010111100110110000010110110111010111110111000111100110100111110001000111110001100111100000110000100000110000100001000000010
110100001010111110111100000110111100110110001100110100001010001010001010111100111110110110110110000110111100001010000100001010000110001010111100001000001100001100111100111100001010111010110110
000010111010110110111000000110000100111000111110000110001010111110001100001010111010111100111110111100111100111110111100110110111100111010000100111000000110111110110100111100110110000110110110
110100111100111100000110110110111010001100111110000100111000000100000100000100111100110100000010111010111010111100111110111100111000001010000110111110110110110110111100000110111100110110111110
111100000010000010111100000010000000000010000100000010111110111010000100000100000010111110000010000010111110000000000110000100000000111110000100000100111110111110111110111100000110111110111010
111110111100000100111100111010000100111010000010000010111110000010000100111110000010000010111110111100111010000100111100000010000010000010111100000100111100000010111100000110111100000000000010
111000001100110110111000000110001010111100111010111100111000110100000100111100001000111010111010110110000010000100000100000100111110001100001010110100111000110110111110110110000100111110111000
111110000010111110000000000100111110111010000010000100111110111100111100000010111110111110111110111110111100000000000100111110000010000000111100111100111100111110000110000010111010000100111110
000110111010000110110110111010001010001010110110111000110110111100000100111110111010110110110110000100111100110110111100110100111010111100000100110100000110111100111100000100111100111100001100
110100001010111100001100000110110100110110001000000110111100110110111010111000001100110110000110111110110110001010111100111100111110001100111100111110001100111110111100000010000010001010000100
000100110110111010111010110110111100001010111100111010001010000110111000110110110110000110001010111010110100111000001010001010111010111110111010111100000100111110111100111100110100111110001100
111110111100111100000010111110111100000010111100000010111100000010111110111110000100111100111100000100000000000100000000000000000100000110000010111110111100000000111110111100000000111100111100
000100111100000100111110111100000010000010111100111100111100000010000100111010000110111110000010111110000010000100000100111100000000000110111110000010000010111100000000000000111100111100000100
000000000000000000000010000010111100111010111110000000111010000010000100000110000010111010000100000010000010000100111100111100111110000010000100000100000100111100111110000010000100111100000010
111100000100000100111110111110111100111100111010111110111100000010111110111010000100000010000010111100000100000100000110000000111100111100111110000100000000000110111100111110111110000010000100
111110111100111100111110000110000000111100000100111100000000000100000100000010111100000010000000000000000110000010000010000010111110000000000010111100111010111110111010111100111100000110111110
110110001100111010110110111100110100110100110100001010110110110110000010110100111010110110110110111000001100110100000110000110111100111110000010111100110100111110000100110100111110110110111010
000010111100000100000010111010111100111110111100111100000010000100111010000110111100000100000010111010000100111110000010000010000100000000000100000000111010000100000010000100000010111100000100
111100110100111000001100110110110100111110110100000100111010111010111100111110111010111100111000111000000100000110000010001010111010000100110100110100000100111110111110000100000010110110111000
000100111110001010001100111010111000111110110110001010000100111100111100111010110110111100111010111010001000001100111000110100001000000110111110111100111000001010111100001100111100001100110100
000010000010111010000100000010111100000100000110000000111110000000000010000010000010000110000110000100111100111110000010111010111100111100111110000100111010000100000100111100000010111100111110
000100110100110110110110111110110110111010111000111010000100000110000110110100001000001000110100111110001010000100111010111110000100001010111110110100000100111100111110111110111000000100111000
111010111100000100111100111100000000000100111100000010111010111010000110111110000110000010111100111010000110111100111100111010111110111110000010000100111010111110000000111010111010000100111100
001010000110111010000100111000111010110110000010110110001010111100001000000010111110000110110100001000110110000110110100001010000110000100111000110110000010111100111110111100110110111100110100
111110111100000000000100000100000010111110111010111100000100000010111100000000000010111110111110000000000110111100000010000110111010000100000000000100111100111100111110000010000000000010111100
110100000100111110001100111100000110000100000100110110111100111010110100001100111100110110111100110110000100001010001010110110110110111100000100111100110110110110110110110110111100110110111010
001010111100000100111010111000111100001100110110001010110100000010111100111000111110000100000100111110110110111100110110110110111000000010111000110110111000111100110100001010111010001010110100
000010111100000110111100111010000010000100111110000010000010000100000010000100000010000010000100111010000100000100111010111100111110111100111100000010111100111110000010000010000010000000111110
000010000010111010111110000010111110111100111100111100000000000100111100111110111110000010000010111110111010000010111110000000111110111100000100000010111110000100111100000100111010000100111110
000010000000111110111110111110000000111100111100111100111010111110111100111110111110000010111010111100000010000100111100111100111010000010111100000100000010000000111110000000111110000100111100
000100111110111100111110000000111100000100000010111100000010000100111110111110000100000010111110000000000010111110111010000110111110000010000000111100000100111100000000000010000010111100000000
111100111110000100000100000010111010000110111110111110111010000000111100000000111110111110000010111100000110000010000100000110111100000010000100111100000100000100000010111110000010000110000010
000100000100110110001000111100001100111000111010000100110100111100111000111000111000111000001010111000111010000100111100110110000010110100111000001000001100111010111010000010000100111110110100
110100000100110110110110111000000110111100111000111110001000110110111110001100001000110110110100000100001010110110111100000100111010001000111100001010000110111000000010111100110110110110111100
111110000010111110000010000100111100111100000010000100000010000010000000111100000100000000111010000000000010000100111110111100000010000100000000111100111010111100111100000100111010000010111100
000010000010111100111010111110000100111110111110000000111100111110000100000000111100111100111110111110111110111010111010000010000010000010111010111010111100000100111100111100000010111110000100
000100000000111110111110000100000100000100000010111010111110111100111100000100000000111100111010111110000100000100000010111100111100111100000100000100000110000000111110000010111010111100000000
110110111110111110111100110110000110000110110100000110111000110110110100001100111100001010000100111010110110111110111100110110110110000100111100001010001010111010111110110110000100001010001000
110110000010110100111100111000111000110110111100001010111100000100000100110110111100111110000100111100111110111100110110111010110100111000110100110100001010111100111010001010111100110100000100
111100000010111110000010000010000100111100111110000010111100111110000100111110000100000100111110000010000010000100000010111100111110000010111010000100000010000010111100111110000100000010111110
000010000000111100000100000000000010000100000000000100000000000010000110000100111110000000111010111010000000111100000010111100111110000000111100111110111110111100000000111100000010111110000010
000110111010111010110110111000001010110110111100111010110100111010001010000100111010111100001000001000111110111010111000111100110100111000001010111010110100111100111100001100000100110110000010
000100111010000110000110000010111010111110000000000000111100111110000000000100111110000100111110111100111110000010111110000000111100000110000110111110111110111110000110111100000100000100000000
000100000010110110110100111010001000110100111100001010111000000110110100111000110110111010001100000100001100111010001010000110111100000110111000111000000100110110110110111100001100110110001100
001100001100110100000100110110001010110100110110111010001010111100001010111100110110000100111000110100110110111010111010111100001100111100111100111010111100110110000110111110000100110110110110
111100001000110110111010111100111100110110000100110100110110001010001100111110111000111100110110111000111010111000000100110100110100111010111010110110110100000100001010111100111010111000001010
111010001000001010000100111110110100001100000010111110000010110110001000000100000110111100111000111100111100110110001100001010111100111010000110111000111110110110111000000100000010111010111100
000100111110111110000010000000000010111110111100000000000100111110111110000010111010111110000000111010000100000000111110111100000100000100000010111010111010000100000110000100000100111100000010
111010000010111100000110000000111010000000111100111110111110111110000100000010000010000010000010111010000010111110000100111110000000111100111100111100111110111100000100000100111010111100000000
110110000100110110111110111010000110111110110110111100110110001010111100000110001010111000000110000100111010000110000010111100111110000010111000111100111110001010110100000100111110110110111100
111110110110110110111110111100110110111100110110001000000100001010000100110110000010000110110110001100001010111010110100111100001000110110000110001100111110001010111000001010111100110110001010
110100110100110100111100001010110110110110000110110100000100110100111100000110001000000010000100111100001100110110110110000010111010111000111000111010000100001010000010111110111000111110111100
111010111100110110111110000100110100000010111000111110001000001000111100111010110110111100110100111100000100111100110100111110001100111010000110001010111000111010111010001010110110001010111010
111010001000111010001100000110111000110110111100110100111010110100111000000010110110111010110100110100110110000110110110110100110110110100110110111100000110111110000110001010111100000100000010
111110000010000010000100000000111010111110000100111010111100000010000010000000111100111100000100000100111010000100111100111100000010000010000110111100111110111110000100000010000010000110111110
001010001100111100111010111010000100110100111100001000000110111100000010111010111000111110110110110110111110110110110100000110110110110100111010111100111000111100001100110110110110001100001010
001010111000111000110110111010110110111110111100000010111110111100111000111100111100000110110110001000110110111100111010001010111100001010111000000100000010110100110110111100001000000100110110
111110001100111000111100111100111110111100111100110110111100111010111100111100001000110100111100111100111010000110001100001010000100110110000100110110001010001010111110111100110110111010000100
000110000100000100000010000010000000111100000010000100000000111100000100111110000010000000000100111100000100000100111100111110000000111100000100111100111100000010000100111010111100111010111010
000010000110111110111110111010000000000000111100000000111100111100111100000010000100111010000010111100111100000100000110111010000100000010000110111110000000111100000010111100000110000000111110
111100111110111100111110000010111100111110000110111100000100000010000010000100000010111100000010000010000100111100111110111110111110000100000010111110000100000000000110111100000000000100000010
110110111110000100000100110110111100111100110100000110000110110110110100110110110110001010111100111100001010111110111100000110110110111110110110001010000010110100001010111100111010000100001010
000010111110000010000100000100000100000100000000000010111100111100111100111010000000000000111100000000000000000010111100111100111100000000000100111110111100111010111110111010000010111110000100
110100000100111100110100111000111000000010111010110110111100110110000100000010110110111100111100111010110110001010000100000110001010001100111000111100000100111010110100111000111100110110111010
111110111110000000000010000100111100111110000010000010000100000100000100000100000100000010111100000110111010000100000110111010111100111100111010111100111100111100111110111010111100111100111110
110110111010110110000010000010000100111110110110000100110110111010111000000010001010110110001100001010110110000010001100111100000100000110001010110110111110111100111100001010110110001100001100
000010111110111100000010000010000010000100000100000110111110111100111010111110111110000100000100111110111010111010000010111100111100111010111100111110111110000000111100000100000010000100111100
001010110110110110111100001010001000000100111110110110110100000100111110110110110110111100111110111010000100111000111010110100111110111100001010111110110110001010001010001100110110111100111100
111010111100111100111100000110000100111100111100000000000000000100111010000000111110000010000100111100000010111100111100111100000100111110000100111110000010111110000100000000000010000010000000
111110111100111110000000000010111110000000111100111110000110000010111100000010000010111100000010000000111110000010000010000100000000111110000010111110111010111010000010111100111010000100000000
111100111100000010000100000100111110111100111100000010000000111110111100111110111100111100000000000100000010000100111110000010111110000000111100111100111110000100111100111010111100111110000010
111110111100000100000010000010111110000000000010000010000100000100111100111100111110111100111010111100000010000100111100000010000010111100000100000000000100000110000110000100111110111110000010
000100111010000010111100000100111010000110000110000100000100000010111100000100111010000010000010000000111100000010000010000000000000000100111010000000111010111110111010000010111100000010000000
111110111110111110111110111010111010111110111110000110000000111100111010000110111110000010111100000100111110111110111100000010000100000000000110111100000010111010111110000010000000111110111010
000010111010001000111000111000110110001010111010110110001000001100111100111100110110110100111000000110111100000100001100000100110100001010000110110100111110110110110100110110000010111000111000
000010001100111010001000111100111000111100111010110110001000001000110100110100111000001010110100000100110110111010110110001010111100001100111000000100111010001010001100111110110100110110111010
000100001010111000110110001010110110111110111110111010110110001100110100001010110110111010001010110100110110110110111010000100110100001010111010001000001010111000000100110110110110111010001100
111110000010111010000100111100111010111100111100111110000010111100000010000000111010000100111100000100111100111100000000111110000100000010111100000100000010000100000100111100111010111110111100
000110110110111100110110000110000100111010001010110110000110001010111000000100110100111100110110111110111100111010111110111000000100110110001010111110001000001100110110000100111010111100111000
111100000100000100111010111110111100111100000010111010111110111100000100111110000000000010000010000100111110000100000010000010000100000100000000000000000100111010000100111110000100000010111010
111000111010000010111010111010111100001010000010000100111010110110111000000110110100000100000110111100111100000100111110111000000110001000111100110110111000111000001000110110001010110110110110
111100111100000100111110111110000100000000111100111010000010000100111110000100111110000010111110111100000000111110000110000010111110000110111100111100111110111110000000000000000010000000000100
000010000100110100000100000010111110111100001010111110111100110110110110111110110110110100000110110100111100001100111000111000001100001010111010110110110100000100001100111100110100001100111100
001000001000000100000010111100110110001000111100111110001010001010110110110100111100001010110110111010111000111100111110111100001000001100111110111010000100110110111110111100110110111110000110
110110001000001100110110111000110100111010001000110100111100000110111110001010001010001000111100000100110110001000111000000010111010111100111100001010000110000110110110111100001100110110111100
111100000110111010110110110110001100111000000100111100110110110110111100110100111000110110111000110110000100000110001100111100000110110100000100110110001000001000001100111000000110110110111100
111110000110111010111100111100000010000100000000000010000100111110111100111110000100000010000010111100111100000010000010111010000000111100000010111110111110000110000010111010000100111010000110
111110000100111100111100111100000100000100000100111110111110000000111110000100111110111100111100000010000110000110000100000100111110111100111100000010111100000000111110111110000100111100111010
111010000000111110000000000100111110111100111010000100000100111100000100111100000100111010000010000000000100111100000010000000000100111100111110111100000100000000111100111110111100000000000100
111010000100111100111010111100111100111100000010000000000010000000000000000100000100111100111100000010111100111100111110111110000010000010000010000010111110111110000010000010111010111100111110
000010000100000010111100000110000100111100111110111110111100000000000100000000111100000010111100000100000010111110000100111010000000000010000010000100000000000010111100000100000010111110000010
000100000000000010111100111100000000111100111100111110000000111010000010111010000000111100000100000100000110111110111100000010000100000010000000000100000100111110000000000000111100000100000010
000100111100000010111100000100111100000100000100000000111100111100000010111100000000000100000010000010111110000010111100000110000110000010000000000010000000000100000010000010000100000000000010
110110110110111110111010111000111110111000110110111110111100001000111100111100110100001010111100111110001010110110111100111110111110110110111110111110110100000100001010001010111000110100111010
110110110110111100000100111100110100111100110100000110110100111110000110110110000100000100110110110100000110001010001010001100110110000100001010000010111100110100001010110110001100111100110100
000100000100111010111100000100000010000010000100111100111110000010000010000000111010000010000000000100000100111010000100000010000110000100111010000010000100000110111100111100111110000010111100
111100111110000000111110000100111110000100111110000010111110000000000100000010000000111010000010111110000100000100000010111100111100111010000010000100000010111010000010111110111110111100111110
000100000010111100110100111100111100111100111010111010000100111010110100110110111100111010111010111000110110111110001000111100110110111100110110111000111110000110000110110110111000110100110110
111000111010110110000100001000111110001000000100000100110100000010110110000100111100111000111110001010110110111000111100110100001100000100110110111000001010000110000100111100000100110100110100
000010110110001010110110000110110110110110001100110110000100110100111010001000111010001000111010110110111000001000111100110100111000111100000110110110000100000100111100001100111010000110001000
111010000010111110111010000100000000000100000100000100111110111100000100111010000100000010000010000010111100000100111110111010111110000010111100111010000010111110000000000010111100000010000010
110110000100111100111000001010111100110110000010001000111010000100111100000010111010111000110110001000001010110110000110001000000010110100111010001010111010111100110110111010000110111010001100
111010000100000100000010111110000100111110000010111010111110111110000010111100000100000010111110111100111100111110111110111100000010000010000000111110000010111100111100111100111010000000111010
000100000100000100001010110100111100111010111110111000110110110100111110111100001010111110111110000100111110001000001000111100111100110100110100111010000100110110111100000110110110000100001100
000100110110000100001010111110001010001100000010001010000100111010110100000110111110111010111000111100111110000100111100111000110110111100111110111110111100000100001100111000110110110100111000
110110001010000100111110111110111000110110111010110100111010001100110110000100001010111110111010111100111000110110111100000100001010000100001010000110111010001100001010000110111100110100001010
001010000100001010110100000100000100111000001100110110111100000010111100111100001010000100001000111010111100110100111000111100000100111010111010111000111000001100111100001000000110111010110100
000010001000110100110110000100111000001100000100110110110100111010110110000100111010110110001010110110001000000100110100111010110100000100110110001010111010000110110100110110111100111000111100
111100111100111100111000000100000100000010111100110110001100001000110110110110111000110110111100110110110100111100110110111000111100111100110100110110001100110110111110001100111100001100110110
110110111010001000110100001010110110111010111010111010111010111100111100001010111010111000110110111010001000110110111100111010001010111000110100001010111000111100000100110100000100110110111000
000010111100111110000010000110111110111100000010111100000010111100000110111100111010111100000000000100000010000010111110111100111110111100111100000010111010000010111100000010111100000110111010
110110111100111000111000110100111100111010111100000110000100000110111100111100111100000100110110111100110110111100111100110110000100111110111110000100111100110110111100000100001000111100111000
111010000110110100000010111100111110001010111110111100110110110110000010111010000100111010111100110100110110000100000100110100110110110110000110001100111100111110001010111100111010001000000100
111100110110111100110100111100111100110110000100110100110110001010001000111010000100111100111100111000000100111010111100000010111010110110111100001000111010110100111100000100001000000110111000
111100001100110100110110111100001010001010110110110100001010110110000100111100111110001100000100000100001010110110111000110110111100000110111110111000001010111100110100111100001010111000111110
000100000000000000000010111110000100000010111100000100111110111100000100111100111100111100000010000100111110000110000100000100111010111010000000111110000010111100111100000110000010111100111110
111100111100000110000010111110000100000010111100000100111100111100111100111110111010000010111100000000111110111110000010111110111100111110000110000100111110000110111100000010111100000100000110
111100000100111100001010000100000100111010001000000010110100111100110110111100110110111100001010111100001100111100110110001010110100111100111110000100001010001000111000111010000010001000111010
000100111100111000111100111100000100111100001100111100111100111110001000111100000110111010001010001100110110111010001100000010111110001010000110110100000100111000111110111000000100001000111010
111000110110001010111010111100110110111100111110110100111100111100001000111010111110110110111010110100001010111010001000111000110100000010001100111100001100000010111010110110110110110110110100
111110000010110100111110111010111010110100111100110100111100111100110100001000110110001010111100111000001010000010110110111000001100110100111000110100110110111110000100001010000100110110000110
000010111100111010000100000100111110111110000010000110000000111010111100111100111110000100111010111110111010111100111110111100000110000010111100111110000010000010000010111110000100000010000100
000100000100111010000100111010000010111110111100000100000000000100000010111110000010000010000010111100000100000100111100000010111100111010000000111100000010000010000000111100000010111010000100
000010000100000000111100111110111110111110000100000010000010000000000000111100000010000010000010111110111110111110000010000110111100111100111110111110111010000000111100000000111100000010000000
111010000010111110000100111010000100000100000000000010111010000100111110000010111100000100111110111100111100111100111010000010111100000100000010000010111100111110000000111110111010000100111010
000000000110000100000100000000111110111010111110111100000100111110000100000010000000111010000110111010000010111100000100111100111110000100111110000100000000000100000100000000111010000100111110
000110111100000000000010000100000100000100000010000100111110111100000010000110111100000010111110111110111100111100111100111110000110000010000000000100000100111110111010111100111100000010111010
000100001000111100000100110110110100110110110110111000110100000010111010000100111100111010110110110110000100111110110110110110110110111100001000111100111100111000001100111000111110111010111100
000000000100111110111100000010111110111110111010000110000100000110000000000010111010111100000000000100111100111010111100000100000100000010111100111100000010111110111100000100000000000010000000
000000111100000100111110000010000010000100000110111010111110111110000100111010000010000100000110111110111100000010000110111100111100000000111110000000000010111100111100111010111100111100000010
000110111000111000110110001010111110001100111010000010001000111010110110001010110100111110111010001010110100000100110110000010111100111010110110110100000010000010110110001010111110110110111010
111010000100111100000010000100000100000100111100111100111110000010000100000100111100000100000100000100000000111010000000111010111100111100000010111100111010111010000100111100000010000000000010
111010000010111100000100000100000110111100111100000000000010111100000010000010000010000010000010111100111110000000111110111110111110000100000110000100000010000010111110111100111100111100111100
111000111100111110110110111010000110111100000100111110110110001010110100000110110110000110000010111110001010110110111100110100001010000010111000110100001010000100111100111100111100110110001010
000100111100110110110110111110110110000100111010111100111110111100000110111010111100110100001010001100110110111100000010111110111000111000111100000100110110111010001010110100111100111100111100
111100001000110110111010111100110110000110000100001010110100111000111100111000001000111110111010111110111110110110000110000110111010110110111000110110111010110110001010111100001000001010111000
001010001000111100001010001000111100111000111100111100111100001100111100111100110100111100110100110110111010110100001100111000111100110110111010000100110110111000111110110100110100000010111000
111110000000111010000010000000111100111100000010000100000100111100000100000000000010111100111100111010111010111110000010000100111010111100111010111100111100000010111100000010000110000010000010
000100110110000100000100111100001010111100000110001010110110001100110100111000000110111100110110111100000100001000001010000010000110110100000110110110111100001100001010001010000100110110110110
111110000000111100111010000110000010111110111100000000000100000000111110111100000110000010000000000010111100000010000100111100000010000100111110000010111110111100000100000100111100000010000010
000100111100111100000010111100111100000100111100111010000100000100000100111100111110111010000100111110000000000010111100111100000010000010111010000010000010111100111100000010000000111100111110
000000000110111100111110111110000100000110000110000010111010000000111100000100111100000000111100111110111110000010111110000010000010111110000100000100000010111010111100111110111110111010000010
001010111100111000111100110110001010110110110110110110111110110110110110001100111100110100111000000100000100111010111000110110111000110100001100111100110100111100001000001100111100110110111100
111100001000110100110110110100110100111100111100111100110100111100111000110100110100000100110100111010111100111100001010111100110110110110001000111100111010001000111100000100111000111000110110
111000000010111000110110001010111000000100110110110110111110110110000110111000001000001010110110000010111000110110111100000100001010111010000110001000000100111010111000110100001010000010111110
111100000100110100001000110110110110110110110100001010111100001010110110110100110110110110001000001100111100111100110110111100000100001010111000001010110100110100000010000110111100110100001000
000100000100111110111010000010111010111110111100000010111100000100000000000100111100000110000000111010000000000000000000111100111110111100000010111100111100000010000010000100000100111110111100
111010110100111000000100001100110110110100111000111100000100110110110100111000111110111000111010110110111000001100001010111000000100001010000100111010110110001010001100000010111000001010110110
111010001000111100000100110100111010110100001010111100000110110110111110110100111010001100000100111100111100110110001010111010000010110110000110000100001010110100110110111000110100000100111000
001100111100110100111100111010111110110110111010111100001010000100110110110110111100001010111010111100001000001000110110111100111010000100001100001010000110110110001000111010110110001010111010
111100001100111010000010111110111010001100111000111110001100001010001010111100000100110110110110111100110110000110110110110100111000110110111110110100111000110110001010001000000010001010111100
111010000100000100000010000010000100111110111110000100111110000100000100111110111100111100111010000010111110000100111110000000111100000000111100000100000010111100000010111010000110000010111110
111110000100000100111110111110000110000000000010111110111100000000111100000000000100000100000100000010111100111110111100111100000010111010000010111110000100000000000100111010000000000100000000
000100111010000110000000111100000010111110111110000100000010000100111110000100000000000010111010111010111110000010111100111010000010111110000110111010111110000110000010111110111100000010000010
000000000110000000000100000110000010111100000000000000000000111010000000111110000010000010000000111110000110111100000010000100111100000100111100111110000100000000000000111100111100111010111100
001100001010111100111000111000110100110110111000111010111010111010111000110110000010110110110100111100111010001000110110001010111110110110110110111000111100111010000100111000111000110110111010
000100111110000100111010111100000010000010111100000110111100111100000100111100111010000110111100111100000100000010000000000100000100000010111100111010111010111110000100000010111110000000111110
110110110110001010110110111100001010110110111110001010111010110110111110001100111000001010111010001010000100000100110110111000111100001000111100110110001010110110111110110110111000000110001100
111100110110111100000110111100110110111110110100000010111010110100000100111100111100111000001000000110000100110100111100111010111110110100110110111000110110000100110100000100111000110100110110
110100110110000110111000111000111110110100111100000100111110000100110110000010110110000110111100001000110110110110110100111100111000111100111010111010111100111000110110110100001000111010001010
111100000100000010111110000110111110111110000010111010000010111010111110111100111100000000000000000100111100111100111100000100000010111100111110111100000000111110000110111110000100111100111110
000100000100000010000000000110000100111100111110000000111110000100111110111100000000000010111100000000111100000110111010000010111100000000000100111100000000000100111110111100111100000000111100
110110110110110110000110110110111010111100111010001010110110111110001010001010001000110110110110001010000110111010111100001010000110111010110110001100000100000110110110110110000100111100000100
000110000000000000000010000010000110000000000000111010000010111010111010000100111100111100111010111100000000111110111100000100111100000100111100111010111110000010111100111010000000000100000010
001010110100111110110100111010110110111110110110110100001100111010111100000100111000110100000100110110110100000010110110001010001010001000001000001010000110001100000100001000000010000100111100
000100111100000010111100000110000110111100111100111110000010111010000010111110000010111110000010000100111110111100111100000010111110000010111010111100000010111100111100000010111110111100111100
000010000010111110111100000100000010000100111100000000000010000100111010111100000110000010111100000100000100000000111100000100111100111110111110111100111110111110111100000010000100000000000100
000000000100000100111100111010111010000010000100111110111010000100000000000010111010111010111110111010111110000000000100111100000010000100111100111100000010000100111100000100000110111110000010
000010000100000100111100000110000100111110000000111100111110000100111010111110000010111110111100111100000100000100111100000000000010111100111100000100000100000100111110000010111100000100111100
111010000100000100110100110110110110110110111010001000000110001010000100111000110110110110001100001000111100000100110100111010000100111010111100110110111000001010110100001100111000111010110100
110110111100001010111110111110110110000100111010110100111000001100001010110110110110110110111000111110001000110110111000111100000110111000001100111100111100110100001010111100111010110100110110
000010111110000000111010111100000100111110111010111110111110111100111110111110111100000110111110111110111110000100111100000100111110000110000010111110111100000010111110111110111110111110000010
110110000100110100000100000010110110111100111110110100000110111100110110111010000100111100111000000100110100111010000110000010001000000100111000111110111100110110110110001100001100111010111010
111000001000001000001010111110111100111100111010111010000010110110001000000110001100111110001100111110000100000100110100110100000100001000110110001010111110001000110100110110111100110110111000
111110001010111010111100000110111000111100111100001000000110111100110110111010001000111010110100111010001010000100111100111010111010000110111000111110001100001010000010111100110100111110000100
000010111100000100000100111100000100000010000010000010000000111010000110000010000110000010000010000100000100111100111100111100111010000110000100111100000100111110111100000000000000111010111100
110110111110111010110100111010001000000110110110110110110110111100001010110100110100000010000010111100111110111010000010111100001100110100111100111100111110110110111010110100110100000010111110
001010111100110110001100110110110110111110110100000100111110001000111110000110111010110110001000000110110110000010001100110110001010110100001010110110110110111100110110110110111000111110001010
111010000010000100111100111010000000111010111110000000000010000100000010111110111110000100111110111100000000111100000010000010000000111100111100111110111010111100000100000010111010000010111100
111100000000000000111010000010111100111010111100111100111100111100000010111010000010111100000010000100000100111100111010111100111010111100000000111110000010111110111110000100111010111110111100
000010000100000100000000111110000000111110000010000110111010000010111100000010000110111100000110111110111100111100111100111010111110111100000000111110000010111010111100000100111110000010111010
111100001010111100110100111100110110111100111010000010000100111100111010110100110110000110111110111100111010001010111000000100000100111000110110111110111100001010001100111110001010110100111000
001100110110110100000110111000110110001010110110110110110100111000001010111110000110001000111010001100000010111010000110110100000010111100111100111100111100110110000010110100111000001010111110
000010000010111100000100000100111110000010000010000010111010111110000100000010000100000010111100111110111100000010000110000100111100111110111010000000000100111110000000000100111110111110111110
111010000010000110000010111100000010000010000100000100111010111100111110000000111100000110000000000010000010111110111010000010111100111110000100000000000100000010000010000000111010111110000010
001010110110111110001000111000001000111100001010000110111000111100111010001100111110111110000110111100001100111000111100111100111010001010000100111100000100001100001000000110111010110110111100
110110111010111110000110111010111110001010001100110110110110111000000010111000111100110110111100001100111110000100110110110110110100000100000100110100001100111000000010111010111000111100111010
111100111100111100111010000010111100111100111110000000111100000010000110000100000010000100111110111110111100111110000000000100111100111010111110000100111010111110000010000100111100000100000010
111100000110111010001100111110111100001000111100111110000100110110110100111110111010000010110100111110001100111010001010110100110110001000110100001000111100000110110110000100001010111010111010
000000000010000100111100000000000010000100111100000010111110000000000100111110111110000010111110000100111110000000111010000100111110111010111110000100111100111100000010000010000100111010111100
000100111100000000000000000010111110000000000010000010111110000100000000111110111010000010000100111100111100000010111010111010000010000010000100111110000100000010000100000100111100000000000100
111100000000111010111100111100000100000100111100000100000010111100000110000000111100000010000010000010111110111100000100111100111010000000000110000000000100000010000010000100111110111100111100
001100111000000010110110111000110110111010111100000110110110111100000010111000111100111110000100001010001010110100110100111000000100110110000100110110110110000110111100001010000100111100111100
111100111100110110000110000100111110000010000100110110001000110100110100001100111010111000111110110100111010111100110110001010111000001000110110111100110100000100111100001100110110110110111000
110100001100000100110110111110000100111110001000110110111010000100000100111100111110110110000010000110110110000010110110110110000100111100001000110110001100111100111010000010001010000010001100
111110111110111100000000000100111110111100000100111010111100111110000010000000000000000000111110000000000010111010111110111110000100000000111110111010111110111110111100000100000100111010000000
000010001100111010110110110110000100000100111110111110000100001000000110000100111010111100110110000110110110000010001010001100111000111000110100001010000100001000000100111010111110000010001100
110100001100110110110100111000000100110110111000110110001010000100000100001100001100111100110110111100000110000100111100000100001100111100111010110110000110111100111100111000110100111010111100
111100000100111100110110000010110110110100001010111010111000110110111000110110001000001010111010110110001000000010110100111100001000110100110100111110000100111010001010111110111110111000110110
000110000010111100111010000000111010000100000100000100000010111100000010111110000100111110111100000010111010111010111100111110000100000000000010000010111100111010111100111100000100000100111110
111100000100001010110110111000000100111110110100111010001100000100111100000100110100000100110100110100110110111010001000000100000100000100000110111100001010111100001000000100000110001100001000
000100000010000010000100000010000100111010000110111110111110111010111100000100000010000000000000111100111010111010111010000100000100000010000010000010111110111100111010111110111110111110111100
111100000000000100111010111010000110000100111100111110000000000000111100000100111100111100111110000010111110000000111010111110000000000000111110000100000100111010000010000100111110000000000110
111100110100110110111010110110111110001100111010110100111000001100001010111000110100000100000110111100111100110100111100001000000110001000001010000100111100111010001100110100000010111110110110
000010111100000010111110111100111100000100111110111100000110000010111100111100000100111010000000111010111010000100111110111100111100111100000010000010111100111010000000000100111110111010000100
000000111100000010000100111110000100000010111110000010111010000010111110111110000100000100111100000110111110111010111100000010111100000010111010111110111100111110000110000010111100111110111100
111110111110111100111100000000111110000010111110111110111110000100111110000100111100111100111110111100000100000010111010000000000010111010000100000010000000111100000010111110111100000100111100
111110000100111110000010000000000010111110111100000100111100000010000000000010111110111100000100111010000100111100111110111110111010111110000010000010000100000000000000000100000100000010000010
000100111010111100111100111010000000000010000100000000111110000100111100000010111110111110000000000010111100111100111100000110111100111100000110000100111110111100000010111100000100111010111110
000100000010111110000100111100111010111010111110111110111100000010000100000110000000000010111100111100111110000000111100111100000110000010000000111110111110000100111110000000000100000010111100
000010001010110100110110001010000100001100110110111110001010110110000110110110110100111000110110110110110100110100111110111000111100000100000010001010001010000100110100111110111000110110110110
000010111110111100000100000100000110000100000000000000111010000000000000000110111100000110111010111110111100000100111110000000111010111110111110000100111010111100111010111100000000000100111010
000000000000111100111110000110000110111100000010111110111100111110000100111010000100000010000100000100000010000010111100000010000010111110000100000010000100111010111100000010000100111100000100
111110111110000110111010000000111110111010000100000110111110000100111100000010000100111100000010111110111110000010000010111110111110111100000100111010111100111010111110111100000100111100000100
000010111100111110000010111010000110000010000010111100000100000100111100000000000010111010000000111010111010111010000010000010111100000100000010000010111100000000000010000010111010111010000000
000010000110000100000000111010000010111100000100000010111100000000111010111010000100111100000100000100111010000010000100111010000010000010000000000100111100000100111100111010000000000000000100
000000000000000100111110111100111110111110111110111010111100000010111110111100000000111110000100111110111100000110000100111110111100111100111110111100111100111100000100000000000100111100111100
111010111100000010111110000010111110000100111110000100111010000110000100111100111110000110111100000010111100000100111100111010111100000010000010111010000100000000000010000100000100000010111100
111010110100111100000010111010000010110110001010110110111100000010111000111110000110110100111000111100111100111000000100000100111000110110001000111000001000111100111010111010000100111100111010
000010111010111110111010000010111110111100111110000100111100000010111110000010111100000000000010000000111110111100111100000000111100000000000100111010111100111100000100000000000110111110000110
001100110110111110111110110110110110111100111000001000111100111010111100000100000100111010000100111000001100110110111010111110110110111110110110001100111110001000111010001010110100110110000010
001000111010110100111100000100111100001000111010111010110110001010000100110110000010111100110100111010110100110110001000111100110100001010111100111000110100111010001010000110110110001010001010
001000111000111000111110111000111100001100001000111000001010111100110100111010001010001010110110111000110100001100110110111110001100000100111100111010111000110100000110001010000010001010000100
111110000010111100000100000100111100111110000100000100000010000110000100000010111100000000111010111010000100000100000000111100000000000100111010111100111010000000000010111100000100111110000100
000010000100111100111010000010111110111100000100111010000010000010111010000100111110111100000000000100111100111110111100000100111100000110000000111100000010111100111110000000111100000010000010
000100000100000010000000000010000110000010000110111100111110000000111110000010000100000010000100111110000110111110000000111010000000000010111100111010000000000010000100000000000010000010000000
110110110100111100111110001010111100111100110110110100000110110110110110111110110110110110111100111010000100111110001010001000110100000100111100001010111000110110111100110110000100110110110100
110100001000111000111000000110001010000100111000001100111100111100000010110110000100000100111010001000110100000010000100111100111110110110001100000010000100111100111010000100111010110110000100
111100111010111100000100000010000000000000000010111010111100111100111100000000000000111100000100000000000000000010111100000100000100111110000000111110000010111100111100111010111010111110000010
001000001100111000111000000100111010111110110110000010111010110100000110000010111100000010111000110110001000001000000010111110110100110110001100001010001100110110000010000010000100111010110110
000010111100000110111100000010000100000010000110000100111100000010000000111110111110111100111100111110000100111010000000000110000110000100000010000100000010000000000010111100111100000010000010
001100111100111100111100000100110110110110110110110110001100111110001100111100111000111100000100111010001010110110110110111010000010110110001100001100111100110110001010001000000010111000110110
111000001010111100001100111010001010111010110110110110111000111000000110000100000100111100110110111110001010111000111000110110000100001100111100110110111000001100000110111000001000111110110100
001100111110111000000010111000111100000110111100001010000010111110111000000110110110000010110100111100110110111100001000111000110110001010001010000010000100111110111010110110111100001100000100
000100111110000000111110111100000010111010111010111110000100111100111010111100000110000010111100000000111110111110000100111110000100111100000010000010000100000000111100111100000010000100111010
000110000110110110000110001010110100111100000100111100111110111010111100110100110100110100111000111100000010111000000010111110000010110110111100111010111110110100000110001000000110111100001100
111110110110001100111100111100001010111100001000110100111110001100111110001010001010001010111010111000110100001010001010111010111010001010111000111100000100111110001010110110111100110100111100
111110000100111010000010000110111100000100111100111100000010111110000010000000000010111010111100000100000110111110111110111110111100000100000100000000111100111010000010000100111100000100000100
111110111010000010111100111110000010111010000100111100000010000100111110000100111100000100111110000000000100111100000010111100000100111110111010000100000110000000111110000010000100111110000010
000100111110111110000010111010111010000100000100111100111100111010111010111110000010111100111100111110111100000000111110000010000100000010000100111100111110111010111010111100000100111100000100
111110111010000010111100111110000000111100111010000000111110111110000010000110000010000010000100111110000110000100111110111010000000000100111110000010000010111010111100000100111110000000111110
111010000010111110111010000010111010000010000010000000000100000100000010000100000100000100111100111010000100000100000000000010000000000010000010000010111110111100111010111010000010111100111010
111110000110111110000000111100000100000110000000000010111010111010111100111110000100000010000110111100111100000000000010000010000010000100000010000010000100000010111110111100000000000100000100
110110001100110110111110111000001010111100111100111010111110111010001100110100110110110100001010000010111110110110111010111100000100001010000110111010111100110110110110110110110100110110111000
111100000110000010001000110110001010111100111100000100111000000100111000001010110110001010001100111010111010001010001010110110111000111000001010000010000100110100001010001010111110111100110100
111100001100001100000100111100110110000110110110111110000010000100111000110100111000001000110110001000111110111000111100110100000110001010111110001010110110110110111010111100110110000110111110
111100111110001100111110111100110100110110001010110100111010000010001000111110001010110110000110111100111100000100111000111110111100111110001010110110001100111110000100111010000100001100111000
111100000100000100111100000100000100111100111100000100111100000110111110000100111100000010000100000100111100000100000010111110000010111100111100111010000100000100000100000100111100000010111100
111010001100110110001100111100111100110110111100111110111100110110111110111100110100111100111100110100111110000100111110110100000010001000001010110110110100111100000100001010001010000110110100
111110110110111100111110000110110110110100111010001000110110110110111100000100000010111010111100111000111100000100110110111100110110001010001000111100001000000010001000110110110110111100111100
111010111110000100111100111100111110111100000010111110000100111100000100000000111110111100111100111100000100000010000100111100111100111010000110111100000000111100000100111100111100111100111010
001100110110000100111110000100111110111000111100000010111000000100111110111010000110000010111000111010111100110100001010001100111010001010110110111110001100110100001000111000000110000110110100
001010110110001100001000111000000110001010111100110110110110000010110100111100111000111100111110111010110100111110001010110100110110111110110110000010000100001010111000001010111100001010111110
000010111100111010111100111100000010111010000010111110111100111100000100111100111110000100000100000100111110000110111100111100000010000010111110000010111110000010000100111100000100111100111110
110110000100111100110110000100000110111000110110110100001010001010001010110110110100001010110110001100111110001100111110000100001010001100000100110100110110111010111100111100111010001010111100
000100111100111110000000000100111100111110111100111100000000111110111110000000000100000100111010111100111110111110111100000000111100000000000100111010000010000000000100000010111100000000000000
111010000010111110000000111100111010000010111110000100111100000100000100000010000100000010000000111100000010000100000100111110111110111100000010000100111110000110111100000100000010111010000010
111100111000110110111110001000110110111110110110110110111110111010111110110110111010111010110100110100111000111100110110001000000110001100110110110100111010001100110100111100110100000010110100
000100111110000000000100000110000010000000000010000100111100000010111010000100000010111010111100000100000010000110000000111010111100111110000110111100111010111110111100111100000000000000111100
001000001010001100001000000100111000111000001000000100111010110100001010001000110110111000111110110110111100111100110110001100001010000110110100110110001010110110111110111000111100001010111100
001000110100001010110110001010001010111100000100111010001000111100001100111010000100001000111000001000111100001010001010110110110110000110001010001010110110111110111100001100000100111110000100
000110111100000100000010111110000010111110111100111110000000111100000100000010111110000010000010111100000000111100111100000010000100000010111100000110111100000010111110111110111110111010000000
000110111100111110111010110100110110110100001010110100111110110110000100111100000100111000110100111100001010000100110100110110111110111100000100111000000100110110000110111010111100111000001000
000100111100000100111110111110000010111100000100111110000100000110000100111100000100000010000100111100111010000010000100111100111100000000111110000010111110111110111100000100111110000010000100
000000000110000000111100111110000110000010000100111100111100000010000100000110111110111110111110000010111110000100000100000100000110111110111100000100000010111100111100000110000010111110111110
000100000010000110111100000100000100111110111110111100000110000010111100000100000100111010111010111100000000111110000100000000000010000000000100111110000000111110111100111100000010111100000010
000100000010000100000010000100111110111010111110000100111110000010000100111100111010111110000110000000111110000010000000000100111100000100000110000100000000111110111110111100111100000000000010
000000111110111100000100000100111110000000111100000110111100000010111010000100111100000100111100111010000100000100000010111110000010000110000100111100111100000000000000000110000010000010000000
111100001010110110110110001010110100110110001100001010000010000100111000110110001010110110110110000110000100110110111010110110111000111100111100111010111100111100111110111100111000111100001100
110110111110001010000110000110001010111100110110001100111100110110111110001010110110110110000110001010000110000100000010111100000100001010001010001010111100111100111100000110111010111000110110
110110001010001000110100110100111000111100000010111110000010000100000100111100111100111000110110111110000010111010001010001010110100111110111100110110001010000110111010110110110110111000001010
000100000000111010000100111100000100000100000100111100000110111010000100111100111100111100000000111010111100000100000100111100000000000100000100111100111010111110000100000010000000000110111100
111110000100111100111010111100111110000000000000000010111010111100111110111010000010000100000110111100000000111110111110000100111010000100111100000000111110111110000010000100111100000110000010
000010111110111100000100111100111110111010000100000000111110000000000100111010111110111010000000000000111110111100000100111100000100111100111010000000000010000100111110000010111010111110000000
111010000010000010000010111110111100111010000000111010111110000110000010111100000010111100111100000100111110000100000010111110000010000010000010000100111100111110111100111100000010111100111100
110110001000000110000110111110111100111010001100111100110100111010111010111100001100001100001100111100001100111100000010000100111010111100111110111110000110001010000100111100111010110110001010
000010000000000000111110000100000100111110000010111010000010111100111100111110000110111100111100000000111100111010111100000000000000111100000100000110111100000100111110000000111110000000111100
000100000000000100111110111100111100111010000010111010111010000010111100111100111110000010111110000100000100000010000100111110111110000010111110000010000100111100000000000010000010000000111010
000100111110000100111100111100111110111100000010111110000010111010000010111100000100111100000010000110000000111010111100000010000000000010000010111110111100111110111110111110000010000100000010
000100111110111110111110111010111110000010111100000010000110000010000110111010000010111010111100000100000000111010111110000000000100000010000010000010111100111100111110111100000100000000111110
110110110100111000001100000100000110110110001100111110000100000100000110001000110110110110001000110100001010111000000110000100001100110100000100000100111110111100110110110100110110110100001010
001010001000110110000100111010110100110100000010110110110100000100001000111100001010001010111100000100111100110110111100110100111110001000110100111000110100110110110100000100111010001100110110
000100000000000100111010111110111100111110000010000010000000111110111100111110000010000100111100111110000100000000000100111100000010000100111110111100111110111100000010000100000010111100000100
001000001000111100110110111010111100111100000100001100110110000100110100111100111100000010001000000100111000111110000100110100111000000010111110111100110110111110111100001100111010001000111010
111100111110111010111100000000111110000010111100000010000100000000111100000010111110000010000010111100111110000110111100000100000010111100111110111100000100000100111110111100000100111110111110
111010111010111110000010000100111110111010000010000010111100111100000010000010000010000100111100111100111110111010111100000100111100000100000010111110111110000000000000111110111100000010000010
111100111100110110111110110110111010110110110110111010110100110110111100000110001100111010111110110100001010110110001010000100111110111000111000001100110110111100000010111010000100001000001010
111100000000111100111110000010111100000010111100111110000010000010111100000100000100000010111100111010000100111100000000000110111100000010000000000100000010000100111010111100000010111010000100
000110000000000010000100000010000000000100111110000110000010111110111110000010000010111010111110000100111100000110000100111110000010000000000100111110111010111010000010000010000100000110111010
110110000110000100000100001010000100001010111000111000001010111100111100111010000110111100000010110110000110000100111100111000001100111000111000110110000100111000111100110110000100110110111110
001100111000110110110100000100000110001100001100111110111100110110111000001010000100000100111000111100111000110110000110110100001000000110111100111010111000111100111100001010001100111110001100
000000111010111110000010000100111110111110000010000110000000000100111110000100111100111110000010000010111100111100000010000110111010000110000100000010000010000100111110000010000100000000111100
111100111100000110000010111010000110111100111010000010000100111110000000000010111110000100000010000000111100000110000110111100000110111100111100000010000100000000111110000100111010111110111100
000100000100111100000010111110000100111100111100000110111010000010000100000110000000000010111100000010000100000100000010111010000000111010000000111100111010111010111010000000000010000100000000
111100000000111010111100111100000010000010111100000000111110111010111100111010111010000110111110000100111100000100000010000010111110111010000100111100111100000010111100000010000100111100000000
110110110110111100111100001000001000111100000010110110001010111110110100111000111100110100110110000100111000111100111000111110000100000100111000000100111110111100111100111110111010001010000010
000010111110000100000000000000000100111100000100111110111100000110000100111100111100111110111100000010111100111110000010000000000010111100111100000100111010111100000000000010111110111110000010
111100000100000000000100111100111110000100000000000010000100111100000100000000000110111100111110111110000000000010111010000010000000000010000000000100111110111110111100111100111100111100000000
000100111010000100000010000110110100001000001010111100000100001010000110111000000100111100111000110100111100001010111100001010000100110110111010001100111100110110000110000100111000111100111010
000100110110111100111100111100111010000100110110111010001100110110001010111100001000110110111100000100111100000100110100110100000110111000000100111010000010110110110110111100110110111100111000
000010111110111010111110111110111110111110111010000100111010111110000000111100000010000000111100111110000100000010000010111100111110111010111100111100111010000100000110000010111100000010111010
000110111000000100111000110110111010111000001010110100000100111110110100000100110110000100000010111000001000111010001010110100110110110100110100111100000100110110001010110110000010000110001100
111100000100111000001000110100111000001010110110111010110110001010001010001100000010111100111010001010001010111000110110111100000110000010111010000100110110000100111000001010110110110110111100
001000110110001010110110111000111110000100000010111010111100001010001100110100111100111000111100110110110110111100111010000100111100110100111100000100110110111100000110111110001000111100111000
000100111100111010000100110110111100110100111000111000111000110100001000111000111100110100111110000010110110000010111110110100110110001010001010110110001010001010000100111100110110110110111010
111100111000110110110110111010000100000110111100110110001010001000111110110110111010110110110100001000111010000100111100001010001100110110000110110100111100001010110100001100111100001100110110
111000000110000100111010110110111100111100111010111100110110110100000100111100110100001000001010111100111100000100111010110110111000111100111000001100110100001010111000111100000110111100000100
000100111110111010111010111010000100111010111110000100000110000010111100111110000010000000000010000100111110000010000100111100111110000010111100111110111110111010000010111100000000000100111100
000010000100000000111110111110111100111110000010111110111100111100000100111010111010111010000010111100111100111110111100000100000010000100111010000100111110111110111010111110111010000100000110
111100111100111110000100111010111110111110111100111110111100111100111100111100000010000100000100111100111100000100111100000010000010111110000110000110111100111110000110111100000010111100111100
111100000010000100000010000100000100111110000010000010000110111010111100000100000000111010111110111010111010111010111110000100111100000000000010000100111110111100000100000100111100000010111100
001000110110000110110110000110111110111100110110110110111100111100111000111100110110110110111010110110111110110110111010111110110110001100111100111100001000110100001100000100111100110110000110
001000111110111010110110000010111000000100001010001000110110111100000010000100111110111010000100110110111010111100000010110100001010111100111000001010110110001010110110000100110110001010111010
000000000010111110111100000010000000111110000100111010000100000010000010000000000010000100000010111010000010111010111100111100000100000110000110111110111100000010111110000100000010000000000100
110110110100111100111100110100111100110110001010111100110110110110111000000010111110111010001000000100111100000100110110001010110100111010111000000100110110111100000100001010110110000100111110
000000000000000100000000000010000010000000000110000100000010111100111100000010111100000000111100111100111100000100000010000000111100111100000110111100000100000000000010111110000010000100000010
111100110110110110111010001010110110000010000010001010110110110110000100111010111100110100110100110100110110111110000010111100001010111110110110111100111000110100000110001010111010111100000010
000110111110110110111100110110111010000100110100111000001000000100111100111000111000111100111110111000110100001100111000111100111110111110000110111100110110111010001010001010111100000110000010
111100000010111110111100111110111110000010111100000010111010111010000010111100111110111010111010000100000000111100111110000000000100000000111010000000111110111010111110000010111110111110111010
001000110110111100111100111110111100000100110110001100111100111100110100110110110100001000111100000100000010001000001010000010110110111100111000000100110110111100110100110110111100110110110100
111100000010111110111010000100111100111110111010111110000000000100111100111100000010111100000100000000000010000110111010000110111010000100000100111110000000111100111110111100000000000010111100
000100000100111110000100111010000000111110111100000000111100000100000100000000111100000000000010111100000100000010000100000010111100000000000100111110000100000000111100111100000010111110111110
110110000100110100111100000110110110001010001010111000001010000010000100001000111010111100000010001100000110000110001100001010111010001010000110001010111010001010111100111010110100111100110110
001000110100111110111110110110111100111110110110000110111100111110111000111100111100110110110110110100001100111100111110110100111100001100000010111010001010111110001010111100110110001010110100
110110001000111100110100000110111110111000110100111010111100000100111010111000110110111010111100111000000100111100000100111010110100001010110110000100001010111010000100111100111010110100001000
111110111100111010000100000010000110111010111110111110111100000010111110000010000000000100000010111110000100111110000010111110111110000010000100111100111010000100000010111100111010000010000010
000110001100000110110110111010111010001000111100111100000010111100111010000110001100000010110100111100001000111110110100111010110100110110111000111100111010000110111100111010000100111110001100
000110000100110110111010000100001100000100110100111110110110001100111100111010110110111100111100111110111100000010110110001010001100000100111010111100111100111110000110111000001010110110111010
000110000100110100111000110110001010000100111100111100111100001000111100000010111100111110111010111100001010110110110100000110000110001000001010111100110100111010111010111010000010000100001100
111000111010110110000010110110111010000110110100001010000100001100111100110110111010111100110100111010000110001010110110110110111100000110111100000100110110110110111110001010110100110110111000
110110000110001010001010000100111100110110000100111010111100111100111100110110110100001100111100111110110110111010111100110110111100001010001010001000111010001010110100000100110110110110001010
001000001010111110001010110110111000111000110110111100000010001010111010111100000100111000001000110110000110000100110100111100111100001100000100111100111100111000001100001100001100111000110100
000110111110111100111110111100000010000010000010111110000100111100111100000100111110111110000010000100000100111110111010000000111110111100000010111110000100000100000100000000000110111010111100
000100110110110110110100111000001100110110001010000100000110110110110100001100000110111000110110111110110110111000001100111100000110110100111100110100111100001100000100111100000100111100110110
000100110110110110110110000100000110000110000110111100000100000100110100001000110110001100110110001010000100001000111100000110110110111100000100111000001000111010110110111010000100111100111000
110110110110110100111000001000111000110110111110111100111000110110000010000110110110110100001100000100111010000100000110000110000100111100111010111010000100111000000100000100111100110110111010
110100000100110110110100110110110110110110001100111010111100001010111000110100001100000010110110111100000010110110111110110110111100111100000110000010111010111110001000000010111010110110111000
000010000100111010000010000000111100111100000100111100000010000110000100111010111100000010000100111110000010111110111100000100111100000010000110000000000100000100000000000010000010111110000100
110100110110000010111000111100001010111010111110111100001000110110111000111110110100001000110100001100000110001000111100111100111100000010111000111000111100110110001100110110111100001010111000
111100000000111100000010000000000100000100000100111100000000111110111110000010111010111110000100111110111010000100000100000010111110000010111010000100000110000110111110111110000100000100111110
111110110100111000110100110110110100001000111000110110110100111110110110000110001010000010000110110110001010110110000110111100001010000010111100000010111100001000110110110110111000000110111110
111000111100111000110110110110111000111100111100001010000010000100110110110110000100000110111010111010000010110100001100110110111000110110001010001100111110000110001100111100001100001100000110
111110000010000100000010111110000010000100000010000010111010000000111110000110000000111110000000111100111110000100000010111010111010000100000000000010111010000000000010000100111110000100111010
000110000100111110000010000010111100000100000000000010000100000100111100000100000100111010000000000010000100111100111010111100111100000100111100111100000000000000111110111110111110111010111010
110100000100111100001010001000111100111010111010111110111010000010111100111100000110111100110110111110110110110110111100111100111010111010111100111000001010111110111100110110111000111010110100
000100000100000100111100111110000010000010000010000110000000000000000010111110111010000000000100111110111110000010000010111100000110111100111010000100000100000010000010000000000100000000000110
111110111100000010111010111100000100000000000010111100000100111100111100111100111010000110111010000100000010111100111110000000000010000100111110000100000010111110111100111100111010000100000100
000100111110111100111110111100000110111100111100111100111100000000000110000010111110111100111100111010000000000100111100000110000010111100111100111110000110000100000000111100111100000100000100
000000000100000000000100000010111100111100000100111010000100000000000010111010000100111110000100000010111110111010000010111100000010000010000100000100000000000100000010111100000110111110000000
111100001000110110000100111110110110110110000010111100110110111010000100111110000110110100111100001100111110110110111100110100111000110100000010111100110110110100001010111000111010110110111010
111110001010111100111100000100000100001010111000001100000110111100110100111010111010111110110110111010001100000110001100001010110110000010111100000110111110000110001010111010110110111100111110
110110111100110110000100110110000010111100111110111000111010001000110110111100110110000100110110110110110110111110110110111100001010110100111110111110111110111010111100111110110110001100111010
000010111110111100000100111110111100111100111100000010111110111110111010111100111110000010111110111100111010111100111010111110000100111100000010000010111100000110000010111110111100000100111100
111100111100111110000010000100111100111010111100000100000010000010000100111010111010000100000010111100111100111010000000111100111110000100000010111110000000000110000110000010000110111100000000
000100000010000010000100111110000100000010000010111110111110000000111100111110111100111110000010111100000100111010111110111100000100111010000000000100111100000100000100000100111100000010000010
000010000000000100111100000100111010111100000110111110000100111010000010000000000010000010111110000010000010000010000010000010000010000100000000111100000010111110111100000000111100000100111010
000100000100000010111110000100000000111100000010000010000010000010111110111010000010111110111010000010111010111100111110111110111010111100111110000100000100111100000000000010000100111110000010
111010001010111110110110110110000100000010110110000010000110110100110100001100001000110110111110111010001010000100000110110100111000111000001010110110111100111100110110001010111100111110111100
001010110110001000000010111010001010110110111100111100111000111100110110001000111110110110110110111110001100111110111000111100111100111100111010001100111100110110111100110110001000000010001010
111110000010111010000100000100111110111100000010111110000010000100111100000100111010111010000110111100000100111100111110000110000010111110000010000100111100000100111100111100111010111110111100
110100000010111000110110000100001010111110000010000100001100111110110110110100001100111100001010111100110110111100111000001010000010110110110110110100000100001100001100111110001000111000111000
001010110110111010110110000110110100110110111100111010000100110100110110000010110110110100111100001010111010111100001100001010111100110110110110001000000100001100001010110110001010110110111000
000010111010111100111010111110111100000010111100111110111100111010111100111100000100000000000010000110111110111110000010111110111110000110000110000000000010000110111100111100000010111010000010
000010111100000100001010111100111100001000110100111000000110001100000110110100000110111110000100001000110110111010000100111010000100111010111100001100110110110110110100001100111100111110110110
000010000110000010000010000100000010000100111010000010000010000010111100000100000010000110000010000100111010000010000010111110111100111110111010000100000000111100111110000010000010111100000010
000100000010000100000100111110111100111100000010111010111100111010000010000100000100000000000000000000000100000100111110000110111110111100000000111110000110000010000100111010000100000010111110
111100111100110100111010000010111100001010111100111100000100001000001000111100111100111100110110001010111100111010000100111100111000001010110100110110000100110110111100111100110110110110000010
000100000000000100000010000000000000000100111010111100000110111100000100111110111010111110000010111100000100000000111100000110000010000010111110000010111110111110111100000110000100000000111100
110100111000001100111110111010110100000100111100110110001010111100000100111110111100000100111000110110001010110110111100111010111100110100001010111110111100110100001010111000000100001100110110
111110111100111010111100000100111100111110000000000100000100000110111100000000111010000000111010000100000000111100111100111100000110000010111010111010111010111100111100000110000010111110111110
000010001100111010110110000110110100111110111100111000111010110110110110110100110110111100000110000100110110110110001010111100111100111010110110111010111110111100110100001000111100110110001000
000100111110111100110110000110111000111100110110110110001010001010001000111100000010110110110100111010111010110100000100110100001010111100110100001010111010000110111100110110111010110110111100
110110001100111110001000111110111100001100111100111100111010110110001000000100001000111010111100111100110110111110000010111100111110000100110100110110110100001000111100001100111010111010110110
110110001100111100111010000110110110110110111000001010110110111100110100000100000110000100110100001000111010001000001000000100111100000100111100111100000100111000111000110100111100111100111000
111100000100000010000100000010000000000010000010000000111110111100111100000010111110000010111110111110000100000010111100000010000010000010111110000100000010000010111110000010111110000000111010
000010000010000010000100111110111010000100000010111100111110111100000010000100000010000000111100111110000010000010111100000010000010111100000110111110111010111110111010000100000000111100111100
000110000100000010111100111110000010000000111100111110111110111110000000000000111100000100000100000100111110000010111110000000000100000010111100000010000100000010000100111100111100111110111110
000100000010111110000010000010000110000100111100111100111010111100111110111110111110000100000100111110000010111010000110000010000110000000111110000000000010000010000010000100111110000100000000
000100000000111100000010111110111100000000111100111010111100111100000100000110000010111100000010111010000010111100111110000100111110111010000000000000111100000000000000111100000010000000000010
001100110100111010111110110110000010001100000010001000110100111010000010111100111110111000111010000100111100110110001000001010001000111100000110111100111010111110111100000110111100110100111100
111100111100000000000000111100111110000010111010000000111110000100111010000100111110000010111110111100111110111100111100000100000100000100111110111100111010000100000000000010111100111100111010
111010111100111100000100111100000000000010000010111110000100000000000000000010000100000100000010000110111100000000111100111110111010000010000110111100000000111110000100111010111100000010111110
000100111110110110111000111100111100000010110110000100111100000100000100001010111110110100001010111100110110001100111000111000111010111000001100001010111000111000111010111000001000111100001100
111010000100001010111010111110111010111100001000111100111100111110110110111100111000110110110100000100110110110110110100000010001100110110111000111010001000111110001100110110110100110100110110
110110111010111110110110000110001100001100111010000110111100111100000100111110001000111010111010111110111100001000110110111000001010110110111100111110001010111100111100001010000110110100001010
111110000010111100000110111100000110000010000100111110111100000010000010000100000100000000111110111100111100000110111100000010000000111100000000000010000010000010111100111110000100000110111110
110100001010000100111000001010111100000010111000111100001100000110110100110110111100000100111010001100111110000100111110111000111010110100111110111100110110111010110110111100111100000010111100
111010111110000100111110000000000100000100000100000010111010111110000110000100000000111100000100111110111100111110111100111100111110000100000010000110111100000010000100000000000000111010000100
111010000000000100000000111010000100111100000110111100111100111010111100000000111100111010000100000010000000000010000100000010000100000010111110111100000100000100111110111110111110000000000010
111110111110000100000110000100000110000010000010000010000100000010111100111100111100000100111110111100111100111100111100111100000010111110000000000100111100111010111100000000111100000100111100
001010111100001010000010110110111000110110110110000110111100111100000100111110000100111000111010001100111000001000111000111010111100110100001000111100111100110110001010111100111000110100111100
001010000110110100110100001010000100111100110100111010111100001010110100111000111110111100001000111110110110000010000100000100111100110110111100111100111100111000001010111000001010110100000100
111110000000111100111100111100000010111110111100111110111100111100111110000100111010000100111110111110000100000100000010000000111010111010111110111110000010000010111110000100111100111010000010
000110111100001000111100000010001010111000110110111110001010111000000100110110111110110110001100111110111100110100110110111110110100001010110110110100110100001100111100111010000100111000111100
000010110100111110111100110100111010001100110110110100001010001100111100000110110110110100111000111100000110110110001100111010111100111100000010111110001000111100001010001010111000001100110100
111100111010111000111100001010001000000010110110000010111000111100110110110100110110111100110110111110000100111100001000000010110110001010000110110110110100111100000100111100110100110110110110
110110110110110100110100111100001010111010001010111010111110001100111000001010111000111000111000001010111100000110110110000110111110110110111000000100110110111010111100111100110110000110000010
000010111010111100111110000010111100111100000010000010111110000000000110000010000110111010000000111010000010111010111110111110000010000100111100111110000010111100111100111100000010111100111010
110100111000110100111010111010110100111100000100000110111000000100110110111100111010111100000010110110000110111110111100001100111010110110111000110110111010001000001000110100000110001000111000
111110000010000000000100000000000010000010000100000100111110000000000000000010000010111110000110000010111110000010000010000010000100000000111010000010111100111010111100111100000000000110000100
110110000100000110001010111010111010000100111100110100110110110110110100000010001010111100110110110110001010111100111010111100111000111010111010111010001100110100111000110100111100111000111100
000010000100111100111100000100000110000000111100000000111100111100111110000100000010000100000100000110000110000000000100111100000100111110000110000100000110000010000010000010111100111100111110
001010110100111000000100001010110110001010001100110110001010110110110110000100001000111100110100001000000100000100111100110100000100000100111110111000110110001010000010001010111000000100001010
111010001000001010110100001010110110110110110100000100111100001010001010110110110110000110110100111010000100111100110110110100111000110110111010000010111110110100001100000100111110001000111100
111110111010110100001100110110110100111010001010111100111100000100000100110110110110001010000100110110110110110100111100111010001100000010000100000100111100110110110110000010111000001000111100
111100001100111010111100110100111000001010000010110100111010110110111100111000111100001100110110111010110110111000000110001000001000001000001100111010111000110110001000111110111000110110111010
111110111100111010111010000100111010110110111010000010111100110110111110001010111000110110110110111110111000111100110110111100000100110100001000111100111100111100001010001100001000110110111000
000100111100000000000000111100000100000010111010000010000000000100000000111100111100000110111100111100111100000110000000111100000100111100000110111110000110000000000010000100000100000010111110
111110001010111110110100110110110110111000001100001010110110001010111000110100001000000100000100111010001010110100111110111000000100111100111000111010001100000110000100110100111100111010111110
000010111110000100000110111110111110111100111110111100000010000100000100000010000010111100000010111110111100111100111100000100000000000000000010111110000100000000000010000110000100000010000010
000010111110000000000100111110000000111010111110000000111010000000111110111110000100111100000010000100111110111100000010111100000110111010000100111100111100111010000000000100000000000100111100
000100000110111100000010000110000000111110000100000100000100000100000100000110000010111100111100000100111110000010000110111010111100000100000110000010000010111110000100000010000010000100111010
111110110110111110001000000010111100000010000010111010111110111010110110111000110110111000111100111100111000001100001100111000111100001000001100111010000100110110000100111000111110000010000010
000110000100000100000110000110111100111100111010111110000100111010111110111110000000111110111100111110111100000010000010111010000010000010111110000100000000000100111110111010000100111010111010
111100111010111000111010111100000100000010000010001010111010111100111110110100110110000100111100110100001000111010001010111100111010111110111100110110111010111000110100001000000110000010111100
111000111110111100001100111010111000110110110110111100001010110110001010000100000100110110001100111100110100111100000100110110111100000100000010110110110100111110110110111010111100111100000100
111100111010111100111100110110111100001010001000000100000100110100111010000100001010111010000100000010001000111000111100110100000110111100000110001010111010000100000110111010111000110110111100
000010000010111110000000000010000100000100111100000100111100000100111100111010111110000000111110111110000010000110111110000010111100111010111100111100000100000110111110111110111010000000111100
001000000110110110111100111000000010001010111100001100110100111010000010000010110110110100000100111010110110000110111000110110111010111000110110110100111000000010110110111100111110111100111000
110110001100110110110110001010001000000110111100111010000010000100111010110110111110111100000010111010110110111010001010000100000010000110111100111110111010001100111100111000001100110110001100
111100000110111100000110000010000100000010111110000100000000111110000000000100000010111110000000111100000100111100111100111110111110000100111100111110000100111100000100000010111100111100000000
111110001100111010110110110110111110110100111010110110111010111010111010111110111100111000111010111100001010110110110110001010111100001000110110111100111010111110111100110110110100001010001100
111110111110000100000000000010111110111100000100111100000010111010000100000100111110000010000010111100111110000000000000000010000010000110111010111110000010000100111100000100000000000010111100
111010000100111100110110000110111110110110110100111000111010111010001010000100111010110100111100111110111110001010001010111000111100000110111110001000111100000100111100110100110100000010110110
111010001100111100110100000100111010111010111100001010110100000100111110111110111110000100111000001100001100111010001010111000111100110100000100110110110110001010111110111110111000110110111110
000010110110111100110110111110111010111100110100110110001000000100110110000100110110111110110100110100110110111010110110111100111000110100110110111100111000110100110100111100111010000010001000
000100111110111000111010111110110110001010110110000110000010000100001000111010111000111010001010110100001010000100110110000010111100111100111100110110111100000010001010110110111010111100111100
000100110110110100110110110100111000110110000110111100111100001010110110111100110110000110111100000100001010110100111110000110110110111100001000000100111110110110111110111010111110111010000110
110110110110111000000100001010110110110100111000111100111110001100000110001010111010111100110110111100111010110110111100000010110100111100111010111000000010001000110110001000001010110110110110
110110111100110100111010111000111010111110111100000110111000111100001010110110110100110110000010000110000100110110111100111100001100111000111110110110000100001010110100000010111000111000000100
000100000100111110111010000100000100111100000010111100111100111100111110111100000000000110000110000100111110111110000010111110000000111100111100111110000100111110000010000010111110000010111100
111100111100111000111110111110111100110100111010110110111100110110000010111100110100110110111110110100111100001010110110110110111100111110111100110110001100110110111100000100111010110100111100
000100000010111100000100111110111100111100000100000100000000111100000010000010111110000000000110000000000010111100000000000100000000111110111100000000000110111100111010000010111010111110000010
111000111000110100111100111100000100110100110110110110110100111010111100111110110110000110110110001000111100110100110110111100110100001010001100000100111010111100110110001100111000001010111110
000010111110111010000010111100111110000100111110000010111100111100111010000010111100000000111100000100000100111100111100000010111110000100000010111010111100111110000100111100111100000100111100
111010001010000100111100000100110110110110111100110110111000001000001010001100001010111100111000001010111100001000110100111010000100111010111000001010000110111010111110111110001010001010110110
110110110100000100000100111100110100000010111100001000001010000100000100000110111000001100000010001010111100111010111100111110110100001000110110001010001010001010111100001100000100001010111010
111010111100000110110110111110001100001010000010111010110110111100111110111110000100111100111100110110110100111010111010110100000110111010111000111010001010110110001100110110111100000010000100
000100111100000000000100111110000010000110111110111100000010000010111010000100111110111110000010111110000000111100111100111110000010000010000100111010000010111110000010111100111110000100000100
000100111100111100111110000110000100111110111010000000000100111100000010000010000100000010111100000010111110111110111100000110000100000000111100111100111110000010000000000000000100000010000000
110110000110000100111010110100111110001100111000111100111110111000000110110110000100111100111100110100001010111100110110111000110110110110001010110100110100001100000010110100110110111010000100
001010000010001010000010111100111100000100000010001010110110111110110100001010111100001000000100000110110110111010111100000100000100001000111100110110111110111000001000110110001010110110111100
000010000010111100000000111100000100111110111110111100000100111100000100000010000000111100000010000100111110111110111100000010000010111100000000111010000100111110000010000010000100000000111100
111100111110000110111110111110000000000100000010111100000100111100000000111100000000111100111100111100111010000000111100111100111010000000000000111100111100000110000010000100111110000110111010
110110001010000010111110111110111100111000110100111100001000111000000110111110110100001000110110000110111010000100111100111100111100111000110110000100110100111100110110000100110100110100000110
000010111110000010000010111010111110111100111100000010111010000010000010000010000100000010000000000100000100000100111110000010000100111100111100111100111110000010000010111110111110111010000010
110110001010110110111010111100110100000010111110110110111100110110110100001100111010111100000010111100111100110110111110110110000100110100111010001000111010000010000100110100000100111100001010
111010000000000000111110000000000010000000000000111100000110000000000100000100000000111110111010111110000000000100111100111100000000000000000100000100111110000110000010000100000110000000000100
111100000100111110111100000100111110111010111100000100111110000100000010000010111100111100111110111010111110111010000010000100000000000100000100111010111110000100111100000000111110111100000100
111100111110000010111110000110111100000010000000111100111100111100000110000110111100111110111010111110000100000100000010111100000010000010000100000100111110111100111100000110111110000100000010
000100000010111110000100111110111110000010111100000010000000111100000100000100111010000010000010111100111100000100000100111100000100000000111110111100000100111110111010111010000010000100000000
111100001000000100111010000110110110111100110110000100111100110100111000111100000100111000110110111100111000111100000100111000111000001000110100000110111000001000111100000100111110111100110100
111100000000000100000000000100000000000100000100000110000100000100000010111110111010000010111110111110111100111010111100111010000110111100111110111100000110111100000100000100111100000000000100
000100000000000100111110000010111100000010000010000100000110111110111100000000000100000010111110111100000000000010000100111100111100000010000100111110111110111010111100000010111100111110000010
111000111110001010111000001000000100111000111100111000111100001000111100111010001010111100111000000100111000111100111100110100000010111010000110111010111000111010001010000100000100000100110110
111110111110000000000100000100111100111110111100111100111100000100111100111100111110111110111010111100111100111100111010000000000010111110000100000000000010111100111100000100000100111010000010
000010110100110100111000111110001010111100110110000010000100110110001010111100001010110110001000110100001000111100001000111100110110111100110110001010001010111100001000001010000100110100110110
000100001000001000111100110100111000111100110110001000110110111100111100000110001010111100001010111110110110001010110110111010111100000010001000000100111100111010111010001100111000111110110100
000010000000111010111100111010000100000010000110000000111110000100111110000100111010111110111100111110111110111010000000000100111010000100111110000010000000111010000010000010000000111010000100
111010001000000100001100111110111000000110111000110100110100111010111110001000111000111000110110111110111100000010111100001010110110111110110100000110000100111010001100000100000100110110111010
000000111110111010000010111010000100000010111100000010000000000000000000000010111010111100000000000010111110111110000000000100000010111110111010000000000010111110000000111010000100111100111110
000110111010110110111110111000110110110110000100111010000110001100111100110110111010111100110110111000000110111000001010111000001010111100110100110110111100111100000110111000111010110100111010
000100111100000100000110111110111110111100111100000100000000000010000100000010111100000010111100000010111010000100000100111010111100000100000010111110000100000000000010111110000000000100000010
000000000000000000111100111100111100000010111100111010000100000010000110111100000100111010111100111100000100111110111100111100111110000000000110111110111100111100000000111100000100111110111110
000000000000000100000010000100111110000010111100000000000100000100000000111100000100111100000100111100000100111010000010000100000110111110000010111100111110000100000010000100000100111100000010
000110000110111100111100111100111100111100000010000100000000000010000100111010111110111110000010000000000100000000000000000010111100000010111110000000111110000100111110111110000100000000111110
111010111000110100000010000100001010111100111100111100001000000100111100110100111100110100111100001010110110000010110110001010001010001000001010111100110110111100110100000100000110111100000010
111010111010111100111100111100000100110100000110000100001000000010111100000010111010001010001010111010111100111100111000000100110110000100000010000010000010111010111010110100110100000100110100
111000111100000110111010111110000100111010110100110110110110110110111010111010110110000010001010111110111100110100001000001010000100110110111010000100111010111010111100000100110110110110001010
000100000100111110000000000100000100000010000000000110000010000000111110000010000110000010111010000000000110111100000100000010111110111100000100111100111110000000111110000010000010111100111110
111100000000111110111110111110000100111100111010111010000110111110000100000000111110000100111100111110000000000010000010000100111100111100000010111100000100000100000010111110000100000110111110
001010110110111100001000111000110110111010000010111110111110000100111000110110110110111110111010000100110100111010001010111100000110111010000110111100111010111100111100000100111100001100110110
111110111110111010000100000000111010111110111100000010111010000100111110111110111110111010000010000100111110000010111110000000000010000000000000000100000010000000000100111100000010000010111100
000100000100000100111110111100111110000100000000111110000010000000111100000010000010000100000010000110000100000100000010111010111100111100000010000100111110111100000010000000000100000110000100
111110111010000000111100000010000010000100111100000100111100000010000100111110000010000010111110000010111110000010111110111100000010111100111110000010111010111100111010111110111010111100111010
000100110110111010001100110110111110111100110110000010001010000110110100111100111100001000000110111100000100111010111110000100111000001100000100110110001010001000000100111100111010111100111010
000000111110000010111110111010000100000000111100000110111100000010000100111100000000111100111110000000111100111010000000000010000100000000000100000000000010111010111010000010000100000110000000
001010111000110110111100111110111110111100111000111000110110000010111010111000111100110100110110111110001000111010000010110100110100001100000010000110001000110100001010111100111100001010111100
111100000100000100111110111100000100000000000010000010000100111010111110111110111100111110000000111110111110000000111010111010000000000010000010000100000100000000000110000010000010111100111100
111000110110111100001000111100110100000110000010001100111110001010110110110100111010111010000110001100110100110100001010111100111010111100001100111110111000111100000010111010001000001010110110
111100111100111010111100000000111110111110111100000100000100111100000010000010000010111100111010111100000100000100111100111100000100000010111100111100111110000010111110000000111100000000000010
000100111000110110110110110110000010001010111100111100000010000110111100111100110100000100000100000100001010111010111000110110000010110110001010111010110100110110000100000100000010111010111010
111010000110111100000000111100111110111100111100000110111100000010000110111010111100000010000010000000000100000010000010000010111010000000000010111110000100111100111100111010000110000010000010
111010111110111100000000111110000100111110000010000010000000000000000000111100000010000010000010000000111110111100111110111100000000111110111100111010000110111100111010000000111100000000111010
001100000100110110001010000110000110111100111010111100111100110110001100110110110110110110001010001010110110111100110110111010111110001010111000110100001000110110111100001010111100001010111000
111100111100000000000010111010000110111010000010000100111100111100000110000000111100111100111010111100000000000000000100000100000000000100000100000100111110000000000010000110000100111110000100
111010000010001100000100001100110110111100110110000110110100111100111000001100001000000010110100000100000100110100001010110100000100000100111010000010111100110110000010001010000100111010001100
111110110110001010110110001010110110001010001000001010111110110100111010110110110100111100110100111000111100000100001010000100001100000110000100111010000100001100001010111100111110111000111110
000100111110000100000010111010111100000000111010000100111110000010111100111100000010111100111100111110111010000010111100000010111110000010111110000100111110111110000110000000000010000010000000
000000000010111110000010111100111100111100000100111010000100111110111110111010000110000010111010111110000010000010111110111100000010000100000010000010000000000000111010000000000000111110111110
001100110100000100111100111000001010001000111000001010110100111000000010110100000110111010110100001010111100111010111100110110111000110110000010111100000100110100111100110110110100111100111010
000100000000000000111110000010000010111010000100111010000100111110111110000100111110000000111100000100000010000010000100000100000010111110000110111010000000111110000110000100111110000000111110
110110110110000110111100001100111100111000000110110110111110111100111010111110111100110100001000111100001100000110110110110100111100110110001010111010110100111010001010111010110110000010000100
111100111110000100111110000110000100000100000010111110111010111010000010000110111100000100000010000110111110000100000000000100111110000100111110000000111100000000000010000010000100111100000010
110100000010111100110100111000001010000100110110111110111110001100000010110110110100001010110110111000111100111000110110111010111100110110001010111000000100111010111110111100111100111000111010
111100110110110110111100110110110100111100110100111110110110111110111100110110001000110110110110111100001100111100001010111100000010001100111100001000000010111010111010001000001010111000000010
                                                                                                                                                                                                                                                                                                                                                                                                                                                                                                                                                     
