111100111010000100111010000100111110111010111010000110111010000010111100000110111110000110111010111100111010111110111010111100111100111010111100000110000110000110111110111100000100111010111100
111100000010000100111110111100111110000010111110000100111100111100000100111100111110111110111100111100000010000010111100111110111110111100000110111100000100111100111100111100000100111100111100
111110111010000100111100000010000100000100000010111010000110000010111100111010111110000100111100111100111100000100111100111100111110111100111010111100111110000010000100000100111100111110000100
000100000010000100111110111110111110000100000100111110111100000010111100000100000010111110111110111010111100000100111110000010111100111010111110111110000010000100111100111110111100000010000010
111010000100111010111110000010111010000110111100000110111100111010111010000110111110000110111010000100111100111100111100111100111100111010000100000100000100111100111010111100111010111010111100
111010111010111100111010111100111010111100111010111010111010000010000010111100111100111010000100111010000100000100000100111010000110111110111010111110111100000100111100000110111010000100111100
000010111100000010111010111100111100111110111100000100000100111100000100000100000110000010111100111110000100111110111100000100111100000010111100111110111010111100111110111100111100000100111110
000100111010111110111110111110111110111100111110111100111110111010000100000100111100000010111100000110000100000110111110111010000100111100111100000100000100111010111100111100111110000100000010
000100000110111110111110000100111100111100111010111110000100000100111110000100111100000010000010000100111110000010000100111110111110111110111100111100000010000100111110111110111010000100111100
111100000110111010111110111100111010000110111100111100111010111110111010111110000100000100000110000100000110111010111100111010111100000100000110000110111100000100000110111100000010000100111100
111100111110111100111110111110000100111100111010000100000100000010111110111110111110000010111110000100111100000100111100000010111100111100111100111110000100111110111100000100111110000010111110
111110111010111010111100000100111100111100111100111010000100111010111010111100111010000110000110000110000100111100000110000110111100111010111010111100000010111010111100000100111100111110111010
111100111100111010111100000100111100111100111100111100111100111010111100111110111110111110111100000010000100111110000010111110000100111110111010000100111110111100111100000100111100111100111100
000100111110000110000110000100000100111010000100000100111010000100111100000100111100111010111100111100111010111100111100000110000110000110111010111110000100000110000100000100111100111010000100
111110111010111100000010000100111110000100000010000100000010111100111100111100111100111100111110000110000100111110000100111100000100000100111110111100111100000100111010000100111100111100000110
000010111100111110111110111100111100000010111100111100111010000100111100111100111110111010000010111110000100111100111100111100000010000010000100000100000010111100111110111110000010111010111100
111010000100000100000110111010111010111100000010111100111010111100111010000110000110000110111100000100111100111110111100111100000100000110111010111100111010111100111100000100111010000110111100
111100111110111010111100000100000110111110111100111010111100111010111100111100111010111100111100000110111100000100111010111010111010000110111100000110000100000100111010000100000110111010111010
111010111010111010111100000100111100111110111100111100111010000110111010000110111100000100000010000010111100000100111110111010111010111010111010111110111110111100000100111100000100111010000100
000100111100111010000010000110111110111010000110111100111010111100111010111010000100111010111100000100000100000010111100111010000110111010111010111010111010000010111100111100111100111100000110
000100000100000110000010111110111110111100111110111100000010111100000010000010000010111110000100000110111100111110111100000010000100111100111100000010111100111100111110111100000110111010111100
111100111110111110111100111100111100111010111100111100000010000100111110111010000010000100111100111010111100111100111100111100111010111100111110111010111110111110111100111100000100111100000100
000100000100111110111010111110111110111100000100000100111100111010111110111010111100111100111100000100111010111110000110111100111010111100000110000110111010111010000100111010111100111110000100
000010111100000110111010000100000110111100111100111100111110000100111110111100111100000100111100111100111010111100111100111110000100111110111100000100000100000100111110111100111110000100111100
111100111100111100111110000010111100111100111100111100111110000100000100111100111100111110111010000100000100111010111010000100000100111100111110000100111100111110111010111100000100111100000100
111100111110111110000010111010111110000100111100111110111100111100111100111110111110000010000010111110000100111100111110111100000010111110111010111100000010111100111110111100111100111010111100
111100000110111110000100111010111010111100111100000110111100111100111100111100111100000100111010000100111100000100111100111010111100000100000110111100111110111010000100111010000100000100111100
111100000100111110111110000100111100111100111100111100111010111110111110000100000010111100111110000100111110111100000010111110111100000100111110111110111110000010111100111110111110000100111100
111010000100111100000010000110000100111010000110000010111010000110111100111100111100111100111010000100111010111010000110111010111010000100000110111010000100111100111010111010111010111010000100
111100000010111100000110000110111100111100111010111010000010111100111100111010111110111010111100111110111010000100000110111100111010111010000110111010111010111010111100000100111100111010111100
111100000010111110111110111110111110111100111010111100111110111010000110000010111100111100111100111100000100000100111100111100111100000010111110000100000100111100111100000100000010111110111100
111110111100111100111100000110111100111100111010000110000100000010111010111110111100111010000100000110111100000100000100111010111100111010111100111100000110111110000100000110000110111010111010
111100111110111100111110111100111010000010000010111110111100000110111110000010111010000110111110111110111010111010000100000010111110111100000110111100000010111110111010111010111010111100111100
111100111100111100000010000100111100111110111100000010000010000110111100111110111100111110111110111100000100111100111100111100111100000110111110000100000100111100000010111100111100111110000010
000100111010111010000010000100000100111110000010111110111110111010000100111100000100000110111010111100000100111010000100000100111010111100111100000100111100000110111010111010000010111010111010
111110111010000100111100000010111100000100111110111110111110111100000100111010000100111010000010000100111100000010111110000100000100000010000100111100000100000010000010000100111110000010111110
111110111100111100111010000100000100111100111100111110111100000010111100000010000100111100000100111100111110000100000100000100111110111100111010111010000100111010111100000010111110111110000100
000010111110111100111010111100111110111010111100111100000100111110111110000100111100000100111100111110111100000100111100000010000100000110000010111010111010000010111100111100111110111100111100
000100000010111100111100111100000100111100000010000010000100111100111010111100111110000100111100111100111010111110111100111110000100111110111100111100000100000010000100111100111110000100111110
111100111100111010111110111100111110111010000100111100000010111010111110000100111100111010000110111010111110000100111010111110111110111100000100111100111010000010111110111110000010000010000100
111100111010000110111010111100000100000110000010000100111010111010111110000110111100111100111100111100111100111100000100111100000110111010111100111100111010111100111010111100111110111010111100
000100111010000100111110111110111100000100000100000100111100000010111110111100000100111100111100111100000010000010000100000010000010000110000010000100111100111100111100111100111100000100111100
111100000110111110111010000110000100000100111110111010000110111010000100111010111010111010111100111110111100111100111100000110000100000100000110111010000100111100111100000100000100000100111010
000010000100111110000100111100111100111100000100111110111110111100111100000100111110000100000100000010000100000100111100000010000100111100111110111110000010111100000100000100000110000100111110
111100000110000100111110000100111110111110000100111110111100000100000100000110111100111100111100000100111100111100111110111100000100111010111100111110111100000100111100111100000010111100111110
000100111010111010111100000110111100111100111110000010111010111110111110000100111110111010111100111100000100111110111100000100111010000010111110111110111100111100111100111010111110111100111110
000110000110000110111010111010000100111010111100111010111100111010000100000100111100111110000100111100000110000110111100111100000110000010111010111100000110111100111100111100111110111110111100
000110111010111110111010111110000100111100000110111100111110111010111010000110111010111110000100111010111010111100111100111110000010111100111010111010000010000100111010111100000110111010111100
000110111010111100000100111100000100000100111100111100000110000110111100111110111010000010111010111100111110000100111100111100111100111010000110000100111110111100111100111100111100111010111010
111110111110111100000100000100000100111010000010111100111100000010000010111110111010111110111100111110000100000100111010000010111100000100111110000100111100000100000100111110111110111010000010
111100000100000100000110111100000100111100111110111110111100111010111010111010111010111100111010111100000100111100111100111010111010111100111010111010111100111100111100111010111010111100111010
000010111100000010000110000010111100000010111010111110000100000010111010000100000100000100111100111100111100111100111100111110111100000010000100111110111110000100000100111110111110111100111100
000110000100111010111100111010111010111010111110111100111100111100111010111010111100111010111100111010111100000100111010111010000110000100000110000110111010000100000010000100000110111100000100
000100000100111100000100000100000100111110111010111100000100111100000100111110111100111100000100111110111100111010111100111110111100111110000010111110111110000100000010111100111100000010111100
000100000100111100000100111100111100111110000110000100111010000110000100111110000100111010000110111010000110111110111010000110111010000100000110000100111100111010111010111110111010111010111100
111100000100111100111100111100111110000100111100111010000110111100111110111100111110111010000100000010000110111100111100111110000010111100111110111100000100111110111100111010111010000010111110
111010000100000110000110111010111110111100111100000010000110000100111100000100000100000100111100111100111010000110000010000100000100111110111100000100000100000100000110111100111010111010000110
000010000110111010000010111010111110111100000010111110111010111100000010111010000100111100111010111100000100111100111100000010111100111010000100111100111100111100111010000100111110111110111010
111010000100111110111100111010111110111100111100000010111110111100111100111010111110111010000110111100111110000110111100000010111100000100000110000100111100111010000110111100111010111110000110
000010111100000100111100111110111010111100000110111010111110000010000110111100000100111110111010111010000100111100000010111100111100111100000110000110111010000100111100000010111010000110111100
111110111110111110000110000100000100000100000010000010111010111100000100111100111100111110000100000110000100111010000010111100111100000010111110000010000100111100000110111110111110111110111100
111110111100111110111110000100000010111110000010111010000010111110111110111100111010111100111100000010111100000100111110111100111110000100111100111110111110111100111100111100000100111010111110
000100000100111100111100111100111110111100000100111110000010111100000010111010000110000100000010111100000010000100111100111100111100111100000010111110000010000110000100111100111110111110000010
000110111010111110000100111010111110111100000010000100111100111100111100111100111010111100000100111110000100111100111010000100111100111100000110111110000100111010111010000110000100111010111100
111010111010111100000100000100000110111110111100111100111100111010111100111100000100111010111010000110111010111110111100111100111010111100000010000100111010111010111010111100111010000100000110
000100000110111010111110111100000110111100111100000110000110111110111010000100111010111100111010000110000100111010111010000010000110111010111100111010111100111010111100111010111010000100111100
000100111100111110000100111100111100000010111100000100111110111010000100000010000110111100111110000100000100000100111100111110111010111010111100111100111110111100000100111100111110111100000100
111110111010111100000100000100111100111100000100111100111010000100000100111010111100111100111010000100111110000100000100111010111100000010111100111010111010111100111100000110000010111010000010
000110111110111100111010111110111100000100111110000010111100111110111110000010111100111100111100000010111110111100111100111100111010111100111100111110000100111010111100111110000100000010111100
111100111110111100111010000110000010111100000110111100111100111100111010111100111010111010000100111100111100111010111010111010111010000110111010111100111100000100111110000110000100111100111100
111110111010000100000010000010000100000100000010000010000100000010000010111100000100000110111100000100111010000010111110111010111110000110111110000100000010111110111100000010111100000100111110
111100000110111100111010000110111100111010111010000110111100000110000110000110111010111010111110000110000100111100111100111100000100000110000100111100111010111010111010111100000100111100000010
111100111110000100000100111100111100000110000010111010111100000100111010000100111110000100111100111100111100000010111010111010111010111100111100111110000100111110000100000110000100111100111100
111100111100000110111010111010111110111100111100000100111110111010111110111100000100000100000110000110111010111100111110111110000110000110111100111110111100000110111010111010111100111010111010
000100111100111100111100111100000100111110000010111110111110111100000110000100111110111100000100000100000010000100111100000100000010111100000010111100111100111110000100111100000100111010000100
111100111010111010111110111100111010000110000100111010111110111100000110111100000100000110000110111100111100111010111100111110000100000100111010111100000100111010000110000100111110000010111110
000100111100111100000110000100111110000010111010000010000010000100000010000100000100111110111100000100111100000010000100111110111100111100111110111010111100111100000010111100111110111100000110
111010000100111110111110111100000100111010000100111010000010111100111010111100111010000110000110111010000110000100111010111010000100111100000010111010111010000100000100000100111010111100000100
000100111100111010111100000010111100111100111100111100111010111110000100111100111110000100000100000010111110111110000010111100000010111110111100111100111110111110000100111100111110111110111100
000100000110000100111010000110111100111010111010000110111100000110111100111010111010111100111100111100111100000100111100111110111010111110111100111110000100111110111100000110000100111100000010
111010000100111100111100111010111100000100000100000100111100111100000110111010111010000010111100000110000110000100111100111100111100111010000110111010111100000110111010111100000110000100111010
000100000100111010000110111010000110111100111100111010111010000110000100111100111100111110000010000100111010111010111100000100111110000100111100000100000100111010111100111010000100000100000110
111100111100000100111110111110000100000100000010111010111110111010111110111100000100111100111110111100000100000110000010000100000100000100111110111100000010111110000010111110000100000100000010
000010111010111110111110111100111110111100111110111100000100000100111100000100000100111100111110000010000010000010111110000100111010111100111100000100111100111110000010111100000010111100000100
111100111100000100111100000100111110111100111100000100000100111010111100111100111110111100000100000100000100111100000100111100111010000010111110111100111100000100000100000100111110000010000100
111110111010111010111010111100111010111010111010111100111010111100111100111100111100000110111100111010111110111010000100111110111100000110111110111100111100111100000110000100000010111100111110
111100111100111100111110000110000100111100000100111010000100111100000010111010111010000100111010000110111100111100111010111100000100000100111100111100000100000110111010111100000010111100111100
000100000010000100111010111110111110111100000010000010111110111100000100000010111100111110111010000110111110000010000100111010111110111110000100111100111110000010111100111010000100111110000110
111010111100111010111010111100111110111010000010111100111010000100111100111100000110000110111010000110111100111010000110111010000110000100111100111110111100000110000110000100111110111010111010
000100111110111010000010111100111110000100000010000100111110000100000100000100111110111010111100111100111010000010111110111100111100111100111010111100000100111010000100111010000100111100000100
000010111110111110111100111100000100111110111100111100111100111100111110111100111100000010111110111100111110000100000100000100000010000100111010111100111100111010111100111100111110111110111100
000100111100000100000100111110111100111110000100000100000110111100111010111100000100111100111110000010111110000010000010000010000010000010111100000010000110111110111110111110000110111110111100
111100111100000110111100000110111100111110111110111010111110000100111100111100111100111100111100111010000110111010111010111010111100000110111100000100000100111100111010111110000100000110111100
111100000100111010111010000110000100111010000100111100111010000100111110000110111100111010111010111100111100111010111100111010111100111100111010000010111010000100111100111010111110000100111100
000010111010000100111100111100111100111110000110111100000100111110000110000100111100000100000100111100111010111010111010111100111010111100111110111010000100111110111010000100111010000110111010
111100111100111100111100111100111110111100000010111100000100111010111010111100111010111100111110111100111100111010111100111100111100000100000100000100000100000100111110111100000110111100000100
000110111100111110000010111010000100000100111010111010111100111110111110111010111100111010111010111010111110111010111100111100111100000100000100000100111010111010111100111100111110111110111010
111110111100111100000100000110000110000100000010000010000100111010111100000100111100000100000110000110111100111110111010111100000100111110000100111010111010000110000100111100111110111100111100
000100000110111100111100111110111010000110111100000110000100111010111100111110111010111100111100111100111010111010111010000010000010111100111010111110111100111010111010111010000100111010111110
000110111100000100000100111010111100111110111010111100000110111100111010111100111100111100111100111010000100111100000110111010000100111100000100000100111010000110000100111100000110111110000100
111100111010111100111100000110111100000010111100111010111010111100000100000110111010000110000110111100000110000010111100000100000110000110111110111010111100000110111110111010111010000100111010
111010000100000100111100111100000100111100000100111010000100111010111110111010000010111100111100000010000100111100000110111010000010111010000110000100111010000100000100111100111100000010111110
000100111100111110111100111110111110000100111100000100111100000100111110111110111100111110000110111100111100111010111110000100000100000100000100111110111100000100000010000100000010111010111110
111010000010111010111100000010111010000110111010000100111100111010000100111100111100111010000110000100111010111010111100111100111100000010111100111010000100111100000100000100111110111100111010
111100111100111110000100000010111100111110111110000010111110000100111100111010111100111100000110000100111110000100111100111100000100000100000010111100111100111100000010000010111100000100111110
111110000110111100111100111110111010111100111100111100000100111110000100111110000010000010111100111110111100111100000100111100111110111110000100111110000010111100111110111110111100111100111110
111010111110111010000100000110000100111100111010111010111100111010111010111100111010111100000110111010111010111100000110111110000010111100111010111010000100000100111110000110000100111100000010
111010000010000110111010111100000110000100111100111010000110111010111110000010111100111110111100111110111110111010000110111010000110000100111010000010111010000110111100000100111010000110111010
111010000110111100111100111010000100111110111010000110111100111010111010000100000110111100000100000100111100111100111100111110111100000110111010111100111110000110000100111010111010000110111100
000100111100111010111100111100000110000110000100000100111100000100000100000110000110111100111100111100111110000110111010111010000010111110111100000110111100000110111100000110000100111100111010
000100111010111100000110111010111110111100111100111100000110000100111100111010000100000110111100111100000100111110111100111100111100111100000110111010000110111100111010111110111100000110111010
000100111110000100111110111100111100111100000010111100111100000100000010111110111100000010000010111010000110111110111100111110111110000100111100000100111100111100111100000010000010111100111110
111110000010111110000100111110000010000100000100111100111100000100111100111100111100111100111100111110111100111100000100000100000100111100000100111100111110111100111110111110000010111100000100
000110111010000010000100111100111110111100000110111110111110000110000110111100111010000110000010111010111010111100000010111100111010000100000100000010111010111100111100111010111100000110111100
000010111100111100111100111110111110000100111110111110111100111100111010111110000010111110000010111110111100111100111100111110000110111100000010111100111010111110111110000010000010000100000110
111100000110111100111100111110111010111010000110000110111100111100000110111010111010111100111100111010111010000110111100000110111010111010111010000100000100111010000110111010000110000010111100
111100111100111010000100111100111010111010000100111010111100111100000110000100111100000100111100111110000100000100000110000100111110111100111110111100000100111100111100111010111100000100111010
111100000100111100111110111110111110111100111110000010000010111100111110111110000100000010111110111110111100111110111100111100000010111110111100111100111100111100111100000100111100111010111100
111010111100111010111010111010111010000110111110000010111010111010111010111010111100111100000010111010000100000100111010000100111010111110000110000100000110000110111100111100111110111010111100
000100111100000010111110111100111110000100111110000110111100111100111100111100000100111100000100000010111100111110000110000100111010000100000110111110111010000010000100111110000100000010000100
111100111100111100111100111110111110111010111100111110111010000010111110111100111010111100000010111010111100000010111110000100111110111100000010000100111100111110111010111100111110000110111010
111100000110111110111100111010111100111110000010111100111100000100000010000100000010111110111110111100111100111100111100111110000110000010000100111110111110000010111110111100111100000100000010
000100000100111110111100111100000100111100111010000100000100111100000100111010000010111110111100111110000100000010111110000010000100000100000100111100111110111110111100000100000110111110000100
111010000100111110111100111100111100111100111010111100111100111100111010111110111010111100111100111010111100111010000110111100000110111010111110111100000010111100111010111010111010111010000100
111110000100000100111110111110000100000010111100000100111100111100111100111110111110111010111100111110111100111100111110111100111110111110000010111100111010111100000100111110111110111110111100
111100000100111100111100000100111100111100111100000100111100111110000010111100111100111100000100111100111100111110111110000110111100111100111110000100111100111010111100111100111100111100000010
111110000010000100111110111110111110111110111100000110000010111110111100111100111100111100111100111010111100111100111110111110111110111100111110111110000010111110111110111100000100000100111010
111110111100111100000110111110111110111010111110111010111100000010000110000110000010000100111100111100111100000100000110000110111100111100111100000100000100111110111100111010111100111100000110
111110111010111100111100111100111110111110000010111100111100111100111110111100111010111110000100111110111110111110111100111100111100111100111110111110111100000100000100000010000100111010111100
000010111110000110111100111110111110111100111110111100000100111110111110000010000010000100111110000100111100000100000100111110111110111010111010111100111100111110111110111100000010000010000100
000010000010111100111110000010111010111100111110111100111100111100000010111100111100111010111100111010000110111110111100000110111100111110000100111010111100111110111010111100111100111100111100
000100111100111100111010111010111100000110111100111100000010111100111110111100111110111100111100000100111100111100000100111100000010000100111110000110000100111100111110111110000100111110111100
111110000110111100111100111110111100111110111100000100000100111010111110000100111100000100000010000100111110000110000100111110111110000100111100111100000100000010000100000100111100111110111010
000110111010000010000110111100111100111100111100111100000110111110111100000100000110111010111010111010111100111110000010111010111100000100111110111010111100111010111100111100000110000110111100
111100111010000100111010111010111010111110000110111100000100000010111110000100111010000100111100111100000100000100111100000110111010000110000010000100111100111100111010111100111100000110000100
111110000010111100111100111100111110000010111100111100111110111100111110000100000010111100111110000010111100111010111100111100111110111100000110000010000110000100111100111100111110111110111100
111100000110111110000100111100111100000100111100111100111100111010111010111100111100111100111010111010000110111100000100111010111010000100111110111110000110111010111100111110000110111100111010
000010000010111100111100111110111100111100111100111110000010000100000100111100111100000100000100000010000100000100000100111100000100111100111110111110000100111100000100111100111100111100000010
000010000010111110000100111010111010000100111100000100000010000100000100111110111100111100000010111100111100111110000010111110000110000100111100111010111110111110111010111100111100111010000100
111100000100000010000100111010111100111110000010111110000110000010111110111110000100111110111100000100111100000100000010000110111110111100111010111100111100111100000010111110000110111010000100
111100111100111010111100111010111100111100111100111110111010000100111110111100000110000110111110111010000110111110111100111100111100111110111010111100111010000110111010000110111010111110111100
111110000100111110000010111100111110111100111100111010000010111100111110000100000010000010111110111110000100000100111100000100111110111100000100111100111110111100000010111110111100000110000100
000100111100111010000110000100000110111100111010111010111010111100111010111010000110111100111010111100000100000100000100111010111100000110111100111010111010111100111100111010111100111010111010
111010111010111100000110000100111010111100111010000110111110000100000100000110111010111010000100111010000110111100000110111100111110000100111010000100111010111010111100111110111110000110000100
111010111100000100111110000110000110000110111100000100111010111010000110111010111010000010111100111010000100111010000100111010111010111100111010111100000100111100000100000110000100111100111100
000010000010000010111100000110000100111110111100000010000110111010000100111100111110111110000010000100000100111110000010111100000010111100111100111110000010000010111110111100111110000010000100
000100111100111110111100111010111010111010111010000100111110000110000100111010111100000110000010000110111100000110111100000100111100000100000100111100111010111010111010111100111010000100111110
000100000110111010000100111010111100111010111100111010111100111100111110000110000110111010111010111100111100000110111100111010000100000100000110111100111110111100111010000110111110111100111010
111100111110000100000100111100111110111110111010000110000100111100000100111110111100000110111110111100111110000100111110000100111110000100111110111100111100111100111100111100000110000010111110
111100000110000110000110111100111100111100111100000100111100111110000010111010000110111010111010111010000010000100111010111100000110111100111100111110111100111100000100000110000110111010000110
111110111110111010111010111010000110000100111100111010000110111100000100111100111110111100111100111110000100111100111100111100111010111110111010000100111010000100111010111100111010000110000010
111100000110111010111100111100000110111100111100111010111010000100111010111010111100000100000100111100000010000110111100111110111100111100000110111100111010111100111100111100000100111100111100
000100111110111100000100111100111110000010111110111110111110000010111110111110111110111010111100000010111110111100111110111100111110000100111100111110111010111100111100000100000100111110111010
111110111110111110000100000100111100111100111100111010111100111100111110000010111100111100000010111100111110000100111100000100000100000100111100000010111110000100111100000010111100111010111010
000010000100111100111110111110111100000100000010000100000100111010000100000110111100111100111100111100111110111100000100111110111110111110111110111100000010111100111010111100000100111110000010
111010000100111100111110111110000100111100000010111100111110000100111110000110111010111100111100000010111100000100111100111010111010000100000110111110000100000100000110111100111110111110111100
111100000100111100000010000010000100000010111100000010000010000100000100111110111110000100000010111100000010111100111110111100000100111110111110111110000010111100111010111010000100111100000110
111010111010111100111100111100111010000100000010111010000110111110111110111110111010111100111010111100111010111110000100000100000010000010000110000100111100000100111010111100000110000100111010
000100000100111110111100000100111110000110000010111110111110000110000010111110111100000010111100111010000010000100111100111010000010000010111100000100111100000100000100000100000010111110111110
000100111100111100111010000110111100111110111010111010111100111100111010000100111100000010111010111010111100111100111100111100111010000100000110111100000100000100111100000010000100000010111010
111100111100111010000100111100000010111010111100111010000110000110111100000100111010111100111010000110111100000100000110111100111100111010111010111010000010111010000100111010111010111100000110
000100111100111010111100000100111100000010111100000010000100000010111100111010111110111100111100000100111100111100000010111010111100000100111110111100111100111110111110000100111110111100111100
000010111100111100111100111100111100111110000010000010111100000010111100111110111010000010000010111110000100000100111100000010111100111110000100000100111100000100111110000100111110111100111110
111100000010111100111100000100000100000010111010111100000110111010000110000110111010111100111100111010000100111010000100000110111100111100111110111100111100111100000100000110000010000110111010
111100111010000100111110111010000110000100111110000100111100000100000110111100000110111010111100000010000100111110111100111100111010000110000110111010111010111010000110000010000100111100111100
111100111110111110111100111110111100111100111110111010111100111100000010111010000010000100111100111010111110111110111100000100111110111010000010111110000010000100000010111110000100111100000100
111100111010111100000110111100111100111010111110000010000100000110000010000100111110111010000110111110000110111100111010111010000100111100111100111010111010111100000110111010000100111100111100
111010000110000100111010000100000100111110000110000110000110111100111010000110111010111110111100111100111100111110111110111010111010000110111110000110111100111100000010111100111010000110000110
111100000100000100000100111100000010111110111100000010000100000110111100111100000010111100000100000110000100111100111100111110111100111110111110111110111100000110111110111100000100111100111100
111100111100000100111010000110111100111010111100111100111110111100111100000100000010111100111010111110000100111010111100111010111100000110111010111010111010111010111110111100111100000100111100
111110111100000100000100000100111100000100111010111100111010111100111100000100111010000100000100000110111010111100111100000100000110000110000100111100111100111010000100000100000100111110000110
111100111110000100111100111010000100000110111100000100000100111100000010000100111110111100000110000100000100111010000110000110111010111100111100111100000110111010000100111100000100111100111010
111100111010111010000110000100111010111110111100000110111010111010000100111110111110111010111010111010000100111010111100111100111100111100000100111010000110111100111010111110000010111100111110
000100111100111100111110000010111010000010111100111100111100111100111100111110111100000100111010000100111100111110111010111100000100111010000100000100111100111100000010000110111010111100111110
111110000100000010111110111100000100111100111100111010000100111110111110111100000100000010111010111110111100111100111110111100111010111110111100000010111110111010111100111100111110000100111100
111110000010111110111100111110000100111110000100111110111110111110111110111110111110111100111100000100111100000110111100000110111110111010111100000100111100000100000010111110111100111010000010
000010000010111110111110111100000100000010111100111100111110111110111010000100111010111100000100111100000100111110000010111100000010000100000100000100111110111110000100000010111100000100000010
000100000110111010000110111100000100111010000100111100111010111100111110111100111010111100111010000010111100000110000110000110111010000110111010000100111100111010000100111100111100111110111010
111100000110111100000100111100111010000110111110111110111100111010000010111100111100111010111100111010111100111010000110000110000110111100000110000110000110111110111100000100111100111100111010
111010111110111010111010111110111100000100111100000110111010000110111010000110000100000010111110111010111010111100111100111100111100000100000110111100000110000110111100111100111010000110000010
111010111010111010111100111100111100111100111100111100111110111110000100111100000100000010111100000100111010111100000100000100111100111110111110000010000100111110111100111100111010111110000100
000110111110000110111100000110111100111010000110111100000100000100111110000110111100111100111100111100000100000110000100111100111100000100111010111100000010111010000100111100000100111100111100
000100111110111100111100000010000010111100111010111010111100111010000110111010111110111110111100111100000100000100111100111100111100111110111100111010111100111100111010000100111010111100111010
000110111010111110111110000100111100111100000100111110111100111110000100000010111010000100111110111100111100111100000100111100000100111100000100111100000100000100000100111110111010000100000010
111010111100000100000100111110111010111110000010111100111100000100000110111010000100000100000010000110111110111100111110111100111010000010111010111010111010111110111100111100000100111100111100
000110111100111010000100111100111010000100111010111010000010111010111010111010000110111100111100111100111010000110000100111010111110111100111100111110111010111110000100000110000110000100000110
111010111100111010000100000100000010111100111010000100000110111010000100111100111100111010000100111110111010111110111100000010000100000010111100111100111010000110111100111100000100111010111010
111010111110111010111010111110111010000010000110111010111010000100000110111100000100111010111010000100000100111110111100111100111100111100111010111100111010111010000110111100111100111100000110
111110000100000110111100111100111110111100111110111110111100000100000010111110000010111110111110111100111100111100111010111100111100111100111110111100000100111110111110111110000110111110111110
000100000010111110000010000010111100000010111110111110000100000010111110111100000100000010111100111110111010111110000100000110000100111100111100000010111110111110000100111100111010111100000100
111100111010111110111100000110111100000110111110111010111100000110000100000100111100111100000110111010000100111100000100000110000010111010000100111010111010000100000110000100111100000100111010
000100111100000110111100000100111010111110000010111100111100111100111100111100111110111110000100000100000100000100111100111100000100000010000010000010000100111100111100000100000100111100111100
000100111100111100111100000100111010111100111010111100111100111100000100111010111110111100111100000100111100000100111100111010000010111110111100000100111010000110111100000100111010111100111100
000100000100111110111010000100111100111100000010000100000100111100111100000010111100111110111100111110111110000010111110000100111110000010111110111100000010000010000010000100000010111110111110
000100111110111110111110111010000110111100111100111110000100000100111100111110000100111010000100000100111100111010111100111100000100000010111100111010111100000110000110000100111100111010111010
000100000100111110000010111110111100000100000010111010111110000010111110000010111010111110111100111100111010111110111100000100111010000100111100111100111100111010000100111110000010111100111110
000110111100111100111100111110000010111010111100000100111110111100000010111110111100000100000110000010111110111100111100111100000100111110000110111100111110111010111100000100111110111100000100
000100000100111100000100000100000100111110111100111110000100000100000010111100111110111100111100000010111100000010111100111100111100111100111010111100111100111110000100000100111100111100111110
111100000100111110111110000100111010111100111100000110111110111110111110111010111110111100111100111100000010000100111010000010000110000110111110111110111110111100000010111100111100111100111110
111110000010111100000010000100111100111100000100111110000100000100111100000010000100111110111110000100111100000100111100111110000100111110000100000010000010000100111100111100000010111110111110
111100111100111100111100000100111010111010111010000110111100111010000100000100111100000010111010111100000100111100111100111010111010000110111010111100000100111110111010111100111100000100000110
000100111010111100000100000110000110000110111110000010111100111100111100111100000110000100000110111100111100000100111010111100111100000110111100111010111110000100111010111100111110000100111010
111010111100111010111100111010000110111010111010111100000100111010111100000100111010111010111010111010000100000100111100000110111010111100111100111010000110111010111100111010111100000110111010
111010111100000100111010111100111100111100111100111010111100111100111010000110000100111100111100111100000110111010111010000100111110111010111100000100000110000110111100111100000010000110111010
000110000110111100111010111100111110111100111010000100111100111100000010111100111100000110111010111100111010111100111100000100000100111010000110111010111010111010111010111100111110000100000110
111100111100111100000100111100111110000100111100111100111010111100000100111010111100000010000100111010111110111100000010000100000100000100111100000010000010000110111010111100111010111010111110
111010000110111100000100000100000110111010000110111110111100000110000100000100111100111100111100000100000100111010111100111010000110000010111010111100000110000110111010111010111100111010111110
111110111010111110000010111110111110000100111110000010000110111100111110000110000010111100000100111100000100000100111100000100000100000010111010000100000100000100000100111110111100000110111010
111110000010111010111100000100000100111100111100111010111100111100111010000100111110111010111110111010111100000100000010000110000110111100111010000110000100000100111100111010000100111110111010
111010000100111110111100111100111100111100000010111110111100111100111110000100000100111100111100111110111100111010111110111100000010111110111110111110111100111100111010000100111100000100111110
000110111100111010000010111100000100000110111010000100111010111100111010000110111100000100111010000100111100000100000110000110111010111010000100111100000100111100000010000100111010000100111010
111110111100000100111100111010111010111100000100111010000100000100111100111110111100111110000100000100000110000100111100111010000110111010111010111110111010111100111110000110000100111100111100
111100000010111110000110000100000010111100111100111100111110111100111100111110111110000010111100000110000110111100000010111100111010000010111100000100111110000100000100111010000100111100111010
111100000010111100111010111010000100000110000100111010000100000100111100111010000100111100000100111100111010111110000110111100000100111010111010111110000100000110111100111100111100000110111100
111010000100111010111100000100111100111100111100000110111010111010111100000100000010111110111010000110000100111010111100111010000100000100111010111100111100000110111010111010111100111110111010
111100000100111010000010111010111010111100111100111010000100111100111010111010111010111010111010111010111110000100000110111100111100111100111100111010111010000110111010000100000110111100111100
000100111100000100111100000110111100111100000010000010000100111010111100111110000010111100000100111110000100000100111100000100111010111100111110000100111110111100111010000010111100111100111100
111100000110000100111010111110111010111010000100000100111100000110111010111110000100111010111010000100000100111100111100111100000100111100000110111100111010111100111110111100000100111110000100
000110111100000110000100111100000110000010111010111100111010111010111010111100000110111100000100111100111100111010000100111100000110111110111100111100000100111100111100111100111010000100111100
000100000010000110111100111100111100111110111110111100000010111100000010000100111110000100000100111110000010000010111110111010111110111110111110000110111110111100000110111110111100111110111110
000100000100111100111110111100111100000100000010000100111010111100111110111010000100111110000100111100000100111100000010111100111100000110111010111010111110111110111100111100000010000010111110
111100111100000100111010000100111010111010000100000100111010111010111110111010111010111110111010111010111010000010111100000100000110000110000110000100000100111010000010111100111010000100111100
111010111110000100000100000100111110111110111100111100111100000010111110111100000100111100000010111110000100111100000100000100111100111100111110111110111110111100000010000100000110111110111100
111100111110111100111100111110111010000100111010111010111010000100000100111100000100000110000100111100000100000100111010000100111100000110000110000110000110111100111010000100111100111100111100
111010111100000110111010111010000100111100111100111100111010000100111100111100111010111010000110111110111110111010000100000100000110111010000110111100000100000110111010111100000100111010000100
111100111100000010111110111110111100111110111110111100000010000100111100111010000010111110111110111110111110000010111110111110111110111100111110000100111110000010111010111010000100111110000010
000010111100111100000010111100111110000110111010111100000010000100111110111100111100111100111100000100111100000100111110000010000100111110111100111100000010111110111100111100111100111100111100
111100000010111100000100000010111010111110111100111010111100000110111100111100000100111100111110000100111010111110000010111110000010111110000110000100000100000010111100111100111110111100111100
111110000010000110000100111010111010111100111010111010111110111100111100000100111110111100111010111100000100000100000100111100111100111010111110111110111100111110111100111100111100111100111110
111110000110111110111110111100111100111110111100111100111110111010111100000010000100111010000010111110111100000100111100111110111100111100111100111100111010111100111100111110000010000110000010
111100111100111100111010000110111100111010111100111010111100000010111100111010000100000100000110000110111010111010000100111100111100111110000100111100000100111100000010111010111100000110111100
111100111010000100111100111100000100111100000100000100111100000110000100000010111110111100111100111110000010000110000010000010000100000110111010111100000010111010111100111110111100111110111100
000100111100000100111110000100111110111100000010111110111010000110111100111100000100111110000100111100111100000010000100111100000100000100000010111110111100111110111010000100111110111100111110
111010000110111110111010111100111100000100111100111010111010111010111100111100111010111010111010111010111100111100111100111010111010000110111100000110000100111110111100111100111010111100111010
111100111100000100111100111010000100111010000010111110000010111100000100000110111100111100111010111100000110111010111010000100111100000100000100111110000010000100000110111110111100111010111100
111100000010000100111110111110000010111010111100111110111110000010000100000100000100000010000100111100111110111100000100111010000100111100111100111110111110111110111110111010111010111100000100
111100000010111010000010111100000010111100111100000010000100111110111100111100111100111010111100111110111100000010111100111110111110111100000010111100000100111110000110111100111100000110000110
000110000100111010111010111010111110111100000110000100111100111100111010000100111100111010111100000100000110111010111100111010000100000100000110111010111100111100111010000100111010000010111100
111100000100000010111100111100111110111100111110000010000010111010111110111100111100000100111100000100000100000010111100000010111100000010111110111100000010000010111110111100111100000100111100
111010111010111010111100111010000100111110111100111100111110111010000110000100111100111010000100111100111010000100111100000110111010000110111100111100111010111010111010000010111010111110111010
000100000010000100111100111110111110000110000100111110111110000010111100111100111110111100111100000010000010000010000100111110111100000100111110111100000100111100000110111110000100000110000100
111100111100111010000100111010111010111010111100111010111100111010000100111100111100111010111100000100000110111010111010000110111010000110111010111100111110000100111010111100111100111010000110
000010000110111100111100111110111010111010111100111100000100111100111100111010000110111110111100111010111010111010111100111100111100111100111010000100111010111010111010111100111100111100111100
111100000100111110111010000110111100111010111100111110000100000100000100111010000110111010111100000110111100111010000110111100111010111010000110111110111100111100111100000110000100111100000100
000110000100000110111110000010111110111110111100111100000010111110111110111100111110111010111100000110111100111010111110111100111110111100111110000100111110111110000010111100111100111100000100
111110111010111110111110111100111100111010111100111110111010111010000100111100111110111010111100000110111100111010111100111010111010111100111010000110111010111100111100111010111010111010111100
000010000110111100000100111010111010111100000110000100111100111010000100000100111100111100000110111100111100111110111010111010000110111100000100111010000100000110111010111100111100111010000100
000110000100111010111100111100000100111100111010111010000110000110111010111100111100111010000100111100111100111010111010111010000110111100000110111100111100111100111100000110111010000110111100
111100000100111100000100000100111100111100111010111110111110000010000010111100000100000010111110000010111100111100000010000010111100000010000010111100000010111100111110111110000100000010111100
111010111100000110111110111100111100111010111010111010111100111010111010111010111100111100000100111010111010000010000010111100111100111100000110000100111110111010111110000110111100111010111100
111110111100111110111100111110000100000100000010111110111010000010111100000010111100000110000010111100111110111100000100111100111100000010111110000100111110111100111100000010000100111010000100
000010111100111110000100111110111110111110111100111100111100111100111100111100111110111100111010111100111100111010111110111110000100111100111100111100000100000010000010111100111100000100111100
111010000100111100000010111110111100111110111100000010111110111100111100000100111100111100111010111100111100111010000010000100000110000100000100111010111010111010111100000110000100111010111100
111100111110111010000100111010111010000100111010000100000110000110111010111100000110111010111100111010000100000100111100111100111100111110000110000110000100111010111010111010000100111010111010
000110111100111110111100000110000110111100111100000110111100111100111100111100111110000100111100000110000110111100111100111010000100111010000110000100000110111100000100111100000110111010111100
111100000110111010000010111100111100111010111100000100111100000100111100111100111100000010111110111100000010111100111110111110111100111100111110000100000010000100000010000100000100111110000010
000100111010111010111110000110111110111100111110000110000100111100111100000110000110111100111010111010111110111010111010111010111100000100111100000110000100111010111010111100111010000110111010
111100111100000010111100111100111110111010000100111110111100111100111100000100000100111110000100111100000110111100111100111100111100111100000010000100111100111100111010000100000010111100111110
111100111100111100111100111010111100000110000110000010000100000010000010111100111100111100111100000010000100000110000100111100000100111100000110111100000100111100000110111100111110000110000100
111100111110000100111010000100111110000100000100111100111010111100111100111010000100000110111100111100000010111110111010111010000100111010000010000100000100111100000110000110111010111100111100
000110000100111100000100111100000110000100111100111010000110111110000100000100111010111110000010000100111100111110111010000010111110000010111100000100111010111010111110111100111110000010111110
000100000100111010111100111100111100111100000010111010000110111100111010111110111010000100000110000100111110111100111100111100111010111010111100000100000100000110111100111010111100000110000100
000100111100111100000100000100111110111110111100111100111010111100111100111100111100111110111110111110000100111100111100000100111100111100111100111100111010111010111110111110111110111110111100
000100000100111100111010111100111010111100111100111010111110111010000100000110111100000110000110111010111010111100111100000100111010000100111100111100111010111010111100111100111100000010111100
000100000100000010111100111100111100111010111100111010111110111110111110111010000110111010111100111110111100000110111010000100000110111010111010111100111100000100111100000100111100000100111010
000010000010000100111110111110000100111100000100111110111010111010000010111110000100000010111100000100000010000100111110000010111100000100111110000110000100111100000100000100000010000010111110
111100000100111100111100000100111100000100000010111100000010000100111110111100000010000010111110111100111110111110000010111110111100111100000100000100000010000100111100111100111100000010111110
111010111100000100111100000010111110111010000100111110000010111110000100111010111100000010000010111100000100000100111100111110111100111110111100111110000100111110111110111010000010111100111110
111110111110111100111100111100111100111100111110111100111100111100111100111110111100000100111100111010000100111110111100111100111110111100111100111110000100111110111110000100111100111100111100
000010111100111100000010111010111010000010111110111100111100000010111100111100000010000010111100111110111110000010111100000010111100111110000010111100000100000100111010111010111100111100111100
111100111100111100111010111100111100111010000100000110000110000110000110000010111100000110000010111010111010111100111010000110000100111100111010111010111010000110111100111100000110111010111010
000110111010111100000100111010000100111110000100111100111110000100000010000100111100111110111100111110000100000010111100000010000100111100111110000100000100000010111100111110000110111100000010
111010111110000100000100111100111100111110111010111100111010111010000110000110111010111010000100111010111100111010111100111100000100000110000010000100000010000110000110111110111010111110111010
111010000100111100111100111100000100000100000110111010111100111100111100111010111010111100111100111110000110111100111100000100000100111010111100111010111100000010000100111010111100111110111100
000010111100000100000010000100111110111100111100000100111100111100000100111110000010111010111100111110111100111110000110111100000010000100111100111110111100111110111110000100111100000010000100
000110111100111010111100111100000100111100111010000110000100000100000010111100111010000110111100111010000100111100000110111110111010111100000110000110111100111110111110111100111100111010111100
000010000010111100111110000010111110111100000100111110111100111100111100111100111100111100111010000010111110000100111100111100111110000100111100111110000100000100111110111100111100000010111100
000010111100111100111010111110000100111100000100111110111100111110000100111110111010000100000010111010111100111110000010000010111100000010111110000100000010000100000100111100111100111100111110
000100111010000110111110000010111100000100000100000110111110000110111100111010111100111010111010111100000110000100000110111010111100111010111100111100111100111010111110111010111100111100000110
111100111100111110111110111100000100111110111100000010111110111100000100111100111110111110111110111110000100111110000100111110000010111100111110000100111110000010111100111100111100111010111010
000100000110000100111010111100111100111100000100000110111110000110000110000100111100000100111010111010111100111100000100111010111100111010111110111100111010111100000100111010111010111100000110
111100111100000100111100111110111110111100000100000110000010111010111100111100111110111100111100111110111100000110111100111110111110111100111100000100111110000010111100111100111100111100111100
111010111100111100000110000100111100111110111100111100000010000100000100000100111100000100111100111100000110111110000010000110000100000100000100000110111010000100111100000100000100111100111100
111100111010111100111110111100000100111100000110111110111010111010111110111010111100111110000100111010111110000100000010111110111100000100111100000010000010000100111100000100111100000100111110
000010111110000100000100111110000100000010000010111100111100111100000100000010111110000010111110111100111110111010000010000100111110111100111010111110111010111100111100000010000110000010000010
111100111100111110111010000100000100111100000100111100111100111100000110000010000100000100111110111110111110111100000100000010111110111100111010111110111110111100111110111110000010000010111100
000110000110111010000110000100000100000100111100111010111010111100111110111010111010111100111010000100111100000100111010000010111100111100111100111110000100111100111110000110111010111100000110
111110111110111110000010000100000100111100000100000100111110000100000010111110111100111100000010111010111110111110111100111100111100000110111100000100000010000100111010000100111100000010111100
000110000110111100111010000100111100000100000100111010000100000100111100111100111100111010000100000100000100000100111100111100000110111010111010111010000110111010111100111010111010111100000100
111110000110111100000010111100111010111010000100111010000100111100111100111100111010111100111100000100111010111110000110111100111100111100111110111100111100000100111110000110111010111010000010
000110000100111100111100111010000100000110000100111010111010111100000110000010111100111010111100111010111100000100111010111100000100111110000100111010111100111100111010111110000100111100111100
111110111100111100111100000100111100111100111110111110000100000100111100111010111100000110000110111100111100000100111110000100111110000010000100111110111110000100111110000010000100111110111100
111110000100111110111100000100111110111110111110111100111110000100000100000010111010111110111100000010111100111100000010111100111100111110000100111100000100111100111100111110000010000010111110
000100111100111100111010000110111110000110111010111100111010111110111010111100000110000110111100111010000110111010111100000010111100111100111010000100111110000110111110111010111010111010000010
000100000110111110111110111110111110000010000010000100111110111010111100111110111100111010111100000010000010111110111010111110111100111100000100111100111110111110111010000010111100000100111100
000100111010000110111010111100111110111010000100000100111100111110111010111100111100111100000100111100111010000110000100111010000100000010111110111110000100000100111010111010000110000100111010
111010000010111100000100111110111010111100000100000100000100111010111110000110111010000100111100000100111100000110111100111100000110111010000110111110111100000110111100111010000110000100000100
000100000010111100000100000100000100111010000110111010111100111010111100111010111010000100111100111010111010000100111010111010000100111110000100111100000110111100111100000100000100000100111110
111100111110111110111100000010000010000100111100111100111100111100111100000010000100111010000100111110111110000100111110111010000010111100111100111100111110111100000110111100000100000100000110
111100000100111010000100111010111110111100111110111100000010111100111110111100111110111100000100111100111100111100111100111100000100000100000010111010111100000010111100111110111100000010000100
111100111010111100111010111010111110000100111100111100111010111010111010111100000110111100111010111010111010000110000110111010111010111010000100111010000100000110000110111100111010111110111100
111100111100000110000110000100000110111100111100111010111100000100111100111100111100111010111100111010000100111100111010111110111010111100111010111100111110000100111100111100111100111100000010
000010000100111010111100000110000110111100000110000010000100111010111100000100111100000100111010000100111110000100111100000100000110111010111010111110111100111100000110000100111100111010111010
111010000100111100111010000110111100111010111100000110000100000100111100000110000110111100111100000110111110111100000010111110000100000100111010111010000100000100000100111010111110111100000110
111110111010000100111010111110111100111100111100111100111110111110111100000010111100111010111100111100111100000100000010111110111010111100111100000100111100000010111110111110111110111010000010
111010000100111100111010000110111100111100111100111010111100111010111100000110111010111110000100111100000100111100000110111010111010000100000110111100000110111100000110111100000110000110000100
000110111100000100000110111100000010111010111010111010000110111010000110111010111010111110000110111010111010111110111100111100000100111100111100000100111110111010000100111100000100111010000100
000100000110000100111110000100000100000100000100000100000100111010111100111010000100000010000100111110111100000100111010111110000100000100000100111100111010111010111010111010000100111010111110
111100000110111100111100000100111100111110000010000100111010000100000010111110000100111110111100111100000010111100111100111100000010111100000100111100000010111100111110000010111110111100111100
111100111100000010000010000010111100111110111100000010111110000100000010111100111010111100111010000010000100000100111110000100111100111010000010111100111010111100000010000010000100111010000110
111110111010000110000110000100111110111110111110111100000110000100000100000110111110000100000110111100111010111100000110000100111100111010111010111100000110111010111010111100111010111100111010
111010111010000110111010111100000100111010111110111010111010000100000100111100000110111010111010111100111010000100000110000100111010000100111110111110000100111010000110000100000010111110000100
111100111100111110000110111100111010111110111010111010000100000110000010000110111010111100000100000010000010111010111010111100111010000100111100111100000100111010111110111100000110000100111100
000100111010111100111100000100111100111100111100000110111100111100111100111110111010111010111100111100111100111110111100111110111100111100000110111100111100000100000110000110111010111100111100
000010111110111100000110111100111100000100111010000100111110111100000010111100111110111010000010111100111100111110111100111100111100000010000110000010111100111100111100111100111100111010111100
000010111100000100111100000010111110000100111100111100111100111100000010111110000100000100000100111010111110111100111010111010111110000010000010000100111110111010111110111110111100000100111100
000110000100000100111100000110000110000110111100111100000100111100111010111100000110111100111010111010000110111110000100111010111100111010000100000010111010000010000100000110111100000100111010
000110111110000110000110111010111100111110111100111100111010111010000010111100111010111010111010000110111010111100111010111100111010111100000100111010111010111110111100111100000110111010000100
111110111010111010111100111010000100000010000100111110111100111100111100111010111100111100111110000100111010111010111010000100000100111100111110000100000100000100000110111100111100111010111010
111010000010111100111010111110000110111100111100111110000100000010111010111110111110111100111110111110000100111100000100000010111110111010000010000100111100111100000100000110111100111100111110
111110111010000100111100111100111010000100111100000110000100000100000100111010111010111100111100111010111100111010111010111010000100111100111010111010111100111010000100111010000100111010111010
111110000110000100111010000100111110000110111010111010111100111100111110111100111100111010000100000010000110111010111100111010000100111100111110111110000100111010111010111100111100111110111100
111010111100111110111100111100111100111110111100000010111100111100000010111100111100000110111100111010000100111110111100111100111110111100000010000100000100111010000100111100000010000100111110
111100111100111110111010000110000100111100111100000010111010111100111010111010111100111010111010111110111010111100000100111100000110111100111100111010111100111110111100111110111010000010111010
111100000100000010111100111110111100111100111100000110111100111110111010111110000010000100111100111100000110000110000100111100000010111010111110000100111010111100111100000100000010111010000010
111100111110111100000100111100000010000100000010111110111100111110000100111010111110000100111110000110000010111110111100111100000100111110000100111110111010000110000100111110000100111100111110
111110000100111100111010111100111010111110111100111100111100000010111100111010111010111100111010111110111110000110111010000010000100000100111100111010111100111100000100111010111100000100111100
000100000110111010111010111100000100000110000010000100111100111100000100000110000110000110111100000110000100111010000010111010000100000100111010111100111100000010111100111110111100111100000100
000010111100000100111110111110111100111100111110111100000100111110111100000010111100111110000100000100000100111100000010000100111010000100111110111110111100000010111100000110000010111100000010
111010111110111100111110000110111100111100111100000100111100111100111010111110111110000110111100111010111100111100111010111010000110000110000110111010000100111010000110000110000100000110111010
111100111010111100111100000110111010000100111100000100111100111100000110111010000110000100111110000100000100000110111010000100000010111100000100000010111010111010111010111010111100000110000100
111100111110111100111100111100111010111100000010000110111110111010111100000010111100111100111100111110000010000100111100111100111100000100000010111100111110111010111110000100000100111100000100
000100111010111110111100111100111010000100000100111010000110111110111100000010111110000010000110000100111010111100000100111100111100111100000110000110111100111100111010000100000100000110000100
111110111100111100000100111010111110111010000010111100111100000010000100111010111100111110000100111100000110111100111100111100111010000100000110111010111100111100000110111100111100111100111100
000100000110000110111100000110000100111010000100111100000010111100111010111110111010111100000110000010111110000110111010111110111100111100111010000100000110111100000100000100111100111100111100
111100000110111010111110111110000100111100111110111100111010111010000100111110111100111100111100111010000010111110000100111010000110111110111010111100000010111100000100111110111010000110111110
000100000110000100000100111010111100000110000100111100111100000100000100111100111010111100000110111010000110111110000010111110111100111100111100000010111110000010111100000100111010000100111010
000100000110111010111010000110111010000100000100000100000110000100111100000100111100000110000100000100111110111100111100111010111010000110111100111100111100111100000100000110111100000010111010
000010111110000100000010111100000100111010111110111100111110000010111100111110000010000100111100111100111100111110111110111100000010000100111100000100111100111010000010000010111110000100111010
111100000100111100000110111110111100111110111100111100000010000100111110111010000010111110111100111100111110111100111110111110000100111100111110111100111110111100111010000100111010111010111100
111010000110000110000100000010111100111100000110111100111110111100000110111010000110000110000010111100111010000100000010000100111100111100111100111100111010000110000110111010000010111010111100
111100111100111110111110000010000100111100111100111100111110111100111100111100111110111010111110000110111110000100111100111100111100000100111110000100111110111110111110111110111110000010111100
111100111110111110000010111110111110000010000010111110111110000100000110000100111100000010111110111100111100000010111100111110111100000100000100111110111100000110111100111110111100000110000010
000110111100111100111010000110000110111100111110000100111100111010111010000100111100111100000100111110111100111010111110000110111100000100000100000100000100111010000110000010111100000100111010
111100111100111110111110111100000010111110111010111110000010111010111110111100111110111100111100000100111110111110000100000100111110111100000100111110000100111110111100000100111100111110000010
000110111100000110111100111010000110111010111110111110111100000110111100111110111100111010111010111100111100111100000010111100111100111110111010111100111100111010000100000100111100111010111010
111010000100000100111110111100111100111110111010111010000100111100000100111010111110000100111010111110000100000010000100000100111100111100000010111100111100000110111100000100000010111110111110
000010111100111010111110111010111010111100000110111010000100111100000100000100000100111100111010111010111100000100111100000100111010000100111010111100111010111010111100111010111010111100111110
000100111100111100111010111100111100111100111100000110111010111110111100000110111110111010111100000100111010000100111010000100000110000100111100000100000100111010000010000100000110000100000110
111100111110111100111010111110111100000110111100000100111110111100111110111100111110000100111110000100111110111100000010111110111010111110000110111110111110111100111010111100000100111100111110
111100000100111100111110111100111110111110000010000010111110000100111010000100111110111100111110111110111110000100111100000010111100000100111100000100000010000010111100000100111100111010111010
000010000100111110111110111110000100111100111100000100000010000010111110000010000010111100111100000100111110000100000110111100111010111110000010111110000100111100000100000100000110000010111110
000010111010000100111110111110111100111110000110111010111010111100111110000100111110000110111010111100111100111010111100111100111010000010111100111100111010111010000100000010000100111100111010
000100111100000100111110111100111100000010000010000110111100111010111110111100111100111100000100000010111110111100111010000110111110000010000110111010111100111100111100111010111100111110000100
000100111100000100111100111110111100000100000010000100111100000100000100111110000110111110111110000010111100111100000100111110000100000100111110000110111110111110111100111110111110111110000100
111100000010111010111100111010000110111100000100111010111100000100111100111110111100111010111010111100111100111010000100000110111010111010111100111100111010111110000110111100000100000110111100
000110000110111100000110111100000100000100000010111010111110111110000100111100111100111100000110000100111100000100000010111100000110000100111010111010000100111100000100111100111100000110111010
111100000010000010000010111110111110111110111100111110111110000110111110000100000100000010111100111100111010000100000010111110000010111110000110000100111100000010111100111100000100111110000010
000010111100111100111110111010111110111100111100111010111100111100000100111010111110111100111100111100000100111110111010000110000100111100000100000010000010111100111010111100111110111100111100
000100000100111100000110111100111010111100111100000100111100000110111010111100111010111110000110111010111010000110111100111100111100000110111100111110111010111010111100111010111010111100000100
111100000100111100111100111100000100111100000100111100000100000010111100111110111110111100111100111100111110111100111110111110000100111010111010111110000100000100111100111010111100111010111100
111110111110111010111100111110111110111100111110000010111010000010000010111110111100111100000110111100000110000010000010111100000010111100000010111010111100000010111100000100000010111010111100
111110000100111110000010000100111110000110000110111010000010111010111010000100111100000110000110111010000100000110111110111010111010000110000010111100111100111010000110111010000110111110111010
111100111010000010000010111110111110111110000010111110111110000100111010111100111110000010000110000100000100111100000010111110111100111110111100111100000100111010000100111010111010000110111010
111100111110111100111100111110000100111010111010111010000010111100111010000110000110111100111100111100000100000110000100111010111110000110111010111100111100000110111100000100111100111010000010
111100000100000100111010111100111100111010000010111010111010000110000100111010111010000110000110111010000110111100000100000100000100000110000100111010111010000110111010000110000010000110111100
000010111100111110111010111110111100111110111100000010000010111100000100000100111100111110111100111110000010111100111100000110111010111100111100000100111110111110111110000100111110111100111100
000010000010000010111110000010000100111100000010000010111010000110111110111100000100111100000100000100111100000100000100111110111010111100000010111100000100111100000100111100111110000010111110
000110000110111100000010111010111100000100000100111100111110111100111100111100000010000100111100000100000110111110111110111100111100111010000100111110111100111110111100000110111110000100111100
111100000110000100000100111110111110111100111010000100000100111100000010111100000010000010111100000110111110000010000110111110000100111110111110111100000100111100111100111010111110111100000100
111010111110111100111110111100000100000010000100111010111100111100111100000010111100111100000010111100000100111100000010111100111110111010000100111100000010111100000100111100000010000010000100
111100000100111010000010111010000110111100111100000010000110111010000110111110111100111100111100000110000110000100111010111110000110000100111100111100111100000100111100000100111110111010000100
000110111010111010000110111100111010000100111010000110000100111100000100000100111100111100000010111010000010111010000100111010111100000110111110111110111100111100111010111010111100000110111100
111100000010000100111110111100111100111100000100000010111100111110111110111100111110111110000010111110000100000100111100000010000010111100111010000100111100111110111100000010000100111100000010
000010111010000100111100111110111100000010111100111100000010111110000010111100111100111110111100000100000110111110111110111100000010000100000100111100000100111110111100111100000110111110111100
000010000010000010111110111010000100000100000010111100111100111110111100111110000010111100111100111100111010111110111100000100111100111110111100111110111110111010111110000010000010111010111100
000100000100111100000010111010111110000110111110000100000010111100111100000100111100111010111110111110000100000010111110111110111100000100000010000010111100111100111110111110111110111110111110
000100111010111100000010111010111010111110111100000110000110111010111010000010111110111100000010111100111100000100111100000110111010111110000100111100000100111100111010111100111110111110111010
111010111100000010111100111100111100111010111010111100111010000110000100111010111100111100000100111010000100111100111110111010111100111100111100111110111100000110000100111100000110111100111100
000010111010111100111010000100111010000010000100111010000100111110000100000010111100000100000010111110111110000100000100111100111100000010111100111110000110000100111100000010111100000100111110
111100000110000110111010000100000100111110000010111110111110000100111110000100111010111110111110111100000100000010000100111110000100111100111100000100000100111110000110111100111110111110111110
000110000110111100111010000110000110000010000010111100111010111010111010000110111100000100111100111110000100000100000010000100000010000010111010000100111010111110111100111110111010000010000110
000100111110111010111100000110000100000100000010111100000010111110000010111110000100111010111100111110000100111100111110111110000100111100111010111100000100111110000110111100111110111100000100
000100111010000110000010111010000110111100111100111110111010000100000110000100000100111100111100000100111110111010111100111010000110111100000010111010000100000100111110000010000110111100000110
111010111100000100111100111010111110111010000100000110111100111010111010111010000100000100000100000100111100000100111110000100000010111100111100111100111010111110111010111110111100111100111100
000110111110111110111010111100111100111110111110111100000110111010111110000100111100111010111100111100000110111100111100000010000100111010000110000100111010111100000110111010111010000110111110
000100111010111110000100111100000010111110000100111100000100000100000110000100111110000100111100111110111110111100111010000010111100000010000110111100111100000100111100111100111010111100111100
000100111100000100111100111010111110111010000110111010111010000100000110111010111100111100000100000110111100111100111100111010000100111110000110111010111010111100000010111100111010111100111110
111100000100111010111110111100111110000100000010111110111010000010000010000010111100111100111110111110111100111100000100111100111110000010111100111110111100111100111100000100111110111100000100
111100111110000110111010111100111010000110111010111100111100000110111010111100000100000100111100111100000100000100111100111100000010000010000110111010111010111100111110111100111010000110111010
111100111010111110000100000100111010111110000010111010000100111100000100000100111010111100111100111010111100111010111010111100000110000100111100000110111100111100000100111010111010111100111110
000100111100111100111100111110111110000010111100000100111100111100111100111110111110111110000010111100111110111100000100111100111100111110000100111110000100111110111100000100111110000100111110
111110000100111100111010111110111010111100111010111010111010111100000110000100111100000110111010111100111100000110000100111010000010111100111100111010111100111110000100000100000100111110111010
111100111110000100111110000010111110111110111100111110000010000100000100000100111110000010111100111110111010111110000100111110111100000110111100111100000010111010000100111100111110111100111110
000110000100000010000010111100111110000010000100111110111100000010111110111110111100111100111110000100111100111100111010000100111110111110111110111100000100111100111110111100000100111100111110
111010111100111010000100000100111100111010111100111010000100111100111100000100111010111010111010000100111100111010111100111010000100000110111110111010111010111110111100000110111010111100000010
111100111100111100000100000110000100000110111010111100111100000100111100111010111010000010000100111010111110111010111010111100111010000110111010000100111110111010000100111100111010000100111010
111100111110111100111110111100111100000100111110111100000110111110111100111100111010111110000010000010000010000010000010111100000110111100000100000010111100111110000100000100111110111010111100
111110000110111100111010000100000100111100111100000100111110000100000010000100111010000110111100000110000100000010000100000110111010111010000100000100000110111100111100111010000010000100111010
000100000100000110111100111100111100111010111010111110111010111010000100111100000100111010111110111010111100000100000100111010111110111010111100000100111100111110000010111100000100111110111010
000100000100111010111110000100111110111100111100111010000100111100111100111100111100000110111110111100111100111110111110111100000010000100000010000100111110111010000010000010000100111100111110
111100000010111110111010111010111110111100111010000100000100111010000100111100111100111010111010111100111010000010000100000100111010000010000110000110111010111010111100111010111100000110000100
000100000010000100111100111110111110111110000100111110111100111100111110111100000100111100000100111100111100111100111100111010111010000010000100111100111010111100111110000110000100111110111100
000100111100111110111110111100111110000100111100000110000100111100111010111110111110000100111100111100111110111100000010111110111110111100111110000010000100111100000010111100000100111100000110
000010111110111110000010000100111010111100000010111110000100111100111100111100000100111010000010111100111100111110111100000010000110111110000100111100000100000110000010000100111100111100111100
000100111100111100111010111100111100000010000100000110000110000110111110000110000100111100000010111100111100111010000100111010000100111010111100111010111100111100000110000100000100000100111010
111100111010111110111100000110111100111100000110000010111010111100000110000110111110111100111010111010111010111100111100000110000110111010000100111100000110000110111100111100111110111100111100
111110111010111100111100000100111100000010111110111100000100111100111010111110000100111100111110111110111110000100111110111100111110000010000010111010111010111100000010111110111110000100111100
111100111100111010111100111010111010000110000110111010111100111100111110111110111100000100111010111100111010111010000110111100111100111010000110111110111100000110000100111100111010111010000100
111100111110111110000100000100111110111110000100000100111100111100111100111100111010111100111100111100000010111010111100111100111110000100111100111100111110000100111100000010111110111100111010
111010000010111100111100000010111100111100111110111100111110000100111100111100000110000010000100000100111100111100000100111100111100111100111100111100111110111110000100111100000100111110000010
111110111100111100111010111100111100111100111110111110000100111100111010000100111010000010111100000110111100111100000100000100111100111100000100111100000010000110111100111100000110111100000100
111100000100111100111110111110111010111100111110000010111100000100000100111100000100111100000010000010111100111100111100111010111110111100000100000010111010000100111010111110000100000100000100
000100111100000100111110111100111100000100111100111010000110111010111110111100111010111100111100111110111010111010111100111110111100111110111110111010111100111010000100111010000100111100111100
111100111100111100000100111100111100111010000010111110111100111100111110111110000110000010111100000110000110111110000100000100000010111110111100000010000010111110000100111100000010111100000010
000010000010000100111100111100111110111110111010000100111100111010000100111100111100111100000010000100000010000010111010111110111100000110111100000100000100000010111110111010111110111110111010
111100111100000110000100111110000110111100111010111010000110000110111100000110111100111010111010000010111100111100111110111010111100000110000110111100111100111010111010111100000010111010000110
000100111010111100111110111100111010111100111100111100111100111010000100111110111010000100111100111100111110111100111100000110000100111100111010111010111100000110111100111010000010111100111100
000110111100111010111100000110000110111010111100111010111100111100111010111100000100111010111010111110000110111100000110111100000010000110000100111100111100111110000110111100000100111100000100
000110000110111100000100000010000100000110111100000110111110111100111110000110111010111110111010000100000110111010111100111010000100111010000010111100000100000110000100111010111110111100111100
000110111100111110000010000100111010111010111110111010111100111010111010000100111110111100111100111010000100111100000110111100000010111100000100111100000100111100111100000100000100111100111100
111110111100111010000100111110111100111100000010000010111100000010000100111100000100111100000010111100000100111100111100111110111110111110111110111110111100111110111100111100111110111110111010
111100111010000100111100111100111110111100111110000100111100000100111100000100111110000100111100000010000010111100000010000110000100111110111100000010111100000100000100111100000110000100111100
000010111110111100000010000100111100000100111110111100000010000100000010111010000100111100111100111110111100000110111110111100111010111010000100111100000110111100111100000100000100000100000100
000110111100111010111110111110000110111010111100111100111010000100111100111010000100111010111100000100000100000110111100000100000100111100000110111010000110000110000010111100111110000110111100
000100000110000100111100111100000110000100111100000100111100000100000110111100111010000100000110000100000110111100111010111010111100111110111110111010000100000100111100111010111010000110111010
000100111110111110111100000010111110111100111100000100111010000110111010111100111110000010111100111110111100000010111100111100000110000110111100000100111110000100111110111100000110000100000010
111100000110000100111010000110111100111100000110111100111100111100000110000110111010111100000100111010000110000110111010111010000100000100000100111010111100111010111010111010111110111010000100
111010000110111010000100000100111100000110111100111010000100111100000110000100111010111100111010000100000100000100111100111100111010000110111100000010111010000100000100000100111110111010000100
000010000100111100111100000100000100111100111100111100111100111100111110000010111100111100000100111100111100000100000100000100111100000100000100111100111110111100111110111100000100000110111100
111010111100000100000100000100000100111100111100111100111100000100111010111100000100111010000110000110000100111100111100111010111010111100111100000100111010111100111100000100000110111110000100
000010000100111010111010111010111010000110111100111100111100111100111100111100000100000010111010111100111010000010111010000100111110111100111010000110111010000100111010111100111010000100111010
111110111100111010111100111110111110111100000010111010000010111100111110000010111110000010111010000100000010000010111110111100000100000100111100111110000100000100000010000100111100000100000100
111110000110111110111110111110111100111100111100111010111100000100000010111100111100111100111010111110111100000010111100111100000100000010111110111100000010111100111100000100000010111100111100
000100111010000100111100000100000010111100111100111100111100000100000100111100111010111110111100111100000110000100111010111110000110000110111110111110111010111100111010000110111110111100000100
000110000010000110111100000100111100111010111010111010000100111100111010111010111100000100000100000110111010111010111110111100000100000100000100000100111110000110111100000100111100000110111110
111010000010111010111100000100111100000010111010000100111100111010111100111010000110000100111010000100000100111100111100000100000110000110111100111110111100111010111110111010111100111110111010
000100111110000100000010000100000100111110111100111110000010111110000010000010111110111100111100111100000010111100111100111110000010111100000010111100111100111110111110000010000100111100111110
000100000100111100111010000110000110000100111100111010000100000110111100111010111100111010111110111100000100000110000100111010111010111010000100111010111010111010111100111110111010111100000110
111110111010111110000100111010111100111010111010111110000110111100000110111100000100111010111100000110111110111010111010111100000110111100111010000100111010000110000110111010111010111110000010
000110111100111100000100111100111100111110111100111110000100000100111110111010111100111110111100111110111100111110000010000100111010111100111110111100111010000100000010111110000100000100111100
111100000100111100111100111100000100000100111010000010111110111100111110111100111100000010111100111110111110000010111100111010000100111100111110111100111110000100111010111100111100111110111010
111110000100000100000010111100000010111100111100000100111100000100000010111110111100111100111110111110111100111100111100111100000100111100111110000110000010111100000010111110000010000010111010
111100111010111100111100000100111100111110111100000010000010111110111110111100111010111110000010111100111010111010111100111100111100000010111100111010000100000100000010111100000010000100000010
111100000100000100111110111110111100000110111100111100000010000100111110111110111100111100111100111110111110000100000010111010111010111100111110000100000010000010000010111100111100111110111100
111100111100111110111010000100000100111110111110111110000110000100111100111100111100111110000100000100111110111100111110000010000100000010111010111110111100111010111100000010000010111100000110
000100000110111010111110111100111010111100111100111010111010111010111110111100111010111010111010111010000110111010000100000110000110111100000100000110111100000110111100111100000110111010111010
111100000110111110111110111100111010111110000010111100000010000010111110111110111100111110111110111100111100111110000100111100111110000100111110111100000100111110111100000010111100111110111110
000100111100111100111010111010000100111010000010111110111010111010111010000100111010000100111100111100111010111100111010000100111100111110111100000100000010111100000100111100111100111100111010
111010111010111010111100000100000100111100111100111100111110111100000100111010000010111100000110111100111100000110000100111010000110111010111110111100111100000110111100111100111110111100000110
000100111010000110000110111010000100111100000010111110111010111100000100111100111100111100000100000110111110111010000110111010111100111100000010000100111100111100111100000110000100111100111100
000100111100111100111110000100000100000100000010000100000110111100111110111100111100111110111100000010111100111100111110111110111100000100000110111110111100000100111100000110111110000110111110
111010111010111010000100111010111010111010111010111010111110111010111110111010111100000010111100111010111010000010000100111010000110111100111110111100111010111100111010111010111100000110111010
000100111110111100111010000110111100111010111100111110111100111100111110111100000010000100000100111100000100000010000010000100111110111100111110111100000010111100111100111100000110111110111100
111100111100000100000110111110111100111100111100111010000100111100111010111100111010111010111100111010000110000110111010000110000100111010111100111100111010000010000100111100111010111100000100
000010000100111110000010111100111100111100000010111110111100111100000100111010111100111100000110111110000100111100111100111100000010000010111010111110111100111010111100111100111110111100111100
111100111110000010111010111100000010111100111010111100000110111100000110000110000110000110111100111100111100111010111010111100111100111010111010000110111100111100000100111100111100111010000110
111110111010111100000010111100111100111110111110000010111010000010000100111100000110000010111100111010111010111100111100111100111100111100000100111110111010000100000010111100000100111100111100
111100000010111100111100000100111010000110111110000100111110111100000100111100000100111100111110000100111110111110111100000110111100000100111100111110111100000100000010111100111100000110111100
000100111010111010111100000100111010111010111110000110111100000100111110111010111100111100111010111110111100000110111010111100000100111010111010111100000110111100111010111100000100000010000110
111010000110111100111100111110000010111010000110000100000100111010000100111010111100111010000110111110111010000110111010000110000100000100111010111010000110111100111100111100111010000100111010
000100111100111010111010111010111010111010111100000110111110111100000010000100111010111100111010111100111110111010000110000110111010111100111100111100111100000110000110111100111100111110111110
000010111100000010111110111110111110111110111100111110000010000100000100111110000010000100111100000100111100111100111100111100111100111110000100111100111110000100111010111110000100000110111110
000100000100111100111010111100111100111010111010000010000110111110111010111010000110111110111010111010111110111100000110000100000100111100000110111100111100111100000110000100111100111010111100
111100111110111110000100000010111100111100111100111100111110000010111110000100111100000010000100111100000100111010111110111100111110111110111110111100111110111010111100111100000110111100000010
111100000100111110000100111010111010111100111100111010111100111110111110111110111100111100111100000010000110000100111100111100000100111100111100000100111100111100000110111100000010111100000010
000010000110111110111100111100111010111100111100111010000110000100000100111010000110111110000100000100111100111010111100111100111100111100111010111110000110111100111100111100111010111100111010
111100111100000100000100000110111100111010111100111100000100111100111110111100111100111010111110111010111010111010000100111100111010000110000110000100000110111100000100111110111100111010111010
000110111110111100111010111100000110000100000100111010111100111100000100111100111010111100111100111010111100000100000110111010111100111010111100000110000100000110111010111100111010111010000010
111110111010000100000110000100111100111100111100111010000110000110111110000100111010111010111010000010111010111010000110000010111010000100111100111010000010000100111010111100111010000110000100
000100111110111100111100111100000010111100000100111110111100000010000010111010000100111100000100111100000100111100111100111100111100111100111110111100111100111100111100111110000100000010111100
000110111010111100111010111010000100111010111110111100111100000110111010111110000100000100111100111100111100111100111010111100111010000100000110111100000100111010000100000110000100111010111010
111100111100000110111010111110111010111100111100111110000100111100111100111110111010111110000100111110000100000100111100000110111110000010111110000100111010111110111100111110000010111010000010
111010000110111100111010111100111100111100111100111100000110000100111100111100111110111110111010000110111100000100111100000110111010111010000110000100111010000100111100111010111010000100111100
000100000110111100000110111010111010111110000110111100000100000010111100111100000110111100111010111010111100111100000100111100000110111100111100111100111010111100111110111110111100111010000110
111010000110111100111110111100000110000100111010000110111110111100000110000110111010000110000100111010111100111010000010111010000110111010000110111010111010111100111100000110000110111010111010
111100000110000010111100111010000110000110000100111100111010000100000110111100111010111010111010000100000100000010111100000100111100111100111010000110000100000100111010111100000110111010000110
111110111110000100000010111110111100000100000010111100000100111100000010000010111110111110000100111100111100000010111100111100111100000100111110000100111110111100000100111100000100111110111110
111010000100111100000110111010111110111100111010111010111010000100000010111100000100111100000100000110111100111010000110000100111100000100000100000100111010111010111010000110000100000110000100
111010000110111110111010111110111110000010111010000100111100000110111010111100000110111100000100000100111100111010111100111100000100111100111110000110000100111100000100111100111100111100111010
111010111100111100000110000110000110111100000110000110000100111100111100000100111010111100111010111010111100111100111010111100000110111100000110000100111010111100000110000110111010000110111100
000100111110111110111100000010111110111100111110111110111110000100111100000100111100111010000010000110111100000100000110000010111100111100000010111100000010111110000010111100111100111100111100
000100111100000010000110111100000100111100111110111110111110111110111100000100111110000100000100000010111110111100111110111110000100000110111100000100111100111110000100111100111100000010111110
000100111100111010111100111010111100000100111110000110111010000100000010000100111010111100000110111110111100111010111100111010111100111010111110000100111100111010000100000100111110000110111010
111110111100111110111100111100000100000010000010000010111100000110000100111100111100111110111110000100000110000100111110111100111100111100111110000100111110000100111100000010111110111110111110
000110000100111010000110000100111010000100111010000110111010111110111100111100111100111010111100000100111100000010000110000110111100111110111010111100111100111100111010111100000110000010000100
000010111100111100111100111100000010111110000010000110111110000010111110111110111100111100111110111100111110111100111110000100000100000010000100111100111110000110111100111100000100000100111110
111100111100000100111010111110000100111110111100111100000100111100111110111110000010000010111010000100111100111110111110000100000100111110111100111100000010111100000010111010000100000010111110
111100111110000010111100111110111100000100000010111110111100111100111010111100111110111010000010000010000100111110111110000100111110111100000100000110000100000110000010111100111110000010111110
111100000100111110111010111110111010000100111100111100111100000110111110000100111010111010000110111010111100000010000110111010111010111100000100000100111110111110000100000100000100111100000110
111010000100111010111100111010111100111010111100111100111100111100000010111010000110000100111100000110000110111100111100000100111100000010111100000100000110111010000110000010111010111100111010
000100111010000100111010000110111010000110111100111010000010000100111010000110111100111010000100111110000100111100000100000110111010111010111100000100000110000110111010111010000010111100111010
111100111100000110111100111100000110111100000100000100000110111010000100111010111110111100111010000010111100111110111100111100000110111110000100000100111010111100111100000100000110111010111010
111100111100111010000100000110111100111010111010111010111010111100111110111100000110111010111010000110111100000100000100000110111100111100111010111010000010000010000110000100111010111100000110
000100000010111010111010111100111100000100111110111010111100111010000110111010111100111110000100111110000110000010000100111010111100000100000110000100000110111100000100000110111100111110111110
111010000110111100111010111010111010000100111010111010000100111110000100000110111110111010111100111100000100000100000010111100111100111010000110000010000100111110111100000010111100111110111110
111110000010111110111110000100111110000100111100111110111100111100000110111110111100111010111100111110000100111100111100111100111110111100111110111100000100000100111110111110111100000010111010
111100111100111100111110111100111010111100111010111100111100111100111010111010111010111010111100111010000110111010111100111010111100111010111010111100111100111100111010111010000110111010111010
111110000100111100111100111100000100000100111100111100111100111110000100111100111100111100000100111110000100000010000100111100000100000100111100111100000100000100111100111100111100000010111110
111110000100111100111100000100111100000100000110000100000100111010000110111010111010111010111100111100000100111100000100000100000100111100000100000100111010000100111010111100111100111100111010
111110111110111100111100111100111110111100111110000100000100111100000010111110111100000010111100111100111100000110000010111100000100000100111010000010111110111110111110111100000100111100111100
000010000100111110000100111100111010000110111100000100111110111100111110000010000010111100111100111110111100111100000010111100000100111100111100111100000100111100111100000100111100111010111010
000010111010111100111100111110111010000010000010111100111110111100000100000110000010000110111100111100111110111010111100111010000010000100111100111110111100000100000100111100000010111100111100
000100111110111010111110000100111100000100111010111100000100111100111100000110000110111100111100000100000010000100111100111100111010111100111010111010111010000100111010111110111010111100111010
111110000100111010000100000010111100111100000100000010111110111100000100111110111110111100111100111100000100000100000100000100111110111010111110111110111110111100000100000110000010111100111100
000110111100111100111010111100000100000100111100111010000100000110111100111110111100111010000110111010000010000010000110000100111100111010111100111010111010000010111110111100000100000100111100
111100000010111100000010111010111110000100000100111100111100111100111100111110111100000100000100111110111110000010000100000100111100000100000100000010000100000010000100111110111100000010000100
111110000110000100000110111100111100000100111100000100111100000010111110000100111110000010111110111110111110111010000010000100000010000100000010111010111110111100000010000010111100000010111100
111100000110111110000100111010000100000100111100000100000100000010000010000100111100111100000100111110111110111100111100111110111100111100111100111110111110111110000100111100000010111100111110
000010111110111100111110111100000010111110000010111110111100000100000010111010111110111110000010111100111100111110111100000010111110000010111110000100000100000010000010000100000100000010111110
000010000100000100000010111100000010111110000100111100111100000100111110111110000100111100111010111110000010000010111110111110000100000010111100000010111110000010111110111100111100111100111100
