111111000001000111111111000111111111111111111111000111111101000001001001110111001001000011001001000001111111111001111111111011111011000111000111111011000111111111111111111001111011000011111001
000001111001000101000011111001000111111111111001110111111111111101111011000001111111111011111001111111000001111001110111110111000111111111000101111011111111111111111101111111111001000011000001
111001000011111101000001111111000001111111111001111001110111000001111011111011110111001001000001111111111111001001000001000011111001111001000011111001111001111001000001111011111111000001111111
000101000111111111000001001001110111000001111001111001000001000001000101110111111101000111110111000111111011000001000001111111000001000111111001111101111111110111111001000111000101111111111111
111001000001111111000001110111111011111011000111111001000001111101000001111001000111111001000001110111111111000001000001111101001001000001111001000111000001111001000111111111111001111001111101
000001111111111111111111110111111111111001111111110111111001110111111011111001000111111111001001001001111101000001111101111111000111000001000001000001111111111011110111111001000001111101111101
001001111101001001111001111011111111111111000111111111111001000111111001000001111101000001110111000011111001111011111111111011111001111111000111110111111001000001000111111111111111111101111111
001001111111111101000001111111111001000001000001001001111001000111000001111101000001111111111101001001111001000101110111000011000001000001000001111011111001111001000001000001111111000001111111
001001110111000001111011000001111111111001111001111001111111000101111011000001001001111111111101111001000001111111000101111111000111111111111111001001111111000101000111111001000001000011111001
111011111001000001110111111111000001000101111111110111001001000011110111000001111101111001111001111001000101000101000111000111000001000001111001111011110111111111000101111111111101110111000001
111001111111000001111011000011000011111001001001110111111101111001000001111001111101000011000001111111000111111101000001110111000001000111000011000111000101110111000001111011111111001001111001
000101111001111011111111111011111111000001110111000001111111111001000111111111000001000111111101110111111001111001000001111111000101111011110111111001110111000111000101001001111001111111000111
000011111011111001111111111111111001111001000111000001000001111111000001001001000001111011111111111111111001111011000001110111111111000111000111000111111001111111111011000001000111000101000111
000111111011000001111111111001000111000001000101000101111001000111000001111001001001001001000001111111110111111001111111111001111111111011111111111111111111110111000001110111111001000001000001
000111111111111001111001111001000101110111110111111001111001000101111011000101110111111101111001111001111001000001000101000111000011111111000111000111110111111101111001000001110111111111111111
111001111001111101111011111011111111001001111101110111111111111111111101111111111001111111111001111101000001111011111111110111000001000101000001001001111111000011000001000011000001000101111111
110111000111000001111111000011111111111001001001110111000111000111000111111111000001111001111001000011111111000111000001000111000011000111111111000101001001001001111111111111000111111101111001
111111111101111001111011000011000001111011000001000011000111000001001001000111111101111111000001111111111111000001111111111001111111111101000001111011000011000001110111111111111001000011111001
110111111111111111000011111001111101001001000001000001111011000001000001000001111111110111111111111101111101111111000001111111111011000111000011000001111001111001111111000011111111111001000001
111111111111111111111001111111111101000101000001111111111011110111000111000111111111000001111111111111111011000011001001000001000011111011000001000001111011111011111011111001001001111011110111
111011111001000111111001110111000111110111000101111111000001111111000001000001111111111111000001111111110111000001111001111111111111111111111001000111111001111111111001001001111001111101111111
111011001001111001111011000011000111111111111101111111111011110111000001111111000101111101111101111001111111000001000001000001000001001001000111110111111011111001000001111001000001000001111011
000001111111000001111101000001000001110111000101000001000001111001111111111111111011000001111011000001111001111101000111111011111111111101111001111001111001000001001001111111110111000001111011
000011111101000011111001111101000111000111111001111011111001111111000001000001111101111001111001000001111111111001111111110111111101111111000001110111000011111111111111000001111111111111001001
110111000111111111001001000011110111111001000101000011111111111001111101111011001001111001000011000001111001000111111111111111000001001001111111000001001001000001111111111111111111000111000001
000001111001111101111101111001111111000111111111111101000111000011111011111001111001000011000111111101110111111011000111000111111101000001111101111111000001000001111111111111110111000001001001
000001111111111001111111111011111001111111111001000101111001111111111011000001000001111001111001000001000011000111111101111101000111001001111111000001111111111101000001111001000011111111111001
000001111001000001000001111111111111111111111001111111111001111111000111110111001001111011111111000001000101000001000001111001000011001001111011111111111111111001111101111101111001111001000001
000011000011111101111111000101111111110111000001000011110111111111000001001001111111110111000111111111111111000111111001111001111011111111000001000001000111111001111011111111000111111001111111
111001000001000111000001111011111001111001110111111011111001111111000001110111000001111111111111111001000001000111001001111101111001111001000001000001111101001001111001000001000001111111000001
111011111111111001000001001001111101111001000001111001000011000111000001111111111001000101000011111101001001111111111111000101111011111101111111111001110111000001110111111111111001001001000001
111001001001111101111001111111110111110111110111000111111001111001111111110111111101111001111001111011001001110111000011000011111111000001111111111111110111000001000001110111000001111001111101
111111111001000111000101110111111111000001111001111001111111000111110111001001111001000001111111110111000111111011111111111111000001111101000111111101110111000001111111000111111111111001000001
111111110111111011001001111001110111000001110111000001111101111101111111000001111101111111111011111011000001000011111111000111111101000001110111110111000001000001000001000001111111111001111011
000001000001000111001001111101111011000001111001000111000001111111111111111101111001111111111101111101000101001001111011110111000101000011000001111111111011000111111111001001111111001001110111
111111000101110111000001111111111001000001001001000011111011111101111111111111000101001001001001000001111001000001111111110111111001111001111011000001110111000001000111111111111111111001111011
000001110111111001111001000001111001111101111011111101000001000011000011110111000101000101110111000001000111000001111101000001000001000111000001110111000001111111000001000001111011000001111011
110111111001000111111001111001111101000001111001111111110111110111001001111011001001111111111001110111001001111001111001110111111011111011111111000111110111000001111101110111110111000001111111
000111000011111101000001111011111101111001111111111001000111111111000101111111000001000011110111000101111001000011110111000111000011000001111011111001111111111111000001111111111001111111110111
000001111001111101000111000001111111000001110111111001000111111111111111000011111111111011000001111101001001111001111111001001110111000001111101000111111001111001000001111111111101111111111001
110111000001000001001001111111000011000001000001111001111111111101110111001001111111111001111111111001000001000111000111111001111001111111000001111111111001111001111001111001111111111001111101
000111111111000001111101111011111111001001111001000111110111111111111111111011000001000001000001000001111001111111111001111001111011111111111011111001111011111111110111000111111101000111110111
111111111001001001111001110111000101000001000001111111000101000111111111000001111111000101000001110111000111000111110111111001000001111001111001111111111001111011111111111111111111111101111011
000101111111110111000001111111000001111111111001111001111101000111111001111011111011111111111111111011110111111111111011000011111011111111000001111111111011000001111001000001110111000111000001
111111000011000001000001111011111101111001111001111001110111000001111111000001000001111111110111111001000101000001111001111001110111111111111111000001000101111101000001000011000001000001111001
000001000001111001111011111101111001000111000101111001111111000111000001000001000001111111000001111101111111000001110111001001000001111111000011111001000111111001111101111111111111111001000011
111001000001000001000001111111110111001001000001111011110111000011111001111101111011111011111111111001001001111111000001001001111111111111000001111001000001000001000101111011111111001001111111
000001000001111001000101111111001001111011111101000001110111111111111011111011111011111011000111111011111101000001111111111001111111110111111011000101001001111101111101111111000001000001110111
110111000001111001111001111011000011111111111011000001000101111001000001001001000101111001110111000001000111111001111111000001111101000101111111000111000011111011111111111111111001111001111111
000001000101000001111111000111111001111001000101000001000101111111111101111001000001111101110111111101000101000111000001111001111111000001111101111111110111111001111001000111110111111111111001
000101111111111001110111111011000001000001000001111101111001000001000001111101111001111001000001000001000001110111110111111111111111000101110111110111111111000001111001111001111111000001000111
000111111101000001000001000001000001000001111111110111111011111001111111000111000011111001110111000001000001000001000101111001111001111111000111000111001001111101000001111111110111111001111101
111001000001000001111111111001000011000011110111000011111011111001110111001001111111000111000001111101111001000001111111111001111001000001111111000111000111111101000001111001000001000111000101
111001111111110111111111111011111011111001111111000111111111000001000001111001111111000001000001111111000001111111111001111101110111111011110111110111000111111111111101000111111111110111000001
111111111111111011111111000101000111111001111011000101111001000001000001000001000111000111000001000101111111000001111111111111111011111111110111000001111111111111111001111011000111111111000001
111111000011111001000001111101111111000111111101000111111101111111001001000111111011111101110111110111111101111001000101111001000001000011111001000001000001111001000011111001111111111011111111
000011111101111101111001111011000111111001111111111101110111111101000111000001111101111111000101000101000001111101111011111111110111111011000111111101110111111111111111001001000001111001111111
000001110111001001001001111111110111000001111101000011111111111011000011000001111011000111000001111001111011111111000001000011111001001001001001000001111011000001001001111001000111000111111101
000001111111111001110111111101000101110111111111000111111011000011110111111011111001111101001001000001001001111101000111000011111111000011111011111011000001111001111001111111001001111001001001
001001001001110111000001111001000111110111111001111101000111111111000111111111111001000001111011110111111001111101111101111111001001111111111111111101111111111001000011000001000001111001111001
111111000101111001111101111111111111111001000001110111111001000111001001000001111011111111111001111011111101111011000001110111110111111101111101111001110111000001000111111111111101111011000111
111101000101000111000001000001110111001001111111000001111111111001000101000001000011111111111011111111111111111001001001000111111111111101000011111011000001111001111011000001111111111101111111
000111000001111011111111111101111111000001111001111101000001000001111011111111110111000001111101110111000001000011111011111001000111000111111111110111110111000111001001000111000001111001111111
110111111111111111001001111101110111111101111111000001111011111011000111111111111111111111000101110111111111111011000111000001111101111111111001111111000001111001000111000111110111111001111101
111001000001111001000001111101000011000001111001111111111001000111111111000011000111111011000011000001111101000011111111111111000001111111111011111111000001000111110111000001000001111001111111
000001111001111001000001111111111001111111111001000101000001000111000001111001111111000011111001001001000111111101110111111111000101111001000011001001000001000111111011000111111111111001000111
110111110111110111111111000111111001111001000011110111000001110111111111000011000101111111000001111111001001111001111001111111111101111011111011111101000001000111111111000001111011000001111111
111101111111111001000001000001110111111111111011000001000101000101111111111101111001111111110111111111000001111111110111000001001001111101000011000111111011111101111101000111111001000111111101
111101000101111101001001000011111011111001111111110111111101110111111011111111111001111101110111110111111001000011111001110111111001110111111001111111000011000001000011000111111111000001111111
000001111111000101000111000011110111111011000111110111111001111111000101111101111001111111000111000001110111000111111001111001111111000101001001111111000001000001000001111111000101001001000001
000111001001111111111101111101000001110111111111000101000011111111111111111101111011000001111001111001000001111001110111000011111001110111111101111111111011111111001001111001111001001001000111
000111111011111011111001111101111001000001111111111111000001111111111011111111111111000011111001000101111001111111111101000111111111000111111011000001111111110111111001111111000101000001111001
000001001001111011111111111111000001111111111111111001111111111101111111111111000101110111111111111111111101000011001001000111000001111001000001111001000111000111000001111111111001111101000001
001001000001000001111111111111111101111001111111000111111101111001000111111011111111000011000111111001000001000001111001000001111101111001000001111001111001111111000111110111111001110111110111
000101001001000001111011110111111101000011111001111101111001111001111001111111000001110111111111111111111001000001001001110111000001111111001001000001111101111001111111111001001001000011000001
111001111011111001000001111111111001111011001001111111000001111111111111000111111111111001111111111111000001111001111011000001000001000001000101111011000111000011001001111001000011000001111111
111001000001000001000001111001111111111111110111000011000011111001110111111001111001000111111111111111000111000001111111000011111001000001111001000111111111110111000111111111111101000001000111
111111000001111111000111000111000111000001111101000101111001111111111111110111111101111101111001111101000011111111111001111001111001000011000001111011111001110111000001110111111111000001000001
110111000001111111110111111011111011111111111101111001111111111001000001111111111001111111111111111101111001000111000001000011000111001001111011111111000001111101110111111011111111111001111101
000001000001000011111111000001111001000001000101111111000111000111000111000001000111111111111001001001110111000111001001110111111111111001110111111001111111111001000001110111111001111001111011
111001111101111001111111111111000001000001111001000001111001111101111011111111000111111001001001000111111001111111001001111111000001000011000111111001000001111111111111000111111001001001001001
111111000001111001111111111111000101000001000111001001000001111001110111111011000001000111000111111011110111110111111111111001111111110111111001000001000001111101111001000111111111000001111111
000111111001111001111111000111000101000001000001111001110111000001000001111001111001111111000001111101000001111011111101110111000001111111000111000001111001000111000111001001111001111111111111
110111111001111111111001001001000001111001111001111101000011000001110111111101111011000101000111111111111111111001111001111001000111111011000111000001000101111011000111111101111111111111111101
111011111001000001111101111111111011111101111001111011001001000101111001000101111111111111000101111101000001000101111111000111111101111011111111111011110111110111111111111001110111000001111101
111001111001111111000001000111000001111001111001111111111101111011111001000001111001111001111101000001111111000111000001111111000001111101111001111001000001000001111001110111111001000001000101
111011111111000001000101111111111011111101111111111111000001000111111001111001000001111001110111111001111111000111111111111111111111111001000111111101000001001001001001000111000001111011111111
000001110111111111111001000111110111001001001001000001000001111111111001000111110111000101111111000011111001111111111111111101000011000001110111000011110111111011110111000101111001000101000011
111011111011111011000001110111110111000001111011001001111101111001110111001001111011111111111001000001000001000001111001111111000111000011001001111001111111110111111011111111000011000001110111
111111111101000101111011111011111001000111111101111001000101001001111111111111111001110111111011000011111111000001001001000001110111000111000011110111000001111001110111111001111111111011111011
111111001001111101000101111111111011111111111101111001000101000101110111110111111011000111110111000001111001111101111001000111111111001001111011000001111101000111001001000001110111111001111101
000001000111111011111001000111111001000001000001111101111001001001110111000111111001111101000111110111111001111001111101000001110111000111111101000101000111111011000001111001111001111101001001
111011111111110111000111111001110111111001111001111011111111111001000101000011110111000001111001000111111001111001000011000001000001111111111001000001111111000001000111111001110111111011111001
000011111001111111111001000011000001111101000111111001000011000111111011000001110111111111111001000001111111111101000001111011000001111001000111000001000101001001111001000001111101111111111011
111001000001000111110111000001111001111001111111110111111011111111000001000001111101111111000101000111111011000111111111000101000111000111111101111101000001110111000111000001000111111111110111
111011111101111111111101111101111111000111111111000001111101111001111011000011110111000001000011111111111111000001000001111011000011000101111111111001111011111011000101111001000111111001111001
111001111001000001000001000001000111111101111001110111111111000111000001000001000001111111111011111111000011111011001001111111000001001001111001111001000001111011111101111101000101000011000111
111111000001110111000001111111000001111111000111000001111111111001111001000001111001110111000011110111111111001001111011111011001001000111111101111001110111000001001001111111110111001001111111
000101000101000001111111111111111001000101111111000001000111000111111001110111111111000111111001111101111011111111000001111111000101001001000001111101000001111001000001111111111001000001000011
111001000101001001111001111011110111111101000101110111111111000011000001000111000111000101111111000001111001000101111011111111111101111111111111000111000011000011111001111111001001111001111111
111111000011111101111001111001001001111011000001111111111001111001111111110111111011111001111011111001000001000011001001111111000011110111000001111001000101000101001001111011000011111001111111
111011001001110111111111111001111111000001000011111111000001000001111001111011000111111111000101111001111001111111111111110111111101111001000101111011000001001001111111110111000111110111001001
000001000001111001111001111001000001000111000001000001111011111101111011000001000001111001111001111111001001001001000111000111000001111001111001111111111001111101000001111011000111111001110111
110111111101111011000011000001111011111001110111000001000001111111000111111001000001110111111111000011000111111001111111111101000111111001111011111001000111111101111001000001111001000011000001
110111000001111001110111111001111001111100000101111101000101000011000011000111000111111111111111111111111001111001000001111011111111111111111111111111000001111011111111111111110111111111111011
000101000001111111111001001001000001111100111011000001111111000011000001111101111001000101111001000001111111000001000111110111111101000101111111000001111101111111111111000001111111000001111111
000111111101111111111111111111000011111100111111111011111101110111000101110111111101111001000111000111001001111011111111000101000111111111000011000111000111000001111101111101111001000001000101
000111111001111111111001000111111001000100000111000011111001111001111111111001000011000001111111111111000001000101111001001001001001000101111101111111111101000001111111111111000001000011000101
111001111001000001111101111011000001111110111001000001111111000101111111111111110111000111111111000001000111111001111111000001000001111001000001000001110111000001000111000111111011110111111101
111001111001111111000001111111110111111100110111000011110111000001000011111001000001000001111001110111000011000111000111001001111001000001000111111111111111110111000111111001001001111111110111
000001000001110111111001000111111111111100000001111111111011111111111111111101110111111111111101000111000111110111000111111111001001000001110111111111000111001001111001111111000001111111111111
111001000001111101111011000001000001111110111011111111000001111101000111111111000011110111000101000001000111000111000101111001111001110111111111000001000101110111111111111011000001111001000001
000001111111111111110111111111111111111100111101111101000001111101110111111001111111111101111101111011111001000001000101111111111001111111111001111110000001000011000011111001111011110111111001
111011111101111001000001000101000001000010000001000001110111111111111001000001111111111011000001000111111001111011111111110111001001000001111001111110000111000011000001111111000001110111110111
111111111001000111111001000011111001111100001001111001000001110111111101000101111101000101111101111001111011000101111111110111111011111111000011111100000001000001111111001001111101000011000101
110111111111111011110111000111111101000100000001000001111011111001000001110111000111111111111111000101111111000111000001110111000001111111111001111010111111000001111101111111111111000101111111
111001000001111111111011000111111111111100111111000101111101000001111111111111111101111011111001000101000111111001000011000101111111110111111101000100111101111111111001111101000011111101001001
110111000001000111000101000001000111000100111111110111111011111011111111111001000001111111000001111001111111000001000001111001111111000101111101000100111111111001111001111001110111111101110111
000001000001000001000111110111111111111010000001111011111001110111000001111111000111000001000001000001000001000101000101111111111111110111110111111010000001111001111111000011111001000001001001
000001111001000001000111000001000111000110111111000100000001111101110111000011000001111101111011111111000001000001111111111011111001111111000001111110111111000001001001111011111001110111111011
111001000111000001000001000001111011111100111101111010111101001001111001000001000111000001111101111111111011111001111111000001000111000001000111000110111101001001000111000011111111110111000111
000111000001000111110111000001000001111110001001111100111111111111111111111111000111000001000101111101111111110111111011111111000001111101111101111110111011001001111111000101000011111101110111
111111000101110111111001000001111011000110000001111100110111111101111001000001111101111001000111111001000101000001110111111101110111000001111001000100111101000011110111111001111111111011111111
111111111111111111111011000001000001000010111111111100001001000101111001111001111011111001111111111001110111111111111001111011111111111111110111111100001001111001000001001001111111001001111001
111001111101000101110111000111111001111010111101111010111101111111111111000111111101111011111001111101000101111001111111111101000111111011110111000100111011111111000001110111000001111001111011
111111111001111011111111001001000001111100111111000010000101111001001001111001110111111111000011000111111111111111111011111001111011111001111001111100110111111111111001111111111001001001110111
111001111111111011111011110111111111111010111111000110000001000011111111111111111111000001111001111111111001111111111111111001000001000001000001000100111111111001111111000001000101111111111011
111101000011110111111111111111000001000100000001111100111001111001111111111101000001111101111111110111111001000001000001110111111001111001000011000110111111000001000111111111111101000101000001
111111111001111111110111111111111111111100000001111010111001000111000101111101000001111111111111111011000001111101111111111111111101111001111111000010111101110111111111000001000101000011111011
111111001001110111111001111111000111000100111001111010000111111001000001111111000001001001000001000001000111111001111011111001111111000011000001111110000111111111110111111111000111111011000001
000001111101111101111111000001000111111100111111000100000001111001000111111001111001111111111111000111000001001001000111000111110111110111111101111110000101111001111001001001111111111111111011
111001111111001001111111111011000111111100111001000100111001111111111111000001110111111111111001000011111011111011111111000001111001000001001001111110000001001001111001111111111001000111001001
111111000001111111000111000001000001111010000101000010110111111111111001111111111001111111000111111111001001111111111001000111110111111111000001000100000111000101111011111101111111000101111101
000001111111111011111111111111000001111100001001111100111111000001000101111111000011111101000111001001111001111101001001111111000001000111000011111010000001111011000001111011000001000101111101
111011111001000111111101111111111001111100000001111010111111111111000101111101000001111001111101110111000111111101000101111011110111111111001001111100001001111111111101111001111001111001110111
000001111111110111000001111101111101111010111111111010111111111111110111000101111001000111111111111011000111111111111001111011001001110111111011111010111001000001000001000111000001111001000011
000101111111110111000001000111000001000100111111000110111101110111111111111001000001000001110111000001110111111111000001111001001001111111111001111110000101111111111111000001000111111111000001
000111000111110111000111110111111111111110111001000100111101000001111111000001111111000101111111111001000111000111111001000101111001110111000011111100111111111111000011111001111111110111000001
111111000111000011111001000001111011111110000111111100111111111101111101111001111111111111111111111011000001111011111111001001111001111001111011000100110111111101111001111101111001111111111101
110111111111111011000111110111000001111110111101111100110111000111000001111111111001000001000001111001111001111111110111000101111001000111111111111100111001111011000011000001110111000001110111
111101001001000001000001000011111011111010111011111100000111111011000001111111111101110111001001110111111111111001000001111001000001000111000001111110111101000001000001111101110111000001111011
001001111001000011111111000001000001111110111111111110111011111001000101001001111001111111000001111011111001111001111001000001001001111111111101111110000001000001110111111001111001000101110111
000001000101111111000001111001110111111100111001111110110111111111111101000001111111111101111001111001000001000001111001111001111001111111000101111100111111111011001001111011000001111101111111
000011000111111011111111111111000001000100110111000110000001001001111101111111110111111001111101000001111001110111111001000001000111111111111001111100111111111011111001000001111101000101111101
111101111001000001000001111111000101000100001001111010111011000001000111110111111111000111001001111011111001111111001001111001111001000011000001111010111111111001111111110111111111111001111111
000011111011111011111001000111000001000110111101000010000101111101111001000111110111000001111101000111110111000001111001111111111111111101111001111010111111111111111001000111000001111001111101
110111000001111001000101000111000001111110111001000010000001111111000111000001111111000001000111000111111101110111111101110111111001111001000101111100110111110111000001111001111111111101111111
110111111111111001000001000001001001000010111001000110000101111001111111111111111111111111111111111001000001111101111011111011000001000001001001111110000101111111000001111001111001111001111001
111011111111000001111001111101000011111100000001111110111001000111110111000011111001000011111111000001000111111001111111110111000111111111111011111010000111000001111111111111111111111001000111
000001111111111001111001000001111001000100111101111100000001111111000011111101111111110111000111001001111001111111111111000001111011111011111111000100111001111101000111110111111111111111111111
111111000101111001111101111111111001000110000001000100110111111011111111111011000101000001111101000001000001111001000011000011111101111001111011111100111101111001000111111111000101000111111011
000111000101111111000111000101111111111110111111111100111111001001111111111111110111111111110111111001111101110111001001111011111111111001111101000100111001111011000001110111110111111111111011
000001000011110111111111111101111111111100111111000100000001111001000111111101111111111001111001110111110111111011111111000111110111111111110111111100111001111111111001111111001001000101111111
000001111001000001000001111111000111111100000011000100111001001001110111111011000011111111111001111111000001000101000111111111000011110111000011111100111111001001000111000111000001111001111001
000001111101111001110111001001111111000100111001000110000001111101000001111001001001111111111101111111111001111111000111111111111111000001111011111100111011111001000111000111111001000101111111
000111111001111001111111111001111001111110111001111010000111000111000111111111000001110111000111111011111101111111111001111001111111111111110111111100000101111001111001000101000011111001000001
000011001001111001111011000001000001000110001001111100110111111101111001000111111001000011111001000001000001111111000001111111111111000001000111111110111111110111111111111011000001110111000101
000111111111111011111111111001000111111100111001111100000001111001111001001001111111110111111011000001000001111101111011111001111011110111001001111100110111111111000101001001111111111001111111
111111000101110111111001110111110111111100111111111100110111111111111011110111110111000001110111111101111111111111000111111111111001111001000101111100111101000101111111000001111011111011111001
111011111111111011111001000100111011000100111001111100000001111001000011111011000101000111111001111111111011111001111111000001000111111101000011000010000001111101111011110111000111111111000001
111111000001110111000101111100111001111100110111000100111111000111111001111010111001111001000101001001111111111111111001111111000001000111111011000100110111110111111111000011111111110111000101
000111000111000001110111000010110111000100111111111100111111000111000011000100111001000110111101110111111101000011111101111111000001111001111111000010111111111111000101000001000111000001111001
111101110111111011000001000110111001111010111011111100000001111001110111111110000001111110111101111001111011001001000111111011000001000111000001111010111001000111001001111111111011000111111001
111101000101111111000001111010111101111010000111111100000011111001000001111010111101000110000001111111111111111001000111111101111111111001000011000100000111110111111001111011110111000001111011
001001111111110111111111111010000001111100111101111100000111000001111001111100111111000100111101111111000101000101111001111111111101000001001001000100000011111001000101111101111001000111111101
111111001001111101111111111110111101000110111011111110001001000111000111111100000001111100111001111111111001000011111001110111111011111001000001111010111011111001000111000101111111000111111111
110111000111000111111111111100000001000100000001000100111011000001000111000100111001000010110111111111000001000111111011111101111001111101111001111110111111111001111111110111001001000101000001
111011000111000111111011000100001001111010111111111110111111111101111001111010000111111110000001111111111001000001111001111001111111110111000101000100000001111101000111110111111101000001000011
000001110111001001111101111100000101111110111011111110111111000001111011111110111101111100110111110111000001111111111001110111000101000001001001111010000001001001111111000001111001111111111111
111101001001000011000001000110111111111100000011111010111101110111111101111110000101111100111101111011001001111111111111000001111001000111111111000100000001111101111101111001111111110111111001
001001000111111111111011111110110111111100111011111010111101111101111011111100111111111100110111111111111101000101111001000111000001111001111001111110111111111101000001111011111011111001111101
000001000001000111110111111100111111000010111001000110111001111001000001111100110111000110111001111001000001000101111101000001000111000101111001111010110111000001000111111111111011111101000001
111001111001000111111001111100000111111100000001000100111101111001000001000110111011000100111101000111000001000001111001111011111111000101111111111100000111111001000001111001111011000011001001
111111111001111111000011111100111001111110110111000010111101110111000001111100111111111110000101000011000001110111111111111101000001110111111001111110111001000001110111000001111011110111111001
110111111001000011111011111110000001111010111111000100000001000001111001000010111001000110111111000101111001111001110111111111111011111111111101111010111111111011111001110111000101111101000111
111001000111000101000001000110111011111110111111111010111111110111000001111100111111111010000011000001111001111001111001000001111111111001111011000010000011111011001001111011000001111001000001
000100000001111111111101000110000001111100000001000110111011000111111011111100111101000010111001000011111001001001110111111111111001111101000111111100111101000111000001111001111001111101111001
111100111001111001000011111100111101111100111101000100111001000001000111000100000101111100111001000111000011111101111111000111000011111101111001000110000001000011111001111001000001111111000001
000110000011000011000101111100001001000110111101111010111111110111110111000100111001111100110111111111000011111011111111000111111001000001111001111010111011000101111001110111000011000001111111
000100110111000001110111111010111001111110111001111010001001111101111111000100111011111010000001111001110111111111111001000111000111000101000101000100000011001001000001000101111111000001111111
000100111001111111111111000110001001111100111001111110111111110111000101000100111111000100000101000001000001111001111001111111111011111111110111111100111111111111111001000101111011111001111001
111100111111000001111001111110111111111110111001111010111111000111110111111100001001111100111001000111000001111101111111000001111001111011111011000010000001111011111111111111000001111101000111
111010000001000111111001111010110111000010000001000100110111000111111101111100110111111010111011110111000001111101000111111001111111000111111111111100111111000001111001000111001001000001111111
111100000111000001111001000110000111000100000011111100000001000111110111111110000101000100111001111001000111000111111001111101111111111001111001000100000111000111111011111111111001000111111001
111010000001000001110111111100111001111100111101000010000011000111000001111110111001111100001001000101111111000001110111111101000001111101111111111100111011000111110111001001111011111101110111
111100111111000111000001111110111001000100111101111010111011001001000111111100111001111100111011000001000101111001111011111111000011111011001001111100111111110111000111111111111101110111111001
000010000001111101110111000010000111111110110111111110111011111001111011000100111001000110000001000001000001000001111001000111000001001001111111000100111001000101111011111011111011111011000101
111100000001110111000001000010111001111100000001111010000011111111111001111010000001111100111011000001110111111101000011111111000101000001111011111110111111111001111001001001001001111101111101
111110000101000101000111111110111111111100111101111010111111111001000101000110001001111110001001000001000001000001110111110111000001000101111001000100000001000101110111111001111111111001111011
111110000111111101111111000110111011111100111111000010000011111111111001111010000101111010110111111101000111000001111111111101111101000011111011111110001001000111111111111111110111000001000001
111100111001000111000111111100000111111100111111000010000011110111001001111100001001111100000101000111000001111001111111111001110111001001000001111100000001000001111001000011111101110111111001
111100000001111101110111111010000101000110111001111100111001111111000111111010110111000010111111111111000001111101111111111111001001110111111111111100000001111001111101110111110111111111000001
000100111111111001001001111100111001111110110111000100000001000101000001000110111101111100000101000011111001111111001001111001000111110111000111111100111001111111111001111001111011000001000111
111010111111000001111001111010111101111010000001111010111111000111000101111110111011111110000001111001111101111001111111111111111101111001111001000100110111111001000001111111110111111111111001
111100111101000011110111111100111001111010111001000010111001111001111111111010111111111100000101000111000111111111110111111111110111111001111101111110111111000001111011000001110111000001111001
111100000001000001111101111110111101111110111111000110110111111111111001111100001001111100001001111011111001111001111001110111000001111001111101000100111111110111111001000111111011000101110111
111100000111111111110111111100111001111100111101000010000001111111111101111010111001000110000001111111111101000111111011000001000001111011111001111110111111000111001001000001000111110111111011
000110111001110111000011111110111001000100111001111100110111111011000111111110000011000010111101001001111111111101000011110111111111111111111111111100111111111001111111110111111011000111000001
111100111111111001000001111110000001111100111111111100110111111011000111000010000001111100111001000001111001000101001001000111111001111011110111111010000111000001111101000001000001000001111011
111010000101001001111111111100111111000010000001000100110111111111111011000110111001000110111101111111111111000001110111111111111001000001000001000110000001111111000101000011110111000001111111
000100111001000001000101111110000101111100000111000110111011111111111101000110000001111110000011111111001001111011111111111111111101000111000001111100000001001001000101000011111101111001111111
111100111101000001000011111010000001000100001001111100111001111011111111111110111111111100111111001001000001000001111001111001110111000001000001111010001001111011111111111101111011111111111101
000010111001111001110111111100111111111100000001111010111001111111001001111110111111000100000001111011111001000001111101000001111001110111000001000100110111000001111111000111111111000001000101
111100000011111101001001111110111111000010111111111110000001111001110111111110111101000010110111000001001001111101000111110111111001000101110111000010111111000011111001000001000111111101111101
000110111111000001111001111010111111000100111111111100000001111101000001000100111011111100111011000100111011000011110111000001111011110111000001111110111001111001111111111111000111110111111001
111110111001111101000011111100111011000110111111111100000001000001000011000100110111111100000111111100111001000101110111110111111111111111000001111110000111111111000111000111111001111101000111
000010111101110111111001111100000111111110111001111110111111111111001001111010111001111100111111000010111011111001000111111001110111000011001001111010000111000101111111000001000001111001111001
000110111011111111111001111110111001111010111111000110111001111111111111111110111111111110000001000100000111110111110111111110000001111001000001111100111001000011111111000111000001111111111111
111100111111111001000011000100000001000010000001111100000101110111110111000110111101111110000001111010111101111111111001000100111011000101111001111100110111000001111111001001111001111001111011
111010001001000001111001111110000001111110000101111100111101000001000001111100000001111100111111000110111001111111111001111100000001111111000101111100001001111111111101111111000111111111001001
111110111011111001111101111110000001000010000111111010111001000001111111111010111101111010000001000110111111110111000001111110000111000011000001111010000001000001111001000111000001110111111101
000010001001111101111001111100000001000100000001111110000001000101000011000100111101111100111001000110111001111111000111000110111011111011110111000100000001000101000001111101000001111111001001
111010001001111001110111111110000001111100111011111100000111000001000001000110001001111100111001111100000011000001111111000100001001111111111101111100000011111111111111111011110111111101111111
111100000001111111111001000010111001111010000111111010111011111001111011111100000101000100111101111100000101111111110111111100000101110111110111111110000001111101000111000001000001111011111001
000110111111111111110111111010110111111110000111000100111111111001111111000100000001111110111001000010110111110111111111000100000111000011111111111100111001110111111111111111000111000001111011
111100000001000111111001111110000001111110110111111010001001000001111111000100110111000100110111111010111001111101000101000100000001000001000011111100000111111111000101000001000011001001000101
000100111111111111000111111100000111111010001001111110000001110111111001000100000101111010000011111100110111110111110111000100000111111111111111111100000001111001110111000001000001111011111001
111100000011000111110111111010001001000100111001111110111101111101111111111110111111111100111011111100111011111101110111111110111101111101000001111110000111110111111111000111000001111101001001
111100110111111001111101111100000001000110111101111010111011001001000111111110110111000100000011111100111111110111111111000010000011000101000111000100111111111101001001110111111111000001111001
111100111111111111111011111100111001111110000001111100001001111111111001111100000001111010111101111010110111000001000001111100111111111111000101111100111001110111111101000111111011110111000111
000110111111111111000001111110000001000010000001111100110111111111000001111110000001000100111001000110000001110111111001111100111001111111110111111110111001000001001001111111111111000001111111
000100111011111001111001111010000001111100000001000100000001000001111011000100111001111100000001111100000001111111110111000110111111110111000001000010000011111001111111000001111111000111111001
000100000111000001111111111010000101111110111001111110111001111111111101111100000001111100000111111010000001111111000001111110110111000001111111111100000111111101000011000111000111111111111111
000100110111111001111001111010111101000010000111111010111011000111111001111100111011000100111101111100111001111001111111000110111001111001001001111110000001111111111111111111000001110111111011
000100111111000001000111111100110111111010000001000100111001000101000001000110111101111100111001000010000001111101111001111100001001000101000011111110000001000001000001111101000111000101111111
000010000111110111111001000100000001000110111001111110000111111001000011111100110111111110111001111100110111110111000001111110111111000001111111000100000111000001110111000001111011111100111001
111100000001111001000001000100001001000100000011000110110111111101111101000110111001000110110111000100111001000111111011000110110111111011000001000100110111111001110111111001000011000100110111
111010111101111100000001000110001001111100000101111110111001000001000001111010000111000010000111000100000101111111111111111100000101000001000111111100000111110111111001111111000111111100000111
111110000001000110110111000110111011111010000111000110000001000111111001000010000111111100111111111110000001111111111111111110000001111001000001111010111111110111000001111001000001111100000001
000010111001111110000101111010001001111100111111000010000111000001111001111010111111111010111101111010110111110111111111111100111001000001000101111100111001111101111111111111110111111010000011
111100001001000100000011111010111111111100000111111100111001000011110111111010000001000010000001111110110111111111000001111010111111111111111101000100111001000001111001110111000011111010000111
000110000011000100000001111100000001111110000001111010111001111111000001111100111101111110000001000100111111001001000111111110111001111001000001111100111001111001000001111101000001000010111001
111010111001111100111011111100000001000100000001000100110111001001000001111100000001000110111111111100111001000001111111111010111001111111111111111010000111000011111111000111000001111100111111
111010110111111100111111111010111111111100000111111100111111111111111011111110000011111010111011111100111111111011000001000100111011111001000101111110000101111111111101111101000001111100111101
000010110111000100110111111100000001000010111011111110111001000101000001111100111001000110111111111010111011111001111001000110111001111101000111111010111001111111000111111101001001111110001001
000110111001111110000001111100111001111100111011000010111111111101111111000100000001111010000001111110001001111100111101111110111001000001111001000110000001000101111101000111110111111100111111
000010111101111010111111000100111111000010111101111010111001000111000001111100111111111100110111111010110111111100000101111100110111000111111111111110110111111101000111000011111001000100000111
000010111011111110000001111110111111000110000101111110000111111111110111111010000111000100111001111110110111000110111001111110001001000001111111111010111011110111000011000111111111000100000001
000100111111111100000001111110111001111110000111000100111111001001000001000010111001111010110111111010000111000100000011111100111101000111110111111100110111111101000101111001000001000100000001
111100000111111100110111000010111011111100000111111010111111111111110111111110111011111100111101111110111001111110111001111110111001001001111101111100000101111001000001000011111001111100111111
000100000001111100111101111100001001111100001001111100111011000011000001000010000001111100000111111110001001000100111101111010111101111111111111111010111101111111000111111101111111000010000011
111100110111111100000001000100111111111100111001111010000011111001111001111110111001111100111111111010000001111110000111000010110111000001111111000100111011111001111111111001000001111100110111
111010000101111110111011000110000111000100111011000110111111111111111111111100000001000100111101000010110111000010000001111100000001111001001001000010000001111111111101000001111101111100000001
111100110111111100000001111100000011111010111111111010111111111001111001111010111101111100000001111010000011111100111111000100000111000001000011000100000101111111111001110111110111111110111111
000010001001111110111011000100111101111110111001000010111101110111000011000010111111000010111011111100000101000010111111111110110111111001001001000100001001111001111111111111000001111010111001
111100111001000110111001111100000001111100001001000100111001111111111101000100111011000010111001111110000001111010111101000110001001000001111111000100111111111101000101111001111001111100111111
000110111111111100111111000100111001111100111001111100001001000001001001111100111011111100000001111010000111111100111001111010111111111001001001000110111111111001000111000101111111111110111001
111110000111111100001001111010000111111010111001111100111011111011000011000100000001111100111001111110000111111110111011111100000001001001111111111100111011001001000011111110000101111110110111
000110000001111110111111111110111111000110111111000100111111000001111011000110111001000010110111111100111001111100000101111110111001000100000111000010000001000001111101111100111111000110000001
111110000001111010111011111100000101111010110111000100000001111001110111111100001001111100111001111010000001000100000001000100000111111100111111111100000001000011111001111100000101000100110111
000110000011111100000011000100110111111100000001111100000001111101111111111010110111111010111011111100111111111110111111111110111111111100111111111010000001110111000011000010000011111111000110
111110111001000110111111111100000111111100000101111010000001001001000001000100000111000100111101111110110111000100000111111010111101000100111011111100000001000001000111111100111111110111111100
111110000001111010111111000110111001000100111001111100111111111011000101000110111111111010111001000100001001111110000001000100111001000100000001111010111001110111111111111110111001000001111110
000100110111111100111111000100111111111010000001111100000101000100000001000100111001111110000001111010000001111100111111000010000001000100110111111110001001000011111011111100000001000001111100
000100111011000100000101111010110111000100000001111100111001111010110111000100111111111100111001000100111111000110000001000010000111111100000111111100111011110111110111000010000111111111111110
000100110111111100111001000100111101111100110111111010000001111110111111000110000101111100000001000100001001111110111011111010111101111110000001111100111111110111111100111110111011111101000100
111010111111000100110111000010110111111100111111111010000111000100000101111110000001000100111001111010000001000100000011111100111101111100111111111100000001111100111010111010111111111001111010
000100001001000100111101111100000001000110111101111100110111111010111001111110000111111100001001111100111001111010000101111100111111000100000101000010000001000010111110111100000011000111111110
111100001001111100000001111110000111111100111111111010000001111010000110111010111001111010000111000010000001111100111101111100000001000100000011111010111111111100111100111100110111111001111110
111100000011000010000101111100000111111100111111000100111011000100111110000100111001000100001001111010111101000100000111111100111011111110000111000010000001111010000100000100000001111111111010
111100001001000110000001111100111001000110111001111110111111000100111110111010111011000010111001000010000001111110111111111010000011000100000001000100111001111100111010111100111001000011111110
111100000001000110000001111100110111111100000111111010111101000010000010111110000111111100000011111100111111000100111011111110111111111110000111111100001001111110000100111010000001001001111110
000010000111111110111111111110000111111100111001111110111001000110111110111110111111111100000111000100111001111110111111000100000101000010111001111010000001111110111110000100111001111111000010
111010001001111100001001111100111111111100111111111110111111111100111110111100110111111100111111111010000001000100000001111010111111000010000100111100110111111100000100000100000111000011111010
111110111001111100000001000110111001111010111101000010111001111100111100000100111111111010111111111110111111000100111001111100111001000100000010111100000101000010000010111100111100111111111100
111010111011000100111001000010000001000010111111000100000001111100111110111010000001000010111111111100000111111100000001111100111001111010000110111100111101111100000100111100111100111001111010
000110111001000100000001000100000001111110111111000010111011000100111110111010000011000010111011111010111111111010000111000110111101000100111100111110001001111010000010111110000110000011111010
000100111001000110000101111110000011000100111111111100111001000010111010111100111011111100000001111010110111111110000111111010111001111110111100000010000001000100111110000100111100000111111110
111100111001111010111111111100000101111010000101111110111001111100000100111100000001111110000111000100111011000110111111111100111111111100000100111100000001000010111110111100000100111111000100
111100000001111100111001000100000011111110111001111010000111000100000100111100110111000100111001000110000001000110000001000100000111000110000100111010111001111010111100111100111010000111111100
111110111001000100111101111110111001000100111111111100111101111110111110111010000111000100110111111100111011000100111001111010111111111010111110111010111111111010000100111100111100111101000110
111010111111000100111101111100110111111100111011111110111111000100111110111100000111111100111101111100111111000100000001111110000001111100111100000100111011000110111100111110000010110111111100
111100111011111001111110000010111001111110111001111100000001111010111110111100111101111010110111111010111011111100111001000010000011000110111100111010111101000110111010111100111010111111111010
000100000001111101111110000110111111000110111111111110111111111100111010000100000101111010111001111110111111000110111101111010111111111110000110000010110111111110111100111100000110000011111100
000010000111001001000010000100111011111110000101000100111101111010000100000010111001111110000001111100111111111100111001000110000111000110111010111100000111111100111110111110111100000111111100
000010110111000111111100000100000111111100000001111010000101111100000110111010000001000010111011000010111111000100000111111100111001000110000100000100111001111110111100000110000100000001000100
000110111001000001111100000100111111111110111111111110111101111100000100000010111011111100111111111100111101111100111100111100000111111100000010000110111001111100111110111110000100110111111010
000110111111000001111010111010111001111010000111111010000001111100000100111100000001111110110111111100000111000100111010111100000001111100000100111110000001111100000110111010111100111011000010
111110111111000111000100111110111111111100000001111110000111000110111110111100000111111100000111000010110111111100000100111100111111111010111110111100000001000100111100111110111110111111000100
111010001001111101111100111110001001111100000111111100111001111100000100000110111011111110111011111100111011111110000100000100001001111110111100111110111111111100111100000110111100000001000100
111110000101001001111100000100000111000100000001000010001001111100000010000100000111111010110111111100000011000100000100111010111111111010000100000100111101111110111100111100000010111001111100
111110111111000001111100000100111011111010111011000100000001111100000100111100110111111110001001111010000001111100111010111110111111000100000110111110111101111110000100111100111100111101000010
111010000001111001111110000100111011111010111001000110111001111100111010000100111001000100111001111010000111000100111100000100111111000110111110111100111001111010111010000110111100000101111010
111100000111111001111100000100110111111100001001000100111111000100111110111100000111111100111001000110000001111100111010111100111011111100111100111010111111111100111110111100111110111111000110
111100000001000100000110000110000111111100111001000110111111111100111110000100111001111100000011000100000011000100000010111100000001000100000100000100111111111100111100000110111010111011111100
111100000111000010111010111010111011111100111111111110111111000100000100111100111111111110111001111110111111111010000100000100110111111110111100111100000111000110111010111100111100111011000100
111110111101111010000100111100000001111110000001000010001001111010111110111100111001000010000011111010111001111110000100000010000011000100000100111100110111000100000100111100111010000110111100
000100000001111100111010111100111011000110111101111100110111111100000100111010111111000100001001000010000011111110111110000100110111111110111100000110111011111110111100000100111100000110111100
000010000001111100000100111100000001111010000001111010000001111010111110111010111011111010000011111010111011111100000100000010000001111100111010111010111111111110111110000010111010111110111010
111010111111111100111100000100111001111010111101111010111011000110000010111100111111111100111001111110000001111110111100111110000101000010111100000100111001111110111100111100111100111100111100
111100000101000110000110111110111111111010001001111100110111111010111010111100001001000110001001111100001001111100000010000100111101111100111110111110000011000100000100111100111010111100000100
111100000011111010111110000100000111111110111111111010000101111100111100000100001001000010111001000110111111111010111100111010111101000010111110000110111111111110111110111010000100111010111100
000100000011111110111110111100111001111010111111111010110111111100111100111100111011111100000001111110000111111100000100000100111011111100000100111100000001111100111010111100111100111010111010
111110111011000100111100111100111011111100000101111110111111111010111100111100000001111100111111000110000011111010111100111100000011111100111100000100111001000100111110000100111100111110000010
000100000001111110111110111010000001111100111001111100001001000010000110111010111111111010111001000100111101111010111110000110000111111100000010111100111001111100000100000010000100000110000100
111100110111111110000110000100000011111100001001111110000001000100000110000010111001111100000101111010000111111110000110000100001001111010000100000100000001111100111100111010111100111010000100
000100000101111100000100111010110111111010111111111100110111000100000010111100000111000100111111000100111111111100111100111010000001000010111010111110110111111100111010000100111010000110111100
000100111101111110111010000100111001000100000101111100111101000100000010000100111111111110111111111110000111000110000100111100111111111110111110111100111011111100111100000100111100111100000100
000010000101111100111100111010111111111100000001000110111001000100111010111100111111000010000101000100111011111110000100111010111011000010111110111100111001111110111100000110111010000010111010
111100000001111010111100000110000001111100111111111100000111000110111100111100111011111100111111111100000001000110111100111110111111000010111110111100000111111110000100000010000100000100000100
111010110111111110111100111110111011111010111111111100111001111100111100111100111111111110111001000010000001111010111100000100111001000100111100111110000001111010111010111110111100111100111100
111100111111111100111110111100111101111100111001111010110111111100111100000110001001111010000001111010000111111100000100000100000001111110111110000110111001111100000010111010000100000010000100
111100111101111100000100111100111001111100111001000100000101111100000010000100000001111100111111111010000001111100111010000110111001111100111010111110111111111110111010111100111100111010111110
000110000011111100000100111100111101111110000001000110111111000100000100111100111111111010000001000100111001000110111110000100000101000110000100111110110111111010000010111100000100000110111010
111100000011000100000100000100000001000100111011111110000111111100111100111010000011111100111111111100000011000100111100111110000110111110111110111100000001111110111100111100000100111100111110
000110111011111100111010000100000011000110001001111110111111111100111110000100000001000100111011111100111011111100000110111010000010000110111100111010111011111100111100000100000110111110000110
111010110111000100111100111110000001000100000101000110000011000100111110111110111001111110111111111100111001111100111100000110111010000110111110111100000101111110000100111100000100111010000010
000010111001000110000010111010001001111100110111000010000001000100111010111100000001111110111111000110111100000110000110111100000110111100000010111100000111111010111110111110111010111110111100
000100000001111100111100111110000001000010111111000110110111111100111110000110111101111100111001111100000100111110111100111010111010111010000110111100110111111010111010000110000010111110111010
111100111101111010111100111100111111111100111001000110000001111010000010111010110111000110000001111110111100111110000010111100000100111010111110111100111001111100111100111100111110111100111010
111100111001111100111100000010000101111100111111111100000111111110111010111110111111111010111001000100111110111100111110111110000100000100111110000100000001111100111100111110111010000100000010
000010000001111110111010111010000001111100000111111110111001000110000100111100111001111110111001111100111100111110111100000110111100000010111100111110110111111100000110000010111110111110111100
000010000001111010111110111100111011000100111101111100000111111100111110111010001001111100000001111110111010111100111010111100111010000010111010000100000001000100111100111100111100000010000110
000100111101000100000010000110110111000010000111111100000001000100000110111110000001111100111011111010111100000100111100000100000100111100111010000110111111111100000110000100111110111100111010
000100111001111100111100111100111101000100111001111010001001111100000100111100000101111100111111000100111100000100111010111010000110111110000100111010111111111100111100111100111100111100111110
111100000001111010000100000100111011111110110111000100110111000100000110000010111111111010111001000100111110000010111100111100111110111010111100111100110111000100000110111100111100111100111010
000110111011000100111110111100111101111110000111111010000001111110111010000100111001000100111111111110000010111010000100111010111100111010111010111100000001111100000100111100000010000110000110
111100000001111110000010111010111011000100111001111010111001000100000100000110111111111100111101000100000100111110111100111100000110000010111010000100111001000100111110000100111100111100111100
000010111001000100111100111110000001000100111111111010111111000100000110111010111111111110111111111100111100111100111010000100111100111010111100000100111001111100000110111110000010111100111110
000100111111111010000100111100111111111010111011111110111011111010000010111110111111111010000001000010111100000010111110111010111100000100000100111100000111000100000100111100111100111100111010
111100111011111100111100111010000001000110111111111100000111000010111110111100111101111100110111000010111010000100111100000100000110111100000110111010111111000100111010000110111100000110111100
111110000011000100111010111100111111111100111101111100111001111010000100111100110111000010000111111100111100000100111010111100111110111100111110000110110111000100111110111100000110111100000100
111110000001111010111010111010000111111010000001000100001001111100111100111110000101111010000101000100111110111100111110111100000100111100111100000100111011111010000010111100000110000100111100
111100000111111010000100111110111001000100000101000100111001111100000100111010110111111010111111111100111100000100111100111110000010111110111010000100000001111110111010111110111010111110000110
111100111111111110000100111010111011000100111111000100111001111100111100111100111111000100000001111100111100000100111100111100111100111110000110000110111001000100000110111100111100111100111100
111100000101000100000010111110000001000100000101111100001001111010111100000100111101111010111011111010111010111010000100000100111100000110111100000100000001111100111110000100111100111100111100
000010111001000110111100000110000001111100111001111100111111111100111110111100111001111100111101111100111110111100111010111110111100000110111100111100000101111010000110000100111100111100000110
000010000001111010111100000010111011000100000111000010111001111100000010000100000001111010000001111100111010111100000010111010000100111100111110000100111001000100111100000100111100000100111010
000110111111000100000010111100111101000100000001111010000001111100000010111010111111111110111111111010000010111010111100111100000100000110000110000100111001111100111110000100111100111010111110
111100110111111100111100111010111111111100000111111100111001111100111110000010000001111010000101000100111100000100111100000100111010111010111110000100111001111100000100000100111100000100111110
111010111101111110000110111100111111000110001001000100111111000010111100000010111001111010111111111100111100000100111100111010111100111100000110111100000111000110111100111110111100111110111100
111100111001111100111010000100111001000010111111000100111001111100000100111010111111111010110111111010111100111110000010111100000100111110111100111100111011111010000110000100111010111100000010
000110000001111100111100111100111101000100110111111110000101000100111100111110111011111100000001111110111010000110111110111100111110111110000110111100111001111010000100000100111100000110000010
111100000101000100000010111110111011111100111111111100110111111010111100111100000001111010110111000100000110111100000100111010000100111010111010000110000001111010000100111100000100111110111010
000010111001111100111100111110111111000100111001000110111111111100111010111100110111000010111111000100000010000010000100000010111100111100111110000100111001111100111010111100111100111100111010
111100000010000100111010111110111001000100110111000100111101000100000010000010111111111100000111000110111100000110111010000110111010111110000100000100000011111100000100111100000110111100000010
000100000100111110000100111010111101000100111001111010111001111110000100111010111001000110111111111100111110111100000100111100111100000110111110000100000111111010111100111100000010000100000100
111100000100111010111100000110111001000100000111111110000111000010000100000010111101111100111111000110000110000110000110000100111010000100000110000100111101000100111100111010111010111100111100
000010111010111110111110111100111111111110111001000110111111111110111110111100111111111100111001111010000110111100111110111010111100000110000010111010000111111110000100111100111100000100111010
111100000010111100111010000110000001111110110111111010111111000100111010111110111001111010111111111110000100111100000100111010111010000100111100000100000111111010000100111100111010111010000010
000100111100111010000100111100001001111010111011000100111001111100111110111100111101000100000101000100000100000100000010111110111110111100111110000010110111111110111100111100111010111100111100
000110000110000110111100111010111101000010111111111100111111111100111010000110001001000010110111111100000010111110111010111010111010111100111110111100111101000110111100111010000100111110000110
000110000100111100111010000100001001000100110111111110111001000110111100111010111001111100111111111110111100000010111100000100000110000100111010111100111111111110000110111110000100111100111010
000110000100111010111110111100000111000100111111111100111111000010111100000010111111111110111101111100000100111100111010000110000110000010000100111100110111111010111010111010000010000100000110
111110111010111100000010111100111101000110110111000100000001000110111100111100111101111100110111111010000110000100111100111100111100000110111100000100111001111100111110000100111010111100111110
111100000110000100000100000100111111111100000001111010111111111100111100111100110111000110111111111110111100111010111100111100111100000100000100000010111101000100111010000100111100111100000100
000010000100111110000100111100111011111110111001111100111111000100111010111100000001111110000101111100000110000100111010111100111100000110000100111100111111111110000110000110000110111110111010
000110000100000010111110111100111111111100000101000100000111000010111100000100111011000100111111111110000100111110111010000110000100111100111100111110000111111110000100111010000110111010111100
000100111100111100111010111110001001111100000111000100000011111100111010000110000011111110111001111110111100111110000110111100000110111010111100111010111111000110000100111100000100111100111100
000100111100111100111100000100000011000110000011111100000001000100111010000010111001000110111001000100000100000010111100000110111100111100000100111110000101111010111100111010000100111100111110
111100111100111010111110000010111011111100000001111100111011111100000010000110111001111010000110000100111010000100000110000110000100111100111010111010000001111110000100000100111100111100111010
111010000100111100111010111100111001111100001001111010111111000100111110111010000110000010111100111100000010111100111110111100111100111100000110000010111101111110000010000010111010111100111110
000010111110111010111100111010111100111100000111111100000101000110111110111010111100000010000100111110111100000100111100000100111100111100000110111010000001000100111010111100111100111110000100
111010111100000010111110111100000100111010000001111100000101111100111110111110111010000010111010000110000110000010111100111100111100000010111110111110111111111100000110111100111100000100111110
000010000110111100000010111010000100000100000001111100000011000100000100111100111010000100000100111110111010000100000100111100000100111100111010000100001001000110111110111110111110000100111110
111110111010111110111010111100111010000010111011111100110111111110111100000110000100000010000110111100000100111100000110111100000100000010111100000010111111000010111100111100111110000110111110
111110111100111110111100111100111110111100111111000100111111000100111100111100000100000110111010111010000010111010000110111100111110111100000100000110000001000110000110111100000110000110000110
000100111100111110111100000100111100111110000101111100110111000110111110000110111010111110111010111100000100000100111100111010111010000100111010111100110111111010111100000100000100000100111010
000110111110000100111100111100000010111110111101111100000001111110111100111110111110111010111010111100111110111100111010000010111100111110111100111100111101111010000100000100000100111010111010
111010000100111100000100000010111100111010111101111110111101000010111100111100000110111100111100111110111100111100111100111100111010111010111100111110000111111110111100111100111110111010111010
000100000100000100111100111110111100111100111111000110000011111010111100111110111010111010000100000100111110111100111100111100000110111100111010000100000111111100111100111010000100000110000110
000100111100111100111010000010000100111010111111111100000001000010111100111100111010000110111010000100111100111100000100000110111100000100111110111110111111000100000010111100111010111110111110
111110000100111100111110111100000110111100111001000010111001000110000110111100111110111100111100111010111010000100000010000110111100111100111100111110001001111110111010111100000010000100111110
000110000100000110111110111100111100111100000001111010000111000110111100111010000100000100111110000010111110111010111100111100111100111100000100000100111101000100111100111100000110000100111010
111100000010111100000100111110111100111100111111111100111001111010000100111110000110111010111100000110111110111100111100111010111110111010000010111100111001111010000100111110111010111100111010
111110000100111100111100000100000100000100111011000110000011111100111010111010111010111110111100111010000110000110000110000100111100000010111100000110000001000110000100111010111100111100111110
111100111100111100000100111100000010111100000001111110111101000010111100111100111100000100111100111100111100111110111100111100000100111010111110111110000001111010111100111110111100000110111010
111100111110000010111110111110111100111100111001000010111011111110111010111100111110111100111110111100111010111100111010000100000100111100111100111100111111000110111100000100111100111110111100
111100111100000100111100000100111100111010111001111110111111111100111110111010111010000100000010111100111100111010000110111100000100000100111100000100111101000110000110111100000110111100111010
000100111100111100000100000100000100111100111111111110000001111010111100111110111100111110111100111100111110111010111110111100000100111010000110111110111001000100000100111110111100111100111100
111100111010111110000010000100111010111100001001111110000001111010111100111010111100000010000100111100111100000010111100000010000010000100111010111100000101000100111100111010111100111110111010
000100111110111100000100000100111010111100111111111100000101000010111110111010111100000100111010111100111010000010111110111110111010111100111110000100000111111100111010111100000100000100111100
111010000100111110111100111100000100000010111001000010000011111010111010000110000010111100111110111010000100000100000110111010111110111110000100111100111111111100111100000100111100111110111100
000100111100000010000010111010000100111100111111111100111011111100111100000010111110111100111100111110000110111110111110111100111100111100111010000110111111111100111100111100000010000010000100
000100111100111010111110000100000100000010111111000100111111000100111100111110111010111010000110111100000100000010111110000110111100111110111100111110111001000100111100000010111010000100111100
111010000010111110111100000100000100111110111111000100001001111110111100111010000110111100000100111100111100111100111110000100000010111100111100111010000001000110000110111110000010111110111110
000100111100111010111100000110111010111100111111111010000001111010111100000010111100111010111100000100111010111100000110000100111100111100111100000010000001000110000100111100000100111100111110
111100111010111100111010111110111100111100111001111110111001111010111100000010111110000110111100000110111110111110111100000100111110000110000110111010111111000110111100111100111100111010111100
000010111100000100000100111100111100000010110111111110000011000110000110111010000110111110000100000010111100111010000100111010000100111010111100000110111001111100111010000110111100111110111100
111100000110000010111100111110111100000100110111000010111111000010111100111110111100000110111100111110111010111100111100000100111100000100111010000100000011111100111110111100000010111100111100
111110111100111110000100000100000010000010111111111010111001111010000010111110111110111010000110000110111110000100000100000110111110111100111010000100001001111100000100111010000100111100000100
111100111100111010111010000010111100000100111111111100000001000010000010111100111100111100111100000100111100111010000100111100111110000100111010111100000001111100111100111100111100111100000010
000100111010000100111100111010111010111110110111111100001001111100000100000100111010000100111100000010111110111010000010000110111100000010111110111100111011111110111100000110000100000110111100
111010111110000110111110111010111010000100111111111100000111111100000100111110111100000100111110111100000100111100111100111010111100111010000100111110111111111010000100111110000100000110111100
000100111100111010111100000100000010000100111101111110000001000110000010111010111010111010111010111110000110111100111100111100000110111100111010111010110111111100111100000110111100111110111110
000010000110111010111100000110111010111110111111111110111101111100111100111010111100111100000110000100111100111100000100111100111100111010111100111010000001111100111010000010111100111100000010
000100111110111100111100000110111110111100111001111100000111000100000010111100000010111100111010111010111010111010000100111010000100111100111010000100111101000110111100111100111010111100111100
111100000110111110000010111110111100000110111111111100111101111100000010000100000010111010111100111100111100111110000010111100111110000100111010111100110111000010111100000110111010111010111100
111100000110111100111010000110111100111100111011000100111001111100111010000100000110000100111010000010111010000010000010000100111100000100111100111100000001111110111110111010111100111100111110
000010000100111100000100111100111010000010111111111010000001000010000010111100111110111100000100111110000100111100111100111100111100111100111110000100000101000010111110111100111110000110111010
111100111100111100000100000100111010111110000101000010111011111100111100111110111100111010111100000100111100111100111100111100111100111100000110000100110111111110111010000100111010000010111100
000110000100111100111100000100111100111010111111111110111011111110111010111010111100111110000100000100000100111100000100111010000100111100111100111100000001111100000100111100000010000100000100
111110111100111110000010000010000110111110111001000010111010111100000100000100111110111110111110111110111100111010000110111100000110000110111110111010111111111100111100000100111110111110000110
000100000110111100111100000100111100111010111111111010111100111100111110000110111100000010111100111010111100111100000100000100000100111010111010111010111001111010000110111100111100000110111100
000110111010111010111110111100000010000110111111000010111010111010000010111100111110111110111010000100111100111100000010000100000010111100000110111100111101111110111100000110111100111010111100
111100000010111010111010111100000100111100110111111010111110111110111010000100000100111100000100111100000100111100111100000100000100111110111110111100110111111110000110111100111100111100111010
111010000010111100111110111100111010111100111111111110000100111010111010000010111110000100111100000110111100000110111100000100111010000010000110111100111101000100111110111010111100111100000100
000100111110111100111110111100111100000010111001000100111100000100000100000100111110111010000100111100111100000110111110111110111010111110000110000100111011111110111010111110000010111100000110
111010000100000100111010111110111010111100000101111100111100111110111100111100111110111100111010000100111100111100111010000010000110111100111110111010000101111110000110111100111010111010111100
111100111010111110111100000110000110000110111101000110111100111100000100111110000010111010111010111110111100000010111100111110000100111100111100111110000100111100111100000100000110111010000100
111110111100111100000110111100000110000010000001000100000010000010111100111110111110111010000100111100111100000110111100111100111010000010000110111100000010000010000010000100000100000110000100
111010000100000100111110000100111100000010111011111100000110000110111010111100111100000100111010000110111110000100111110111110111010111010111110111100111100111010111100111100111100000010111100
111010000100000100000100000110111110000100000001000010111010000100000110000100000110111100000100000100111100000100111100111100000100111110111100000110111100111100111110111010000110111010000100
111010111010000100111010111010111110000010001001111100111100111010111100111010111100111010000100111100000110111100000100000010000100111100000100000010000100000100000100000100000100111010111100
000100000100000100000110111110000110111100111111000010000100111100111100111100111100111110000100111100111100000010111100111100000010000100111010111110000010111010111100111010111100000100111100
000100111100000100000010111100111110111100111001000110111100111100000100111110000100111110111010000110111110000010111110111010111100111010000010111100111100111100000100111100111110111010111100
000100000110111010111010000100000100111100110111111010111100000100111010111110111110111100000010111110111100000010000100000100111100111100111100111100111100111110000100111110000100111010000100
111110000110111100000010111100111100000100111100000100111100111100000100000100111010000100000100111110000100000100111100111010111010111010000100111110111100111100111110111110111100111010111100
000110111100000010111100000010000100111110111100111110000100111110000100111100111110111100000110111110111100111010111100111110111010000100111100111010111010000110111100111010000100111110111100
000010111010111110111100111010111010000110111100111010000100000110111100000110111100111010111110111100000110111100000110111010111100111100000010111110000010111100000100000100111110000110111010
111100111010111110111100000100000010000010111100000010111110111100111100111010111100111100111100111110000100111100000010000010111100000100000110111100111010111100000100111100111010111100111100
111100111100111010111010111100000100111010000100111010111110000110111110000100111110111110111110000100111100000110111100000110111110111100111110000100111100111010111100111100111100000110000010
111100111010111100111110111100111100000010111100111100000100111010000110111100000110111010111010111010111100111010000100111110111100000100111100000100111100111100000010111100000010111100111010
111010111110111010111010111010111010111100000100000110111110000100111100111100111010111100000010111100000110111110111100000110111010111100111110111100111010000010000010111010000110000010111110
000100111100111010000100111010111100000010111110000100000100111010000110111100111100000100000110111100000100000010111100111100000100111010111010111100111100111010111100111100111010000110000100
111100000100000110000100111010111010000100111100111010111100111100111010000010000100111100111100111100000100111100111010111100111110111010111010111010000110111010111110111010111100111110111100
111100111110111100111100111110000110111010111100111010111100111100111110111110000010111110000100000110000110111010111110111100000100000100000110000100000110111100000010111100000010000010111110
000100111010111110000100000100111100000100000110111100000100111100111100000100000010111100111010000010000100000100111100111010000100000100111110111110111100000100000010000100111110000100000100
111010000010000100111010000100111100111100111010000100111100000100000100111100111100000110111010111010000100111100111100111010111110111100111010000010111110111010000110000100111110000010111100
111110111010111010000110111100111010111010000100111100111100000100000100111100111100000100000100111100111100111010111100111010000110000010000100000100111100111100111100000010111110000010111100
111100000110111010111100111010111110000100000010111010111010111100111100111110111100000110111100111010111100111110000110000010000010000010000110111010111110111100000010111110111110111100111010
111110111100111010111010000100111010111100111010000010111100111100111110000100111110111100111100111110111110111100111100111100000100111010000010111100111100111100000100000110000010111100111110
111110111100000110111010111100000100000010111010111100000110000100111010000010111100000110111100111100000010000110111010111100000100111100000110111110000110111010111100000100111110111100111110
111110000100111110111010111100111100111110000110000100111100000100111110111010000010000100000100111010000100111010111110111110000100111100111110111010000110000110000100111010111100111010111110
000010111110111110000110000100111110111100111110111100111100111110111110000010111100111100111100000100000010111100111100000100111010111010111100000100000100111010111100000110000100111100111100
000010000100000110111110111110111010111010111110000110111010111010111110000100111110111100111100111110111110000010000010111100000110111010000100111100000010111010111010111110000110111110111100
000100000110111100111100000110111010000100111110111110000100111110000100000110111100000010111100111110111110000010000110111010000010111110000110000010111100000100000100000010000010111110111010
111110111100111110000010000010111100000010000010111010111110111010111100111110111100111110111100111100111110000110000110111110111100000010000110111010000100111100000100111110111110000010000010
000110111110111110000110000110111100000010111010000100000100111010000100000100111010111110111100000100111100111100111100111010111100111100111110000100111010000100111110111010111110111010111010
111100111010111110111010111100000100000010000010000100111010111100111110111010111100000100111100111010000010111010000100111100111010111110111100111100111010111110111010000010000110000010111100
111110111110111100000110111010111110111100111100111100000100111100000100000100000100111100000110111100111010111100000100111100111100000100000010111100111010111110111100111010111100111100000100
111100111010111100111100111100111100000100000010000100000100111010111010000100000100111010000100000010000010111110111100111010000110111100000110000100111010000100000110111010111110111100111100
000010111100111110000110111100000100111110111100000100111100000100111100111010000100111010111110000100111100000110000100000010111100111010000010111100000100000110000100000100111010111010111100
000010000110111100111100111110000010000100111100000110111010111010000010000010111100111010000100111010111100000110111110111100111010111110111100111010111110000010111100111100111110111100111110
111100000110111100111100000100000010000110111100111010000010000100111010111100111110111100000010111010111100111010000100000100000010000110111100111110111010000110111100111110000110111100000110
111100000110111100000110111100111110000010000100000100111010111110111010000100111100111110111010000010000100111100111100000100000100000100111100000100000100000010000100111100111100111100111010
111110000110111010111100111100111110111010111010111100111010111010111010111110111100111110111010111100000100111100111100000100111100000010111100111100111010111110111100111100111010000100000110
000100111110000100111010111100000100000010111110111100111100111010000100000100000100111100111100111100000100111010111010000010111100000110111010000100000010111110000010000100111010000010111100
111010000100111100111100000110111110111100111010111110111010111010000100000100111010111010111100111110111110000100000100111110111100000110111110000010111100000100111100111010111010000010111100
111010000110111100111010000100111010111010111100000100111010000100111110111110111110000100111110000110000110111010000100111110111100111010000100111100111100000100111110111110111110111100111110
000010111100111100111100111110111010111100111010111100000010000100111100000100111100111110111010111010111100111010111100111100111110111010111100111100111110111010111010111100111010000010000010
000100111110111110111010111110111100000100111100000110000010000100000010111010111110111010000100111010000100000100111100000010111100111100111100111100111100000010000100111100111010111100111100
000100111100111010111100111010111110111100000110111100111100000100111100111100111100000110111100000100000100111010111110000110111100111100000010000100111110111100111110111010111110111010000110
111100111100111110000100000100111100111010111110111100111110000110000110000100111010111100111100111100111010111100111100000010111010111100111010111110000010000010111100000010000100111100111100
111100111100111010111010111110111010111110111100000110111110111100000100111100111010111100000010000110000100111100111100111100000110111110111110111100000100000100111010000010111110111110000100
111110000100000100111010111110000100111100000010111100111100111100111110111100111010000110000110000100000100000100111100000100111010111100000010000100111110000100000010111100000100000010000010
111100111100111110111110111110111100111010111010111100111100111100000010111100111010111100111110111010111100000100111100111100111100111110111100111100000110111100111100000100111010111010111100
000100111100111100111110000100111100111100000100111110111010111100111100111100000100000110000110000110111100111100111010111110111010000100111100000110000110111100111010111100111010000100111100
111110111110111010111100111100000100111010111100111100111010111010111100111110111100000110111100000010111100111010111100111100111010000100000110000100111010111100111100000110111110000100111110
000010000100111010111100111100111110000100000100111100000010111100111010111100111100000110111100111110000100000010111100000010111110000100111100111010000010000100111110111100000010000100000010
111010000100000100111100000100111100111100111100111100111110000010000100000110000100111100111110000100111100000010111010111010000100111010111110000100000110111010111110111110000100000100111100
111100111010000100000100111100111010000010111100000010000100000100000100000110111110000110000010000100111100111010111100111110111010000010111100000100000100000100111100000110000100000100111010
111010111100000110111100111110000110000100000010111010111100111100111110111110000100111100111100111100111010111010111010111010000110111010111110111010000100111100000110111100111100000010000100
000100111100000110111110000100111100000110000100111100000010111100111010111110000100000100111100000100111010111100111100111110000010111100111110111010111100000100000010111100000100111110111110
000100000010111100000100000110111110111110111010111010111110111100000010111100111110111100000010000010000100000100000010000110000100000110111100111100000100111100111010000110000100111100000110
111100000110000100111010111010111110000110111110111100111110111110000110111100000100111100111100111010000100111100111100111110111100111100000100111010111010000110000010111010111100111010000100
000100000010000100000010111100111100000100000010000100111100111110111010000100111100000010000100000110111100111010111100000100000100000010111100111100111110111110000010111100000100111100111100
000010111100111100000110111100111110111110000100111100000100000010111110111100111010111100111100111110111110000100000010000010000010111100111010111010000100000100000010111100111110111010000010
111100000100000110000100000100000110111110111100111100000100111100000110111100000110000010111100000010111010111010000010000010111010000110111010111100111100000110111100111110111110000110111010
111100000100000010111110111110111100111110111010111100000010111110000110111110111010000010111100000110111010000100111100111100111100111110111100000100111010111100111100000100111010111010000110
111100111110111100000010111010111110111100111100000010111010111100000010111100000100111100111010111110000100000100111110111100111110111100111100111100111110111100111100111110111110111010000010
111100000100111100111010111100111010000010111110111100111100111100111010000110111010111100000010111100111100111100111110111100000100111010111010000010111010000010000100111010000100111100000100
111010111010000110111110111010111100111010111010111100000110111010000100111110000110111110111010111110111010111110000010111100111010000110111110000100000100000110111100111110000110111010000100
111100111110111110111100000100000100111010111100000100111110111110111100111100111100000010111110111010000100111010111100000100111010000100000100111010111110000100111100000110000100111100111110
111100000100111100111110000110111100111100111010111100111100000010000110000110111100000100111010111110000100000100111100111100111100111100000100111110111110111100111100000110000100111110111100
111110111100000100111110000100111110111100111100000010111010111100000100000100111010000010111100111100111100000100111110000010000100111010000100111100000100000100111010111010000010000100000110
111100000010000100111010000110111100111100111100000100111100111010111110111100000100111110111100111100111110111100000100111110111110000010111010000110111110000010111100000100111110111100111010
111100000110111110111010111110111010111110000100000110111110000100111100000100111010111100000100111110111100111010000010111010000110000010000100111100000110111100000100000100000010111010000100
000100000110000100111110111100111100000010000010000100000110000100111100111010111110111100111110111100111010000010000100111100111100111100111110111110000100111010111100111100000010000100111100
111110111110000100111110000010000100111110111100111110111100000010111100111010000100111100111110000100111110111100111100111010000010111010000110111010111110111010000100000100000100000100111100
111110000100111010111110111110111100111110000010111100111100000100000010111100111110000100111010111100111100000010111010111010000010000100000100111010000010111100000010111110111110111010111100
000010111010111010111110111110000100111100111100000010000100111100000100111100000100111100000010111010000010111100000010111100111100111100111100000100000100111100000010000100000100111010111100
000100000010000010111100111010111110111100111100000010111100111100111100000110000100111100000100111110111100000100111100111010111100000010000010000100111100111010111010000110111110111110111010
111100111010111010111100111010000100111100000110000110000100000100000100000100111010000100111100111110000100111010000110111110111010000100000100111100111010111010111100000010000110111010000100
111010000010000100000110111110111110000110111110111010111010111010111110000010111110111110111100111110111100000010111100000100111100111110111010000110000100111010000110000100000100111100111010
111010000100111010000010111010000100111100111100000010000110111010111010111100111010111100000110111100000100000100111010111110111100000100111010111010000010000100111010111010111110111100111110
000110111010111100111110111110111100111100000100111010000110000110111100111100111010111100111100111110000110111110000100111110000100111100111010111100111100111100000110111110111010111010111010
000100111100111110000110111110000100111100111100111110111010111100111110000010111100000010111100111100111010000100000100111010000010111110111100111110000100111010111100111110000110111110000010
000110111010000110111100111100111100111100111100111010111110111100000110111100000100111010111100111100111110000100000010111100000100111010000110111110000010000010000110000010111110000100111110
111010000110111110111100000100111110000010111100000110111110111110111010111100000100111100000100111100000100111010000010111110000110000100111100000010111110111110111100000100111110000010111100
000110000110111100000010111100111100111100111100111110111010111100111110111010111110111110111100111010000100000110111010111100000010111100000100111010000100000100000100000100000100111010000100
111010111110111010000010000100000100111100111100111100000010000100111100111010111100111010111100000100111100000010111100000100000100000010000100111100111100111100111010000100000110111100000010
111010111010111100111100111100000100111010000110000100000010000010111100000010111010000100000100111010111100111100111110000100111100000100000010000010000010111010111010111010111010000100111010
111110111100000110111010111110000100111010111010111100111100111100111010111010111100000010000100111110111100111010000010000100000100111100111010000100111010111010111100000100111100111100000100
000100111110111110111010111110000100111100111010000110111100111010000100111100000110111100111010000110000110111100111110111100111110111100111110111100000100111010000100111100000010111100000100
111100111010111110111110111110000100111100111010111010000110000100111110111010111110111110111100000100000110000010000010111110000010111100111100111100111110111110111100000100111110000110000100
000100111100111100000010111110111100111010000010111110111110000100111110111100111100111110111010000100111010111010000100111100000110111010000110111100111010111100111100000100111100000110111100
000100000100111010000100111010111010111110111100111100111010111110000100111110000100111010111100000100000100000010000100111010111100111010000110000100111100000110111110000010111100111100111100
000100111110111110111110111100000100111110111010000100111100000110111100111100111100000100111100000110111110000100111100111010000010000010000010000100111110111100111100111010000100000110111110
000100111010111010000010111100111100000100111100111110111100111100000100111110111100111100000100000010000100000010000100111100111100111100000100111100111010000010111010111110111010111100111010
000100111100111010000110111100111110111100111100000010000100000110111010111100111100000010000110111100000100111010111110000100111110000110000100111100000100000010000100111100111010111100111010
000110000100000010111110111010111110111010111100000110111100000010111110111100111010000010000100000110111100111010000110000010000100000110111110000110111100111010111010111100000100000110111010
000100111110111100111100111110111110111100111110111110111100000010111010111110111100111010111100111110000010111010000010111010111010000110000010000110000010111010000100111100111100000100111100
111100000100000100111110111100111110111010111100111100111110111010000100000100111100111110111010000100000100111010111010111010000110111100111100000100111110111010000110111100000010000010111100
111110111100111100000010111100111010000110000010000110111110000100111100111010111010111010000110000110111010111010000100111100111010111100000110111110111110111100000010111010000010000100111100
111100111100111010000010111010000100000100000010000100111110111100000010111100111100111100111010000010000100111110111100111100111110111100111100111100000100111100000100111010111100111010000010
000100111110111100111100111100000010000100111100111100000010000110111100111100111010000100000100000100000100111010111110111100000010111100000100111010111010111100000100000100000010111010111010
111010000110111100111010111100111110111100000010000110000010111100000110111010000010111100111100000110111110111100111100111100111010111010111100111110000100111100111100111010000110000010000010
111010000100000010111010111110111110111110000010111100111010000110111010111100111100000010000010111010111110000010111110000010111010111110111100111010000110000010111010111010111100000110111010
000110000100111100000100000110000110111100111010111100111100111100000110111100111100111100000100000100111100111100111100111010111110000100111110111010000010111100111100000100111100000100111110
111100000010111010111100111010000110111010111100000100111100111100000110111010111100111100111010111100111010111010111110000100000110000100111110000100000100111010000010000110111110111110111110
111010000010000110000100000110111100111100111100000110111010111100111110000110000010000010111010000100000100111010000100111010000100000100111010000010111100111100000010000100000100111010000110
111110111100000100111100000100111100000100000010000100111110111010111010111100111010111100111010111110111100000100000100000100000110000110000100111010000100000110000100111100111110111110111110
111110111110111110111100111010111100111010111010111110000100111100111100111100111100111100111100000100111010111100000010111100111110111100000100111110000100111110000110000110111100111100111010
111010111100111110111100111100000010111100111110111010000100111110111110111010000110111100111010000100000010111100111110111100111100000100111100111100111010000110111010111010000110000100111110
000110111010000100111100111110000100000010111110000100111010111110000010111010000110111010111010000100111100111010111100111100111110111100000010111100000100111010111100111100111010111100111010
111110111010111010000100111100111100111010111110111010000100111110000100000100000100000110111100111110111100111100111110111110111100000100000110111010111010111110000110000100111110111010000100
111100111100000110111100000110111100111110000110111100111110111100111010111110111100111010000010111100000110000110111100111010111100111100000100111010111010111010000100111010111100000010000100
111100111110111110000100000110111110111110111100000100111010111010111100000110111100000100111100000110111110111110111010111110111110111110111110111010111100000110111100000010000100111100111100
111010000010111100111010111110000100000100111100111110111110000110000010111100111010000100111100111110111100111110111100111010111100111100000100111110000100111010111110111100111100111110111010
111100111100111100111100111100111010111100111010111110111100111110111100111100000010111100111100111100000110111100000100111100000010000110111100000010000010111010111010000010000100111110000010
