111011111001000101111001000111111011111001111001000111111001000101111011000111111011000111111001111001111001111011111001111001111011111001111001000111000111000111111011111001000101111001111011
111001000101000111111011111011111011000101111011000101111001111001000111111001111011111011111011111001000101000101111001111011111011111001000111111011000101111001111001111001000111111001111011
111111111101000011111101000001000001000011000001111101000011000001111101111101111111000001111101111101111111000011111101111101111111111101111101111101111111000001000011000011111111111111000001
000101000101000111111011111011111011000111000101111011111001000101111011000111000101111011111011111001111001000101111011000101111011111001111011111011000101000111111001111011111001000101000101
111001000111111001111011000101111001000111111001000111111001111001111001000111111011000111111001000101111011111001111011111011111011111001000101000101000101111001111001111011111001111001111011
111001111001111011111001111011111001111011111001111001111001000101000101111011111011111001000101111001000101000111000101111001000111111011111001111011111011000101111011000111111001000111111011
000101111001000101111001111011111001111011111001000101000111111011000111000101000111000101111001111011000111111011111001000111111001000101111011111011111001111011111011111001111001000111111011
000111111001111011111011111011111011111011111011111001111011111001000111000111111001000101111001000111000101000111111011111001000111111011111001000111000111111001111001111001111011000111000101
000111000111111011111011000111111001111001111001111011000111000101111011000111111001000101000101000101111011000101000111111011111011111011111001111001000101000111111011111011111001000111111001
111011000111111001111011111011111001000111111011111011111001111011111001111011000101000111000111000101000111111001111001111001111011000101000111000111111011000101000111111011000101000101111011
111101111111111101111111111111000011111101111101000011000011000001111111111111111111000001111111000011111101000011111101000001111111111101111101111111000011111111111101000011111111000001111111
111011111001111001111011000101111011111011111011111001000101111001111001111011111001000111000111000111000101111011000111000111111001111001111001111001000101111001111011000101111001111011111001
111101111101111101111101000001111101111101111101111101111101111101111101111111111111111111111101000001000011111111000001111111000011111111111101000001111111111101111101000011111101111111111101
000001111111000011000011000001000001111101000001000011111101000001111111000001111111111101111111111111111101111101111111000011000011000011111101111111000011000011000011000001111111111101000011
111011111001111001000101000111111011000111000101000111000101111001111001111011111001111001111011000111000111111011000101111011000101000111111011111001111001000101111001000111111001111001000111
000001111101111111111111111101111101000001111101111101111101000011111101111111111111111101000001111111000001111101111101111101000001000001000011000011000001111101111111111111000001111101111111
111001000111000101000111111001111001111011000101111011111001111001111001000111000111000111111011000111111011111011111001111011000101000111111001111011111001111011111011000101111001000111111011
111011111011111001111011000101000111111011111011111001111001111001111011111011111001111011111001000111111001000101111001111001111001000111111011000111000111000101111001000101000111111001111001
111001111001111001111001000101111001111011111011111011111001000111111001000111111001000111000101000101111011000101111011111001111001111001111001111011111011111011000101111001000101111001000111
000001111111111101000001000011111111111101000011111111111101111111111101111101000001111101111111000001000001000001111111111101000011111101111101111101111101000001111101111111111111111111000011
000111000101000111000101111011111011111011111011111001000101111001000101000101000101111011000111000111111001111011111001000101000111111001111001000101111011111001111011111001000111111001111001
111001111011111011111001111001111001111001111001111001000101000111111011111001000101000111111011111001111001111001111001111001111001111001111011111001111011111011111001111001000101111001000111
000101000101111011111001111011111011111011000101000101111011111001111011111001111011111001111011000101111001111011000111111011111001111011000111000111111001111001000101111001111011111011000111
000001111101000011111101000001000011111101111101111111111111000001111111111101111101000011111101111101111101111101111101111111000001111111111101000011000011000011111111111101111111000011111101
111001111001111001111011000101111001111001111001111011111011000111000101111001111001111011111001000111000101111001111001000111000111111001111011000101111011111011111001111001000111111001000111
111101111111111111000001111101111111000011111101111111111101111101111101111111111111000001000001111111000011111101111111111101000001111111111101111101000001111101111111111101111101111101111111
111101000011111111000001111101111101111111111101000011111111111111111111111101111111000011111101000011111111000001111111111101111111000011000011111101111111111101000011111101000001000011111111
111101000001111111111111000011111111111101111101111101111101111111111111000011000001111101111111000001111111111101000001111111111101000011111111111111111111000001111101111111111111000011111101
111101000001111111000001000011000011111101000011000001111101000011111111111111111101111111111101000001111101111101000011111101111101000001000011111101000011111111111101111101111101111101000001
111011000101111011000111000111111011111001111001111001000101111011111011111001111011111001111001111011111001000101000111111011111001111001000111111001111001111001111001000101111011111001111001
111001000101111011111011111011111011111001111001111001111011111001000111000101111011111001111001111001000111000111111011111001111001000101111011000111000111111001111001000111000101111011111001
111011111011111011111011000111111011111011111001000111000101000101111001111011111011111001000111000111111011000101000101111001111011111001111011111011000111111011000111000111000111111001111001
111101111111111101111111111111111101000001000001111111111101000011111111000001111101000011111111111111111101111101000011000001111111111111000011111101000001111111111101111101111101111101111101
111101111111111101000001000001111101111111111101000001000001000011111101111111111101111111111111111101000001111111111101111101111111000011111111000011000001111101000001111101111101111111000001
000101111001111001000101000111000101111011000101111011111011111001000101111011000101000111111001111011000101111001000111000101111001111011111001000111111011000111111001111001000101111001111001
111111111101000011111101000001111101000011111111111111111111111101000011111101000011111101000001000011111101000001111111000001000011000001000001111111000011000001000001000011111111000001111111
111011111001111001111001000101000111111001111001111011111001000101111001000101000101111001000111111001111011000111000111000111111011111001111001111001000101111001111001000101111011111011000111
000101111011111001111001111001111011111001111011111011000111111011111011000101111001000101111001111011111001000111111001000101000111000111000101111001111001000101111001111011111011111011111001
000111000101111001111001111001000111111001000101000101000111111011111001111001111011000111111001111001111001111011111001111011000111111011111001111001000111000101000101111001111011000101111011
111011111001111001111011111001111011111001000111111001000101111001111011000111111011111001000111111001111011000111111001111011111011111001000101111001111001000101111011111011000101000101000111
111011111001000111111001111011000101000111000101000111111001111001111011000111111011111011111011111011111011111001000101111011000111111001111011111011111001111001111001111011111011111001111011
000111111001000111111011111011111001000101000111000111111001000101111011111001000101111001111001111001000101000101000111000101000101000111000101000111111001111011111001111001111001000111111001
111011000111111011111001000111000111000101111011111001000111111001000101111001111001111001111011111011111011111011111011000111000101000101000111111001000101111011111001000101000101000111111001
000001000011111111000001111101111101111101000011111111111111111101111101000011111111000011000011000001000001000011111101000001000011111111111111111111000001111101000011000001000011000001111111
111101000011000011111111000011111111111111000001111111111101000011000001000011111101111111111111000011111101111101111111111101000011111101111101111111111111000001111111111101000001111101111111
000001111101111101111101000011111101111101111111000001111101111111111111000011111111111101111101111101000001111111111101000001111101000001111111111111111101111101111101111101111111111101111111
000111000111000111111001111001000101111001111011111001111011111001000101000111111011111011000101111011000111000111111011111011000111000101111001111011000111111011111011111011111011111011111001
000011111101111111111101111111000001111111000011111111111111111101111101000011111101111111000001111101111101111111111101111111000001111101111101111101000001000001111101111111000011111101111111
000111111001111011000101111011000101000101111011111011000111000111111011111011111001000101111001111011111011000101111011111011111011111001000111000101111011111011111011111011111011111001111001
111011111011111001000111000111000111111001000101111001111001000101000101111011111001111011111001111011000111000111111001000101111011000101111011000101111001000111000111111011111011111001000101
111111000001000001000011111111000001111111111111111111111111111101111101111101111101111101111101111111000001111111111111111101111101111111111101111101111111111111111111111101111101111111111101
000101111001000101000111000101111001000101111001111011000111000101111001000111000101000111111011111001111001111001111001111011111001000101000111111011111011000111000111111011111011111001111001
000111000101111001111011111001111001111001111011111011111011111011111001111001111011111001111001111001111011000101111001111001000111000101000111000111111001000101000101000111000111111011000101
000111000101111001000111000111000101111011111001111001000101111001000111111011111001111001000101111011111001111001111001111011111001111011000101111011111011000111000101111011111001000101111001
000101000101111011000101111011111001111011000111000101111001000111000101111011000101111001000111111001000111111011111001000111111001000111000111000101111011111001111001111011111001111001111011
111101000001111111111101111111111111000011111111111101000011111101111111111101111111111101000001000001000011111101111101111111000001111101111111111101000011111111111111111101111101000001111111
111001000101000111000111111001111011111011111001000101000111000101111011000101000101000101111011111011111001000111000101000101000111111011111001000101000111000111000111111001111001111001000111
000101000111111001000101111001111011111001000101111011111001111001000101111001000101111001111001111001000101111011111001000101111001111001000111111011111001111001111001000111111011111011111001
111001000101111011111001111001111011111011111011000101111011111011111011111001111011111001000111111011111011000111111011000101111001000111000111000101111001111001000111111011111001111011000111
000001111111000001111111111111111101111111000011111101111111000001000011111111000001111111111101111101000011111101000001111111111111111101000011000011111101000001111101000001111101000011111111
111111111111111111000011000011000001000011000001000001111101111101000011111101111101111111000011000011000011111101000001111111111101000001111111000001000011111111000011111111111111111111111101
111011111001111011111011000111000101111011000101111001000101111011111011111001111001111001111011000101111001000111111011111001111011000111111001111011111011111001111011111001000111111001111011
000001000011111101111111111101111111111101000011111111000001111101000001111101000011000011000001111111000001000011111111111101111101111101000001111111000001000011000001111101111111111111000001
000011111101111111000011111101111111111101000001000001111111111111111101111101111101111111000001111111000011111111111101000001111111111111000011111111000001111101111101000011000011111101111111
111101111101111111000001000001000011111111111101111111111101111101111111111111000001111101111101000011111101111111111111111111111101111111000001000001111101111101111101111101111101000011000011
000001000011111101111111111111000011111111111111000011000011111111111101000001111101111111111101000011000001111101111101000001000011111101111111111101111111111101111111111101111101000001111111
000101111001111011000111111001111001000101111001000101111011111001000111000101000111111001111011000111000111000111111011111011111001111001111001111001111011111001000101111001111011111011000111
111011111001111011000101000111111011111011000111111011111001000101000101111001111011111011111001000101111011000101000101111001111011000101111011111001111001111011111001000111000101111001000101
000111111011111001111001111011111001000111111011000101111011111011111011000101111001111011111001000101111011111001111001111001111001111001111001111011000101111001111001111011000111000101111001
111011111011111001111001000111000101111011000111111011111011111011111001111011111001111001000111111011111011111001111001111001111001000111111001111011111011000101111011000111000101111011111001
111111111101000011000001000001000011000001000001000001000011000001000001111101000011000011111101000011111101000001111111111101111111000011111111000001000001111111111111000001111101000011111111
111111000011111111111101000011111101111101111101000011111111000011000011000011111101111101111111000011000001111111111111111111000001000011000001111101111101111101111101111111000011111111000001
111001111011000111000101111011111011000111000101111001111011000111111001000101111011000101111011111011111011000101111001111001111001111001111011111011000101111011000101000111000101111011111011
111111111111000011111101111101111111111111111111000011111111111101111111111111000001000001000011000011111101111111111111111111000011000011111111111111111111000011111101111101111111111101111101
000011111101111101111101111101000011111111000001111111111111111111000011000011111111111101000011000011000001000011111101000011000001111101000001111101111101111111000011111111000011111101000011
111001111001111001111011111001111001000111000101111001111011111011000111111011000101000111000111111011111011111001111011111011000101000101111001111011000101111001000111000101111011000101111011
000011111101111101000011000011111111000001111101000001000001000011000001000011000011111111111101000011111111000001000001111111111101111111111111111101111101111101000001111101111111111111000011
111001000101111011111011111011000101111001000101111001000101111011111001111011111001000111000111111001000111000111111001111001000101111011000101111001111001000101000111000101111001111011000101
000011111101111101111101000001111111111101111101111111111101111111000011111101111111000011000011000001111111111111000001111101000001111111111101111101111111111111000011111101111111111111111101
000011000011000001111101000011111111111101111101000011111111000011111101111101111101111111111111111101111111000001111111111111111101111111111111111111000011111111111111000011000001111111000001
111101000001111111111111111101111101000001000001000001111111111111000011111101111101000001111111000011000011000011111111111101111111111101000011111101111111000011111101111101000011000001111101
000001000001111101000011111101000011111111111111111101111101000011000001111111111111111111000001000001111101111101111101000001111111000001111101000001000011111101111111111101000011000001000011
111011111011000111111011111011000111000111000101111001111011111001111011111001000111111011111011111001000111000111000101000111000111000101111011111001000101111011000101111011000101000101000101
000001111101111111111111111111111111111111111111111101000001000011111111000001000011111111111111000001000001000001111111000011111101111111111101000011111101111111000001111101000001111111000011
111011111011000111111001000101111011111011111001000111000111111001111001111001111011111001000111000111000101111001000101111011111001000101111011111001111001000111000111000111111011000101000111
111011111001111001111001111011111001111001111001111011111001111011111011111011111011000111111011111001111011111001000101111011111001000111111011111011111011111011000111000111000101111011111011
111011111011111011111011000111000101111011000111111001000101111011000101111001111001000101111001000111111011111011111001111011000101000101111011111001000101000111111001111011000101111011111001
000111000101000111111001111011111011111001000101000101111011111001000111000101111001111011111001000111111011000101000111111001111011111011000111111011111011000101111001111001000111111011000111
111101111111111101111101111111111111111101000001111101111101000001111111111111000011000011111101000011111101111101000011111101000011000001111111111111111111000011000011000011111111111101111101
000001111111111101000001111101111111000001000001000011111111000011000001000001111111111101111101111101111101000001111111111101111101111101111101111101000001111101000011111101000011111111000011
000101111011111011111001111001000101111011111001111001111001111001111011111001111001000101111011111001111011000111000111000111000101000111111001111001111001111001111011111001111011111011111011
000111111011000111000111111011111001111011000111000111000111111001111001111011000101111001111011000101111011000101000101000101000101000101111001000101000111111011111011111011000111111011111001
111111111111000011111111000011111111111111111111111101111111000001111111111101111101111111111101111101000011111101111101111101111111000011111111000001000001111101111101111111000001000011111101
111111000001111101111101000011000001111101000001111111111101000001111111000011111101111101111101111111111111111101111111111101111111111111111101000001111101000011111111111101111111000001111111
000001111101000011111111111111111111111111000011111111000011111111000011000001111111000011000001111101111101111101111101111111111101111111111111111101000001111111111101000001111101000011111101
111111111101111101111101111111111111111101000001111101000011111101111101111111111101111111111111111101111101111101111101111101111101000001000011000011000011000011111111111101000011111101000011
000011111101111111000001111101000011000011111101111101111111111111111111111101111111111101111101111101111111111101111111111111111101000001000001000001111101111101111111111111111111111111111101
111111111111111111000001000011000011000001000001000001000001111101111111000001111111000011000011000011111101111111111101111101000001111111000011111101111101000011000001111111111111111111111101
000101000111111011111001111011111001000111111011000111000101111001111011111011111001111011111011111011111001111001111001000101000101111001111001111011111011111001111001111001000101111001111011
000011111101000011000001111101111111111111111101111111000011111111111101111101111101111111111111111101000001111101000011111101000011111111000011000011111101000011000001111111000011111111000011
111111111101111111111111000011111111000001111111111101111101111111000011000011111101000011000011111101000011000001111111000001000011000011111111111101111111000011111111111101111101000011111101
111101000001000011111101111111000011111111000001111101000001111101111111111101000001111111111111000001000001111111000011111101000001111101000011000011111101000001000001111101111111000001111111
000011111101111111111111111111111111000011111101000011111101000011111111111111111111111111000011111101111101111101111111000011000011000011000011111111111101000001000001000011000001111101111111
111101000001111101111111000001111101000011111101000001111111111101000011111111111111111101000011000011111101111101111111111101111111000001111111111101000001111111000001000001111111111111111101
111101111101111111000001000001111101111111111111000001111111000011111101111101111101111111000011000011111111000011111101111101000011000011000001111101111101111101000001000001111101000011111111
111011000111111001111001111011111001111001111001111001000111111011000111111011000101000101111001111011111001111011000111111001111011111011000101111011000101111001111011111011111011111001111011
111101111111111101000011000011000001111111111101111101111111111101111101111111111101111111000011111101111101111101000011111111000001111111111101111101000001000001111100000011000001111111000001
111101000001000011111101111111000011000011111111111101000011111101111111000001111101111111111111111111111111111101000011111101000011000001111101000001111101000011111100000001111101000011111101
111101000011111111111111111101000011111111111101000011111111111101111101000001000011111111000011000011111111111101111101111111111101000011111101111111111111000011000000111101111101000011111111
000011111111111101111111111111000011000011000001000001111111000001000011000011000011111111111101111101111111000011111101111101000001111111111101000011111111000011111100000011000001111101111101
000101111001111011000111111001111011111011111011111001000111000101111011111001000111000111111011111011000101111011111011111011111001111011000111111001000111111011111000111011111011000111111001
000111111011000111111011111011111011111001000101111011111001000111000101111011111001000101000101111001000111111011111011111011111011000111111011000111111001111001111000000101000101111001111011
111011000101111011000111111011000101000111000111111001111001000111111001111001111001111011111001111011111001111001000101000111000111111001000101111001111011111011111000111011000101111001000101
000011111101000001000001111111111111111111000011111111111111000011000011111111111101000011000001111101111101111111000001111111111101000001000001000001111101111111111100111101111111000011111111
000101111001111001111011111011111011000101111011111011111001111001111001111011000101111011000101111011111001111001111011111011000111111001000101111001111001111011111000000101000101000111000111
111111000011111111111111111111111101111101000011000011111101111111000011111101111101111111111101111101111101000011111111000011111101111101111101000001000001111101000100111101000011000001111101
111111111111111101000011111111111101111101000001111101111111111111000011000001111111000001111111111111000001000001000011000001111111111101111111111111000001111111000000111101111111000001111101
111111000011111101111111111111111111111101111111000001000001111101111111111111000011000001111111111111111111111111111101111101000001111111111111111101111111111101111100000001111101111101111101
111001111011111001111001111001111001000111111011000101111001111001111001111001111011111001000101111001000111000111111001000111111001111011000111000111000111000111111100111011111011111001111011
000101111001000101111011111011111011000101111011000111111001111001111001111001000111111011000101000101111011111011000111000111111001000101000111111011111001000101000100111011000111000101000111
111101111111111101111101111111111111111101111101111111111101000001111111111101111101111111000001111101111111000001111111000011111111111111000001000011111101111111111100111111111111000011111101
111011000111111011111001111001111001111011000101111001111001000111000101000101000101111011111011111001111001111011111011111011000111000101000101111011111011000101111100111001111011000111000101
000111000101111011111011111011000111111001111001000111000111111001000101111001000101111011111011111011000101000101111011000101000111000111000111111001111011111011111000000111000111111011000111
111101000011111111111111111111111111111111111101111111111111111101111101111111111101111111111101111101111111111101000011111111000011111101111111111111000001111101111100111101111101111101000011
111111000011000001111111111111000011000001111111000011111101111101111111111111111111111101111101111111111101111101111111111111111111111111000001111101111101111111000100111111111111111111111111
111001000111111001111001000111111001111001111011000111111001111011000101111001111001111001000101111001111001111011111011000111111011111011111011000101111001111001111100111001111001111011000101
111111000001000011111111111111111111111111111101000011000001111111111101111101111101111101111101111101111101111101111111111111111111111101111111111111000001111111111100111101000011000001111101
111011111001111001000111111011111011111001111011111001111011000101000111000111000101000101111011111011111011000111000111000111111001111001111001000111000101111011111000111001111011111011000111
111011111001111001111001111001111011111011000101111011111001111001111011111001111001111011000101111011111011111011111011111001111001111001111011111011111001000101001000000101000111111001111001
000101111011000111111001111011111011111001111011111001000111111011111011000101000101000111111011000111111001000111000111111011111011111001111001111001111001111011111100111001000101000101000111
000001000001111101111111000001111101111101111111111101111101111111000001111101111101111101111101111101000011111111111111000011111101111111000011111101111101111111111100111101111111111101111101
000111111011111001111001111001111001000111111001111001000101111001111011111001111011111001111001000101111001111001000101111011000101000111111011000111000111111001111100111011000111111011111011
111011000111111001111001111011111011111011111001000111000111111001111011000111111011000111000101000101111011000111000111111011111011000111111001111001000111000101000100000111111011111011111001
000111111001000101000111111001111011111011111001111001000111111011111011000101000111111001111001111001111011111011000101111001111001000101111011111001111001111001111100111011000111000111111011
111011111001000111111001111001111001111011000111111011000101000101111011000101111001000101111011111011000101000101111011000111111001000111000101000101111011111001111100111011111011000111000101
111111000001111111111111111101111111000001111111111101111111111101111111000001000001111101111111000001111101111101111101111101111111111111000011000001000011000011111100111111111111111111111101
111011000111111011000111111011111011000111111011111011111011111001111001111011111011111011111001111001000111111011000101111001111001000101111011111011000111111001111000111011000111111011111001
000001000001111111111111111111111101111101111101111111000001000011000011111111111101000001000011000001000011000011000011111111000011111101111111111111000011111101000100111101111101111101000001
000001000001111111000001111101111101000011111111000011000001000001000011111111111101111111000001111101111101111111000001111111000011000001111101111101111111111111000000111101111101111101000001
111000000101000101000101111001111001111011000101111011000111000101111011111011000111111011111011000111111011000111000101000111111011111001111001111001111001111011000100111011000111111001000111
111000111001111001111011111001111011111011111011111011111001000101111011111011000111000111111011111001000111111011111011111001111011111011111001111011111001000111111000000111111001111011111011
000000000011111111000001111101111111111101111101111101000001111101111111000001000001000001111111111111000001000011111101000011111111111101000011111101111111111101000000111111111101000011000011
000100111111111101000011000001000011111111111101111101111101111111111101111101000011111111111101111111000001000001000011111101111111000011111111111101111101111111111100111101111101111101111101
111100111101111111000011000001111101111101111101000011111111000001000001000011111101111101000001111101000011111101000011111111111111000001111101000001111101111101111100111111111111000011000011
111100111111000001111111000011000011000011111101000001111101111101000011111101111101000001111101111101000001111101000011111101111101111111111101111111000001111111000100000011000001111111111101
000100000001000001111101000011000011111111111101000001000011111101000011111111111111111111000001000011000011111111000001111101000001111101111101111111000001000001111100111101111111000001000011
001000111001111011111011111001111001111001111001000101111011000111000101111001111001000111000101000111111011000111111011000101111011000101000101111001111001111001111000111011111001000111111011
001000000111111001000101111001111011111001111011111001111011111001111011000111000111111001111001111011111011000111111011111001000101000101000111111011111011111000111001000111111011111001111001
111100111111000011000011111101111111111111111101000011000011111111000011111111111101000011111111111101111111000001111111000011111111000001111111111111111111111100111111111101000011000001111111
000000000011000011000011111101111101111111111111000001111111111111000001111101000011111101111101111101000001000001111100111111000011111101111111111111111111000000000001000011000011111101000011
111100111111111101111101111101000011000001111111111101000011111101000001111101111111111111111111111111000001111111111100111111111101111111111101000001111101000000111101111111111101000011000001
000000000011111101111111111101000011111101111111111101111101000001111101111101111111000001000001111111000001000011000000111111111111111101000011111101111101000000111111111101000001111111111111
000100111011111001000101111001111011000101111011111011111011000101111011111011111011111001111011000101111011111001111000111011111011000111111011111011111001111000111001000111000111111011111001
111100111111111111000001000011111101111101111111111101111111111101111111000001111101111101000001111101111111000011111100000011000001000011111101000001111111000000111101000001111111111101111101
000100000101111001111011111011111001000111000101000101000101111001000111000111111011111011111001111001111011111001001000111011111011111011111011111011000101111000111001111001000111111011000101
111000000101111001111011111011000101111011000101111011111011000111111011000111111001111011111011000101111011000101111000111001111001000101000111111011000101001000000111111011111011111011111001
111000000101111011000101000101000111000101111001000101000101000111000101111011111011000111000101111011000101111011111000111001000101111011111011111011000101111100111001111001000111111001000111
111000111001111001111011111001111001000101000101111001000111111011111011111011111001111011111001111011111000111011001000000101000101000101000111000101111011001000111001111001000111000101111001
000000000001111111111111000011111111000011000001111111111111000011000001111111111101000001111101111101000100000001111100111101000001000001111101000011111101000100000001000001000001111111111111
000100111111111111111101000011111101111111111101111101111101111101111101000011111111000001111101111101000000111101000000111111111101000001000011111101000001000100111111000001000001000001111101
111100111111111101000011111101000001111101111101111101000011000011111111000011111101111111111101000011111100000001000100111111111101111101111101111101000001111100000001111101111101111111000011
001000111001111001111001000111111001000101111001000101000111000101111001111001111011111001111001000111111000111001000100111001111011000111111011111011111001111100111011000111111011111001111001
000000111101111101111101111111111111111111000001000001111101000001111111111111111101000001000001111111000100000011000000000001111101111111000011000011111101000100111111000011111111111111111111
111000000101111011111001000101000101000101111001111011000111111001000111001000111001111001111001111001001000111001001000000111111011111001111011111011111001111000000101000111000101000111111001
111100111001000101111011111001000111000101111011000101111001000101000111111000000111111001111011000101001000111011111100111001111001000111000111111001111001111000000111000101000101111011111011
111100111011111011111001111011111001111001111011111001111001111001000101111100000101000111111001111001111000111011111000000111111011111001000101111011000101000100000101111011000101111001000111
000000111101111111000011111111111111111101111111000001000001000011000001000100111111111101000011111111000100111111111100111101000011111111111111111101111101000000000011111101000001111111111111
000000000011000001111101000001000001111111000011000011000011111101111101000100111101111111111111111111000000111111111100111101111101000011111111000011111111111100000001111111111101000011000011
111100000011000100000011111101000001111111111111000001000011000011111101111100000001111101000011000011000100111101000000111111111101111111111111111111111111000000111111111111000011111101111101
111100111101000100111101000011111111111101111111111111111111111111111101000100000001111101111101111111000000111101111100111101111111000011111101111101111101000000111111111111111101000001111111
111000111011000100000101000111111011000101111001111001111001111011111011001000111001000101000101000111111100111001111000000101000111000111000101111011111011111100000101000101000111111011000111
000000111111000100111101111101000001000011111111000001000001111111000001000100111111111101000011000001000100111101000100000011111101111101111111111111000011000000000001111101000001111111111101
111100111001111000000111000111111001111011111011000111111001111001000111111000111011111001111001111001000100111001111100111011111011111011000101111001000111111000111001111011000101111001111011
001000111001111000111011000101111001000101111001111001111001111011111001111100111001000111111001000111111000111011111000111001000111111001000111000111111001111000000101000111111001111001111011
111100000111001000111011111001000111111011111001111001000101111011111011111000000101000101111001111011111000111001111100111001111001111011111011000101111011111000111001111011111011000111111011
111000000101111000111001111011000111111011000111111011111011111011111011111100111011111001111001000111111000000111111100000111111011111001111001000101111001001000000101111011111001111001000101
001000000101111000111011111001000101000101111011111011111011111011111001000100111001111011000111111001000100111011000100111001000101000111000111000111111011111100000111000101111011000111000101
001000000111111000000111111011000101111001000101111001111001111011111011111000111001111011111001000101111000000111000100000111111001000111111001000101111011111100000111111011111011111011111001
111100000011000000000001111111111101000011111111111111111111111101000001000000111111111101111111111101111100111101000100000011000011111111000011000011000011111100111111000001111101111111111101
111000111011111000111001111011111011000101111011000111111001000111111001001000000101000101111011111001111000111011111000111011111011000101000111111011000111000100111011111011111001000111000101
111100111101000000111101111101111101111101111101111101111111111111000011111100000011000001111101000011000000111101000100000011111111111111111111000001000011000000111101111100111101111111000001
001000111011000100111011000111111001111001000111111011000101000101111011001000111001111011111011111011001000000111000100111011111011000101111001111001000101111000000111111000000101111011111011
000000111111111100111101000001000001111101111101111101111111111101000011000000111111111111111111111111000000000001000000111101111111111111111111111101111101000000111101000000111101111101111101
000100111001111100111011000111111001111001000111111011111001111011000111001000111001000111111011111011111100111001001000111001000111111001000111111001000111001000000111111000111001000101000101
000000111101000100000001111111111101111111000001111101111101000011000011111100000001000011000001000011000000111101000000111101111101000001111101111101111101000000111101111100000011111101111111
001000111011111000000101111011111001000101111001111001000101111001111001111000000111111001111001111001111100000111001000111001111011111011111011111011111001111100000111001000000111000101000111
111100111011111000000101000101000101111011111001000101000111111001000101111100111011111001000111111011111000111011111000000101000111000101111011111011111001000100111001111000000101111001111001
111100111111000000111101111111111101000001000011111101111101000001000011111100000001111101111101000001000100111111111100111111111111111101111101111101111101000000000011111100111111111101000011
111100000001000100111111111101111111111101111111111111111101000011000001000000000001111111111111111111111100111101111100111101111101111111111111111111000011111100111111111100000011111111111111
000000000001111100000001000001111101000001111111111111000011000001111111000000000011000001111101111111000000111111000100000011000011111111111101000001111111000000000001111100111101111101000011
111100111101111100111101000011111111000011111111111101111111000011000001000000111111111101000011111101000000111101000100000011000001111101000001111101111101000100000011000000111111000001111101
000100111101000000111101000011111101111111000001111101111101111101111101000000111111111111000011000011000100000011111100111101000011000001000001000001000011111100111101000100000011111101111101
000100111101111100111111000001111101111111111101111101111111111111000001111100111111111101111111000011000000000001000000111101000001111111111111000001111101000100111101000000111101111111111111
000100000011000000111101000001111111111111000001000001000011111101111101000100111101111111111111111111111100000001000000000011111111000001111111111101000001000100000001000000000001111111111111
000100111011111100111011111001000111111011111011111011000101000101111011111000000101111001000101000101111000111001111100111011000101000101111001111001111011000100000111001000111011111001111001
000100000011000000000001111111111101000011000001111101111111000001111111000000111101111111111111111101111100111111111100000001111101000011111100111101111101000000000011000000000001111101111111
000100111101000000111101111111000001111101111101000001111111111101000001000000111101000011000011000001111100111101000000111101000001111111000100111101111111111100111101000100111111111101000011
001000000111111000000101000111000101111011111001111011000101000111000101111000111011111001111001000101111000000101111000111001111011111011111100111001111001111000000101001000111001111001111011
000000000011111100111111000011111101111111111101000011111111111111111111000000111111111101111111111101000100000011111100000001000011000011111100111111111111000000000001111100111101111101111111
111100000101111000000101000111111001111001000101111011000101000111111000001000000111111011111011000111111000000111111100111011000111111011001000000101000101000100111001111100000101111011111011
111000111011111100111011000101111001111001111001000111111011111001001000001000111011000101111001111011000100111001111000111001111001000111111000111001000101111100111001111000111011000101000111
000000111101000000000001000011000011000011111111000001111111111101000000111100000011000001000011111111000000000011111100111111111111000011111100111101111111000000111101111100111111000001111101
111100111011111000111011111001000111111001111001111001000101111001111000001000111001111001111001111001000100000101111000000111111001111011111000111001000111111100111011111000111001000111111001
111100111011000100111001111011111011111011111011111001111011111011111000001000000101111011111011111011001000111001111000000101111011111001111000000101000111000100111011111100000101000111111001
000100000111111000111001111011111011111011111001000101111011111011001000111000111001000111111001111011111100111011111100000101000101111001001000111001111001111000111001111000111011000101000111
111000111011111000000111111011111011000101111011111011111000111011001000111000111011000101000111111001111000111011001000000111000101000101111100000101000101000100111001111100111001111001111011
111000000111111000000101000111000111111001000111111011111000000111001000000100111001111001111011000101001000111001111000111001000111000101111000111011000111000100111001111100111011111001111011
111100111101111100000001111111111111000011111111000001000000111111111100000000000001111101000011111101000000000011111100000001000001000001000000000011000011000000000001000000111101000011111101
111000000101111000111011000101000101111011111011111001111000111001111000000100111011111001111011111001111000000101000100000111000111111011111100000111000101000100111011111100000101111011111001
000000000011111100111101111101111111111111000001111111111100111111000000000100000011111101111111111111111100000000111111111101000001111111111100111111111111000000111101000100111101000011111111
000100111011111000000101111011000101000111111001000101111000111001111000000100111011000101111001000101111000001000000111000111111001111001000100111001000111111100000101001000111001000111111001
111100111111000000111111111101111101111111000001111101000100000001000000111100111111111111000011000001000100000000111111111101000011111101111100111111111101111100111111000100000001111111111111
000000000001000000000011000011000001111101111101111101111100111101000000111100111111000001111111000011000000000000000001111101111101000001111100000001111111000000000011000000000011111101111101
000000000001000000111101111101000001000011000011111101000100000001111100000000000001111101000001111111111100000000000011111111000011111101111100111111000001000000111111000000111111000011111101
111000000101111000111011000111111011111011111011000111111000111001111100001000000101111011111001000111001000111100111001111001000101000101111100111011111011000100111001111000111011111011111001
111100000101111100000101111001111001111011111011111001000100111011111000111000111001111001111001111001111000001000000111111011111001111011111000111001111001000100111001000100000111111011111001
000100111111000100111101000011111111111101000001000001000100111101111100111100000001111111000001111111000000000100111101000011111101111101111100000011111111111100111101000100111101111111111101
111100000111001000111001111011111001111001000111000101111100000111111000111000000111111001111001000111000100111000111011111001000101111001001000111011111001111000111011111000000101111011000101
000000111111000000000001111111000011000001111100111111000000111101000000000000000011111111000001111111111100111100000011111101000011111111000000111111000011111100111111111100111101000011111111
000100000101001000111001111011111001111011111000111001001000111001001000001000111011000111000111111011000100000100111011111001111011111011111000000111111011111100000111111000111001111011111011
000100000111111000111011111011111001000111000100000111111100111011111000111000000101111011000101111001000100111100000101111011111001000111111100111001111011111000111001111000000101000101111011
111100111111000100111101000001111101111101000100000011111100111101111100111100111101111111111101111101000000000100111111000001000011000011000000000001000001000000000001111100111101000011111101
111100111011001000000111000111111011111011111000111001111000000101111100111100000111111011000101111011000100111100000111000111111001111001111100111011111011111100000101001000000111111011111000
111000111011111100111011111011111001000111111000111001111000000101001000111100000101000111000111111011001000000100111001000101111011000111000100000111001000111100111001000100111011111011111000
111000111001001000111001111001000101111001111000111011111100000101111100111000111001111001000111111011111000111000000101000111000111111001001000111001001000001000111001111100000101111001000100
111100111101000100111111111111111101111111111100111101000100000001000000000000000001111111111111111111111100000000111111111111111111111101111100000001000000000100111101000000000001111111000100
001000111001111000000101111001111011000111111000111001001000000111111100111100111001111001111001000111111000001000111011000101000101111011111000111011001000111100111001111000111001111001111000
111100000101111100000111000101111001111011111000111001111000000111111100111100000111111001111011000111111100111100000101111011000101111011000100000111001000001000111011111100111011111011111000
000000000001000000000011111101111101111101000000111101000000111101111100000000111111111101111101111101000000000000000011111100111111111101000000111111111100111100111101111100111111111101111100
111000000111111000111011111001111001111011111000111011111000111000111001001000000111111001000101111011111000000100111001111000111001111001111000111001111000111100111001111000000101000111001000
111100111111000000111101000011111111111101000000111101000000000100111101111100000001000001000011000011000000000000000011000000111111111111000000111111000100000000000001000000111111000011111100
111100111001000100111001111001000111111001000100000111111100000100000101001000111011111001111001111011000100001000000101001000000111000111111000111001001000111000111001111000111011111011111000
000000111101000000111111000001111111111111000100111111000000000000111101111100000011111111000011111101111100000000000011111100000011000011000100111111111100000000111101000100111111111101000000
000000000011000000111101111111111111000011000000111101000000111100111111000000111101111101111101111101000000111100111111111100111101000011111100000011000000111100111111111100111101111111111100
000000111111000100111101111101000001111101000100111111000100000000000001000000111111111111111101111111000100111100111101000100111111000001000100111111000100000100000011111100111111111101000000
111100000101001000111011111011000101111001111000111011111000001000000101001000000111000101000111111011111100111000000111111000000111111011111000111011111100111000111011111100111001111001000100
000000000001111100000001111101000001111101111100000001000100111100111111000000111101111101111101111111000000000100111101111100111111111101000100111101000000000000000011111100111101000011000100
001000000101111000111001111001111000111011000100000111111100111000111001000100111011111001111011000111000100111100111011111000000101000101001000111001111000111000111001001000111001000101111100
000000000011000000111101111101111100111101111100000001000000111100111111111100111101000011111101000000000011000000111111000000111101000001000000111111000000000100111111111100111111000001111100
111100111001111100111001111001000100111011111000111011111000111000000111000100111001111001000101111000111001001000111011001000111001000111111100111001111000111000111001000100111001111011111000
000100000101001000111011111011111000000111001000111011111100001000111001111000111011111001111011000100000101001000000111111100111001000111111100111001001000111000000111111100000101000111001000
111100111011111100000101111001111000111001111100111001111000111000000101111100111001111001111001001000000111111100111001000100111001000111111000111011111000000100111001111000111001111001000100
000000000011000000111111111111111100111101111100111111000100000000111111000000000011111111111111111100111101000000111111111100111111111111000000000001000000111100111101000000111101111111111100
111100000101111000111001000111111000111001111100111011001000000100000111111100000111111001111011001000111011111100000111111100111001111001001000111011111000111100111011000100000101111001001000
000100000011000000111111000001111100111111000000111101000100000000111111000000111111111101111101000100111101000000111111111100111111111101111100000011111100000000000001000000111101111101000100
000000111101111100111111111101111100111101000000111111111100111100000001111100111111111101111111000000111111000000111111111100111101111111000000000011111100111100111111000000111101111101000000
000000000011000000000001111101111100111111000000000001111100000000000001000000111101111111000011000000111111000000111101111100000011111111000100111101000000000100111101111100111101111101000100
000100000101111100111011111001000100111001111000111001001000001000111001111000111011111001000101111000111001111000111001111100000111111001001000111011111000111100111011001000111001000111111100
000000000001000000000011000011111100111101111100111111000000000100000001111100000011000001111111000100111111000000000001000100111101000001000100111101000000000000111111111100000011000001000000
111100111111000000111111111111000000111101111100111101000000000000111101111100111101111111000001000000111101000000000001111100111111111101000100000001000000000000111111000100111111111101000000
111100111101111100111111111111000000000001000000111111000000000100111111000100111101000011000001000000111111000000000011111100111101000001000000000011000000000000111101000000000011111101000000
000100111101000000000011111111111100000000111101111101111100111100111101000000111111111101111101000000111101000000111111000000000001111101111100111101000000000000000001000000111111000011111100
000000000001111100000001111111000000111100111101000001000000111100111111000000111101111111111100000000111111000000000001000100000011000001000100111101111100111100111111000100000001111101111100
111000111011111000000111111001111000000100111001000101001000001000111001111000000111111001111000111100000101000100111011111100111011111011001000000111001000111000111001111100000101111001111000
000000111111111100111111000011000100111100111111000011111100000000111111111100111111000001000000000000000011111100111111000000000001111101000000000011000100000000000001000000000011111101000000
000000000011111100000001111101111100111100111111000011000000000100111101000000111111000001111100111100000001000000111111000000111101111101000000000011000000000000000001000100000011111111000000
000100111001111100111011000111111100111000111011000111001000111000111001000100000111111011111000111100111011111100111001111100111011000101111000000111000100111100111001111100111001000111111000
111000111001000100111001111011111000111000000111111011111000111000111001000100000111111011001000111100000111111100111011111000111001111001000100000111111000111100111001001000000101111001111100
111000111001111000111011111001111000001000000111000101001000000100000101111100111011111011111000000100000101000100000101111000000111111001000100111011000100111000000111111100111011000111001000
000000111111000100111101000001111100000100000011111101111100000000111111000000000011000100111100000000000001111100111101111100000001111101000000000001000100000000000011000000111101111111111100
001000000111111100000111111001000100001000111001111001000100111000000111000100111001111000001000000100111001111000111001000100111011000101111100000101111000111000111011111100111011000101111000
001000000101111100111001111011111000111100000101111001001000111100111001111000111001000100001000000100111011111000111011111100111001111001111000000101001000001000111011111100111011000111001000
000000111101000000000011000011000000000000111111111101111100000000111101000000111101111100000000111100000011000000111101000100111101111101111100111101111100111100111111111100111111111111111100
000000000011000000111101111111000000000000111111111101111100000000000001000000111111000100000100000000111101111100111111000000111101000001111100111111111100111100111101000000111111000001111100
001000000101000100111001111011111100111000111011111001111100111100111011111100000111111000111100111100111011000100111001001000000111111001111000111011111000000100111011001000111011000101111000
000000000001000000111111111111000000000000000011111111000000111100000001000000000011000100000000000000000001000000111111000100111111000011000000000011000100000000000001000100000001000001000000
111000000111111000111001000111111000001000000101111011001000001000111011111100000101001000111000111100111011111100000101111000111011111001000100000111000100000100111001111000111001000101111100
111100111101000000111101000001111100111100000011111111000000111100000011000000111111000100000000111100000001000100111111111100111111111111111100000000000001111100111111111100000001111101000000
111000111011111100111001111001111000111100111011111001111100111000111011111000111001001000111000111000000111111000111011111000111011111001111100111100000101111100111011000100111001111001111000
000000111101000000000001111101000000000100111111111111000000000000111101000000000001000000111100111100111111000000111111000100111101111111000000111100000011000100111101000000111101111111000000
111000111001111100111001111011111100111000000101000111000100000100000111000100111011001000001000111100111001111000111001001000000101111011111000111100111001001000111011111000000111111001111000
001000111001111100000111111001001000111000000111111011111000001000000101000100111001111100111100111000000111001000111001000100000111111001111100001000000111001000111001111000000111111011001000
111000111011000100000101111011111100111000111001111001111000111100000111000100111001111100001000111100111011111100111011111100000111000111001000001000000101000100000111111100111001111011111100
111100000001111100111111111111000100000000000011111101111100000000111111111100111101111100111100000000000011000000111111000000000001111101000000000000111111000000000011000000111101111111111100
000000111101000000000001000100111100111100111101000001111100111100000011111100000001000000111100000000111101111100000011111100000001000001000000111100111101000000111111000000111101000001000100
000100111101000000111101111100000100111100111101000011000000000000000001111100111101000100000000111100000001000000000011000000111101111111000000000100111111000000111111000000111111111101111100
000100000101111100111011000100111000111000000101111011111100111000111001111100111011111000111000001000111011001000111001111000111011000111111100111000000111001000111011111100111001000101111000
000000111101000000111101111100000100000000000001111111111100000000000011111100111101000100000000000000111101111100000001000100111101000001111100000100000001000000000011000000111111111101000000
000100111101000100111111000100111100000000000011000011000000000000111111000000111111000000000000111100000011000100000011000000111101111101000000000000111111111100111111111100111111111111000100
111000111001111000111011111000001000111000111001000101111100111100000111111100111011111000111100111000000101111100000111111000000101111011111000001000111011001000111001111100111011111001111000
000100000111001000111001111000111100111100000101000111111000000100000111000100111001001000111100111100111001111000000111111000111011111001111000111000111001111000000111111100111001111011001000
000000111111000000111101111100000000000000000001000011000000111100111101111100111111111100111100000000111101000100111111111100111111111101111100000100111111000100111101000000111101111101000000
000000111111111100000011000100000000000000111111111111000100000000000011000100111111000000111100111100000011111100000001000100000001000001000100000000111101000100111111000000000011111111000000
000000111101000000111111111100000100000000000011111111000000111100111111000000111101111100000100000000111111000100000001000000111100000011000000000000000001000100111101000000111101000011111100
000000111111000000000001000000000000000100000001111111000000111100000011000100111111000000000000111100111111000000000001000100111100111111000000111100111101000000111101000000000011000001000000
111100111101000000111101000100000100111100000011111101000000111100000011000100000001000000000000111100111111111100000011000100000000111101111100000000111111111100111111111100000001000001000000
001000000111111000000111000100001000001000111001111001111100111000111011111100111001111100111000001000111011000100111001001000111000111001111000111100000101111100111011000100111001111011000100
111100111011111000000101000100000100111000000111000111111000000100000101111100111011111100000100111100111011111100111001111100111000000111111100000100000101001000111001000100111001000101111100
000100000111111100111001001000111000000100000111111001000100000100111001111000111011111000001000001000000101001000111011111100001000111001111100111100001000111100111011111100111001111011001000
000000000011111100000001000000111100000000000011111101000100111100111111000000111101111100111100000100111101111100000011111100111100111111000000111100111100000100111111000000111101111100000100
000000000001111100111111111100000100000100000001111101111100111100000011000100111111111100111100111100111111000000111101000000000100111111000000111100000000000000111101111100000001111100111100
111000111011111100111001001000111000111100111011111011001000000100111011111000111001000100001000111000111011000100111011000100111000000101000100111000111000001000111011001000000111111100111000
000000000011000000111101000100000000000000111111111101111100000000000011000100111101000000111100000000111101000000000001000000111100111111000000111100000100111100111101111100000001000100000000
001000111001111000111001000100111000001000111000111011111100111100111001111100000111001000111000111000000111111100111011000100111100111011111000000100111000000100111011111100111001111000000100
001000000111111100111011111000111000000100001000000111111100111100111001111000111001111100111000000100000101111100111001111000111000111001000100111100111000111100111001001000111001001000111000
000100111101000100111101111100111100111100000000000011111100000000111101111100111111111100000000000000111101000100000001111100000000000001000000111100000100000000111101000000000011000100000000
111100000001111100000001111100000000000000000100000100000011000000111111000100111101000100000000000100111111000100111111111100000000111101000000000000111100000000111111000000000011000100000000
000100000101111000000101000100000100111100001000111100111001111000111011111000111001001000111100111000111001000100111001111000001000111011000100111100001000111100111011000100000101001000111000
111100111011111100111001001000001000000100111000111100111001111100111011000100000111111000001000111100111011000100111011111100000100111011111100111000111100111100000111111000000111001000000100
111100000111111000000111111100111100111100111000111100000101111100111011111000111011111000000100111100111001111100111001111100001000000101000100111100111000000100111001111000111001000100001000
111000111001111000111001111100111100001000111000111100111001111100111001111100000111111000111000111100111001000100000111111000111000111001001000111000000100001000000111111100111001111000111100
111100111001001000000111000100000100111100111000111100111011000100111011111100111011111000111000111100000111111000111001111100111000111011111100111100111100000100111011111000111001111100000100
000100000001111100111111000000000000111100000100000000000001000000111111000100111111000000000000000000111111000000111111000000000000111101000000000000111100000000000011000100111111000000000000
111100000011000000111101000100111100111100000000000100000001000000111111000100000011000000111100000100111111111100000001111100000100000001000000000000000000000100000001000000111111111100000000
111100111101000100111101111100111100111100111100000000111111111100111101000000111101000000111100111100111101000100000001000000111100111101000000000000111100000000111111000000111111000000000100
000000000011000000111101000100111100111100000000000000111101000000111111000000111101111100000100000000000011111100000011111100111100000001000100111100000100111100000011111100000011000100000000
000100111011000100000111111100001000111100111100111100001000111100000111111100111001111100001000111100111001111000111001111100000100111011111000000100111000111000000101111100000111111000001000
000000000011000100111111000000000000000000000100000000000100000000111111000000000001000100000000000000111111000000111101000000000100000001000100111100000000000000111101111100000011111100111100
111100000111111000111011001000111100111000000100000100111100000100000101111100000111111000111000111100000101111100111001111100000100111001000100111000001000111000111011001000111011111100111000
111100111101000000000001000000111100111100111100000000111100000100000001111100111101000000111100000100000001000000111111000000000000111101000100111100111100111100000001000100000011111100000100
111100111001000100000111001000111100111100111000111000001000001000000101001000111011001000001000111100111001111000000111001000111100111001111100111000001000111000111001111100111001111000111100
111000111001000100111001111000000100111100111000111100111000001000000101111100000111111000111100111000111001000100000111000100111100000111111100111100000100111000000111001000000101111000000100
111000111011111100000111111000111000111100111100111100001000000100001000000100111001111000000100001000000101111000111001111000111000000101111100111100001000111000111011111000000111000100111000
000100111101000000111111000000111100000000111100000000111100111100111100000000111101111100111100111100111111111100111111111100111100111111000100111100000000000000000011000100111101111100111100
000100111111111100000011111100111100000000111100000000111100000000000000000000111111000000000000111100111101111100111101111100111100000001000100000100000000111100111101111100111101000000000000
001000111011001000111001000100111000000100111000111000111000111100001000111000000111001000000100111100111011111100111001111000111100000101000100000100111100111100111011111100111001000100111100
001000000101000100111011000100001000001000111100111000000100111100111000111100000111111000111100111100000111111100000101111100111100111000001000000100111100001000000101001000111011000100111100
000100111011000100000111111100111100111100111000111000111000111000001000111000111001111000111100000100111001111100111001111100111000111000001000111100111000111100111001111100000111111100000100
111000111001111100111011111100000100000100000100111100111100111000111000111000111011111000111100001000111001111100111001001000000100111100111100000100001000000100000111111100111011111000111100
000000000001000000111101111100000000000000000000111100000000000000111100111100111111111100000000000000000011111100000011000100111100111100000000000000111100000000000011000100111101000000111100
111100111101000100111111000000111100000000000000000000000100000100000100111100111101111100111100111100111111000000111101000000000100111100111100000000000000111100000011111100000001111100111100
000000000011000000111101000100000000000000000000000000000000111100111100000000111111111100000000000100000011111100111111000000000100000000111100111100000000111100111101000000111111000000000000
111000111001111000111001111000111000111100111000000100111000111100000100111100111011000100111100111000000111111000111001111100111000111000001000000100001000111100000101111100000101000100111100
111100111011111000111001001000001000111000111000001000111000111100111000111100111001111100111100111100111001111000000111111100001000111000111000111100111100111000111011111100111001000100111000
111100000011000100111101111100000000000000111100000100111100111100000000111100000001000100000000000000000011000100000011000000000100111100111100000000111100000000111101000000000001000000000000
111100111111111100000011000000000100000000000000000000000000000000000000000000111111000000111100000000000001111100111101000000000100000000000100000000111100000100000011000000000011000000111100
111100000111111100111001111100111000111100111100111000111000001000111000111000111001111100111000111100111011001000111001001000000100001000111100111100111000111000000101111000111001000100111000
000000000011000000111101111100000100000000000100000100111100111100000000000100000011000100111100000100000001000000000001000000000000000100111100000000111100000000111101111100111111111100000100
000100111001000100111011111000111000111000111100111100001000111000111000001000111001111100001000000100000111111000000101000100111100001000111100111000111000001000111001000100000101111100001000
000000111111111100111111000000000000111100111100000000000000000000111100000000111111000100000000111100111111000000111101000000000100000100000000000000000100111100000011000000000001000000111100
000000111101000000111111000000111100000100111100000100111100111100000100000000000011000000000000000100000011000100111101000000000000000000000100000000111100111100111101000000111111000000000100
111100111011111000111011111100111000111100001000000100111100111000111100000100111011111100111000111000000101000100111001111100111000001000000100111100111100111100111011000100001000111100001000
000000111101111100111111000000111100000100000100111100000000111100111100000000111111000000000000000100111101111100000011000000111100000000000100000000000000111100111101000100000100000100000000
111100111101111100000001000000000000000000000100111100000000000100000100111100111111000000000000111100000011000000111111111100000000000000000100111100000000111100000011000000000000111100000000
000100000111000100111011000100000100111100001000111000000100111100111000111100111001111000001000001000111011001000111001111100111000111000111000001000001000111100000101001000111000111000111100
000000000011000000111111111100000100000000111100000000111100111100000000111100111111000000000000000000000001111100000011000000000100111100000000111100000000111100000001111100111100000000111100
000100000011000000000011000000000000000100000000111100111100000000000100111100111101111100000100111100000011000000000001000000111100000000111100000000111100000000111111000100111100000100000000
000100000111111100111001000100111100001000000100001000001000000100111100001000111011001000000100000100111011111100111011111100111000000100111000111000111000111000000101001000111000000100111000
000100111111000100000001000000000000000000000000111100000000000100000000111100000001000100000000111100111101000000111111111100000000000000111100000000000000000000000001000000111100000000111100
111100000011000000000011000000000000111100111100111100000000000100000000111100000001111100000000000000111111000000111111111100000100000000000000000000111100000000111101000000111100000000000000
000000000011000100000011000000111100111100000000000000111100000000000000111100000011000000000000111100111101000000000001000100111100000000111100000000111100000000000011000000000100111100111100
111100111101111100111111000000000100000000111100111100000000000000111100000000111111000000111100000000111111000000111111000000111100000100000000000100111100111100111111111100000000000100111100
111100111111111100000001111100111100000000000100000000111100000000000100000100111111000100000000111100111101000000111111111100000000000100000000111100111100000000111101000000111100000000000100
001000111011111000111000000100001000111000111100000100111000111100111000000100111011111000001000111000111011111000111011000100111100000100000100000100000100111000000111001000111100001000111000
111100111101111100111100000000000000000000111100111100000100000000000000111100111111000000111100000000111111000000000011000000111100000000000000111100000100000000111111000100000000111100000000
000100111111000100000000000000000000111100111100111100111100000100000000000000111101000000111100000000111111000000000001000000000000000000111100111100111100111100000011000100111100000000111100
000000000011000000111100000000111100111100111100000000000100111100000100111100111111000000111100000000000011000100000011000100000000000000000100000000111100000100111101000000000000000000111100
000100111111111100111100111100000000111100000100000000000100000000000000000000000011000000000000000000111111000000111111000100000000000100111100000000000000111100111101000000111100111100111100
000000111101000000111100111100000000000000000000000000111100000000111100000100111100000000000000000000111101000100111101000000000000000000000000000100000000000000000001000000000100000000000000
111100111111111100111100111100111100000100111100000000000000000000111100111100111100000000111100000000111111111100000001111100111100111100000000000000111100111100111101000000000100111100000000
111100000101111100111000111100111100111000001000000100111100000100111000000100111100111000111000111100111011000100111001001000111000001000111000001000000100000100111011001000111100111000111000
000000000011111100111100111100000100111100111100000100000000000100111100000000000100000000000000000100111111000100000011000000111100111100000000111100000000000000000011000000000100000100000000
000000111101000000111100000000000000111100000000111100111100000000111100000000111100000000000000000000111101111100111111000000111100000100111100111100000000000000000001000100000100000000000000
000100111101000100000000000000000000000000000000000000000000111100111100000000111100000000000000000000111111111100111101000100000000000000000100000000000000111100111101111100111100111100000000
001000111001001000111000111100111100001000001000000100111000001000001000111100001000111100111100001000111000111000000111111100000100000100111000001000111000111100111011111000111100111000000100
000000000001000000000000111100000000000000000000000000111100000100000000000000111100000000000000000000111100111100000001000100111100000000111100111100111100000000000011111100000100000100111100
001000000111111100000100111000001000000100000100111100111100111000000100111100111000111100000100001000111100000100000101111000000100001000111000111000001000111100000101111000111100001000111000
000000000001000000000100000000000000111100000000111100111100000000000000000100000100000100111100111100111100000100000001111100000000000000000100000100111100000000111101111100000000000000000100
001000111011111100111100111000111000111000111100111100111000111100001000111100111100111100111100111100001000111100111001000100001000111000001000000100000100111100111001111100111100111000111000
000100000011000000000100111100111100000000111100000100111100000000000000000000111100000000000000111100111100000100111111111100000000000100000000111100000000111100111111111100000000000000000000
111100000111111100111000111100001000111100001000111000001000001000111000111000111100111100111100111000111000111100111011111000001000111000111100111100001000000100111001111100111000111100111100
111000111011111100111000111100111000111100111000001000111100000100001000111100111100111100000100111000001000000100000101111000000100111100000100111100111100000100111001001000001000111000111000
111100000001111100000000000100000000000000000100111100000100111100000000000100111100000100000000111100000100000000111100111100000000000000000100111100000000111100000011000000000100111100000000
111000111001000100001000111100111100111100000100111100111000001000111000111000111100001000000100001000001000111000001000111100111100111100111100111000001000111000000111111000111100000100111100
000000111111000000111100111100000100111100000000000000000100111100111100000000000100111100111100000000000000000100000000111100000000000000111100000000000000000100111111000000000000000000000100
111100000011000100111100111100111100111100000100000000000000000000000100111100111100000000000000111100000100000000000100000000000100000100000100000000111100000000111101000100000100000000000000
000100111111000000000000111100000000000000000000000100000000000000000100000100111100111100000000000000000000111100111100000000000000000000000000000000000000111100111111000100000000000000111100
000000000001000100111100000000000000000000000000000000111100000000000000111100000000000000000000000100000000000000000100111100111100111100000100000000000000111100000011000000111100000000000000
001000000111111000000100111000111100000100001000111000111100111100111000111000001000000100111100000100001000111000111000111000111000111000001000111100111100111100111001000100111000001000111100
111100000111000100000100111000111100111100111100001000000100111000001000111000001000000100111000000100111100001000001000111100001000111000111000111000000100111100111001111100111000111000000100
111100111111111100000000111100000000000100000100111100000000000000111100000000111100111100000100000000000100000000000100000000111100111100000100111100000100111100000011000000000100000000000000
111100000111111000000100111000000100111100111100000100000100111000000100111000111100111000111000001000001000001000111000111100000100001000111100111100111100000100111011000100111000111100001000
000100111000111000001000111100111000001000111100000100001000111000000100000100111000111100000100111000001000111000000100111100111100001000111000111100111000111000111001111100111000000100111100
000000000100000100111100111100000000111100000000000000111100111100111100111100000000111100000100000000000000000100111100000000000100000000111100000000111100000000111101000000000100000000000100
001000111100001000111000111100111100001000111100111100001000111000000100111100111100111000111100001000001000111100111100111000001000001000001000111100001000111000111001111000000100111000111000
000100001000000100111100111100000100001000001000111000111000111000111100111100000100111100111100111100111000111000111100001000111100111100111100111000111000111100111011000100000100111100111000
001000001000111000000100111000111100000100111100000100000100111000111100000100111100111100111100111000001000001000111000111100111100001000000100000100111100111000111011111100111100111000111000
000100111000111100001000111000111100111100111000001000000100111100111100001000111000111000001000111000111100000100111100000100111100111100001000111000000100111000111001111000111000111000111100
111000111000001000111100111100111100111100111000111000111000001000001000111000111000111100001000111100001000111000111000111100111100111000111100111000111000001000000101111100000100111000111100
001000111000111100111000000100111000001000001000111000000100111100001000000100111000001000000100111000111100000100001000111100111100000100111100111000001000000100111011001000111000001000111000
111000001000000100111000000100000100111100001000111000111100001000111000001000111100111000111000111000000100001000001000111000000100111000111100001000000100111100000111111000111000111100111000
000000000100111100000000000000000000000100000000111100111100000000111100000000000000000100111100111100000000000000000000000000000100000100000000000000000000000000111111000000000000000000000000
000100000000111100111100000000000000000100000000111100000000111100000000111100000100000000000000000000000000000000111100111100000000000000111100000000000000111100000011111100111100000000000000
000100111000001000001000111000000100111000111000111100111000000100000100001000000100111000111100001000111000111100111000111000000100111100001000111100000100000100111011001000001000111000000100
111100111100001000111100111000111000111100001000001000111100111000111000111100001000001000001000001000111000001000111000001000000100111100111000111000111100111100111001111000111000111100111100
000100111100111000111000111100111000111100111100111100000100111000111100001000111000111000111100111100001000111100111100001000000100111100001000000100111100111000000111111000111000001000111100
000100111100000000000000000000000100000000000000111100000000000000000000000100111100000100111100111100000000111100111100000000000000000000000000111100111100000100111101111100000000111100000000
000100111100000100111000111100111100111100000100111100111100000100001000111000111000111100001000000100111100111100111100111100000100111100000100111000111100111100000101111100111000111000111000
111100001000111100111000111100111000001000000100111000111000000100000100000100111000111000111000111000111000111000000100111100111000000100111000111000111100111100111001001000111000111100000100
000000111100000100000000111100000000000000000000000000000000000000111100111100000100000000000000000000000000000100000000111100000000000100000000000000000000000000111111000000111100000000000000
111100111000111100001000000100111100111000000100111000001000111100000100001000111000111100111000111100111000111000111100111100000100000100111100000100111100111100000111111000111100111100111100
000000000000111100111100111100000000000100111100000100111100000000000000000000000000111100000100000000111100000000000100111100000000000000000100000000000000000000111101000000000000000000000000
111000001000111000111000111000111000111000111100111100111000111100000100001000111100001000111000111000111000001000001000111000000100111000111100111100111100111000000101000100001000111000111100
000000111100000000000000000100111100111100000000000000000100000100000000000000000000000000111100000000111100000000000100111100111100000000111100111100000100111100000011000000000000000000000000
000000000100000100000100111100000000000100000000000000000000000000111100111100111100000000000000000100111100000000000000000000111100111100000000000000000000111100111111111100000000111100111100
111100000000111100000100000000111100111100000000000000000000000000000000000000000000000000111100000000111100000000000000000000000100000100000000111100000000000000111111000100000000111100000000
111100111100111100000000000000000100000000000000000000111100000100111100000000111100000000000000111100111100111100111100000000000000000000000000000100000000000000000001000000000000000100000000
111000111100111000111000111100111100001000111100111100001000111100111000111100111000111100000100001000000100000100000100111100001000111000000100001000111100111000000111001000111000111000111100
111100000100111100111100001000000100111100111000000100111100001000001000001000111100001000111000001000000100000100001000001000111100111000001000001000001000111100111011111100001000001000111100
001000000100001000111000111100111000111000111100111000111100111000001000111100001000111000111000111100111100000100001000111100111100111000111100001000111000111000000101111000001000111000111000
001000000100111000111100001000111100111100111100111100000100111100111100111000111000000100111100111000111000111100111000111000000100001000001000001000111000111000000101001000001000111100111000
111100001000111000111100111000111000111000111100000100000100111000000100111100111000111100111100111100111100000100001000001000111000001000001000000100111100111100111011111100111100001000001000
000100001000000100111100111000111000111100000100111000111100111000111000111000001000111100000100111100111000111000111000111000111000000100001000111000111000111100111011001000000100111100111100
000100111100000000111100000000111100000100111100000000000000111100111100111100000000000000000000000000111100000000000100111100000000111100111100000000000000111100000001111100000100111100000100
000100111100111000000100000100111100111000001000111000001000111000111100111000001000111000000100111000111100111100111000001000001000111100000100111000000100001000000101001000111100111100111100
000100000000000000111100000000111100000000000100000100000000000100000000000000000100000000000100000000111100111100000000111100000100111100000000000000000000111100000100000000000000000100000000
111100111000111100111100000100111000111100000100000100111100111100000100001000111000111000111000111100111000111000111100000100000100111100001000111000001000001000111000111000111000111100111100
111100000000000000111100000100111100000000111100111100000000111100000000000000000000111100000000000000111100000100000000111100000000000000000100000000111100111100000000111100000000000100111100
111100111000111100111000111100111000000100000100111000111100111100111100111100111100001000111100111100111000111100001000111100111000111100000100111000111100000100001000111100111000111000001000
111000111000111000001000001000111100111100000100001000111100111000111100111100111000111000111100111100000100111000111100111000111100001000111100111000111000000100111000001000111100111100111100
111100000100111100000000000100111100000000000000111100000000000000111100111100000000000000000000000100111100111100000100000000111100111100000000000000111100000000000100000000000000000000000100
111100111100111100111100111100000000000000111100111100000100000000000000000000000000000000111100000000111100000000000100000100111100000000000000000000000000000000111100111100000000000000000100
111100000000111100000000111100000000111100111100000000000000000000000000000000000000000000000000000000111100000000000000000000111100111100000000000000000000000100111100000000000000000000000000
001000111100000100111100111000111000000100111100111000000100111000111100111100111100111000111000111000111100111000111000111000111100111100111100111100111000111100001000111100001000111100111100
111000111100111100000100111000111000111100001000111100111100111000111100111100001000000100111000001000000100111100001000001000001000111000111000000100000100111000001000111100000100111100001000
000000000100000100111100000000000000111100111100000100000000000000000000000000111100111100000100000100000100000100111100111100000000000100000000000000000100000000000000111100111100000000000000
000000000000000000000000111100000000000000000000000000000100000100000000000100111100111100111100000000000000000000111100111100000000000000000000000000111100111100111100000000000100111100000100
000000000000000000000000000000000000111100000000000000111100000000000100000000111100000100000000111100000000111100000000000100000000111100000000111100111100000100000000111100000100000000111100
001000111000111000111100001000000100111000111000111100111000111000111100111100000100111100111100111000000100111100001000111100000100001000000100111100111100111000000100111100001000111100001000
000000000100000000000000000000000000000000000000000100000000111100000000000100000000000000000000000000000000111100111100111100000000111100000000000000000100000000000100111100000000111100000000
000100000000111100000000000100111100111100111100111100111100000000000000000100111100000000111100000000000100111100000100000000000000000000000000111100000100000000000000000100000000000000111100
111000111100111100001000111100111000111000001000000100111100001000000100111000000100111100000100111000001000111000111100111100111100111000111000111100111000111000111000111000111000111000111000
000000000000000000000000111100000000111100111100000100000000000100111100000000000000000100111100000000000100000000000000000100000100111100000000000100111100000100000100000000000100000100111100
000100000000000000000000000100000000000100000000000000000000000100000100111100000100000000111100111100111100000000111100111100000000000000000000111100000000111100111100000100000000000000000100
001000111100111100111000111100000100111000111000111000111000000100111000111000000100111000111000000100000100000100111100000100000100111000000100111100001000001000000100111100111100001000111100
000100000100000100111100000000000000000000111100000100111100000100000000000000111100000100000000000100000000111100000000000000111100000000000000111100000000000000111100000000000000000100111100
000100111100000000111100000000111100111100111100000000000000000100111100000000000000000100000000000000111100000000000000000000000000000100111100000100000000000000111100000000000000000100000000
000000000100000100000000000000000000000000000100111100111100000000000000000100000000111100000000111100000000000000000000000000000100000000000100111100111100000000111100111100000000111100000000
111000000100111000001000000100111000001000111100111000001000111000000100000100111100111000111100001000000100001000111000111100111000000100111000001000111000001000000100000100111100111000001000
000100000000111100111100000000000100000000111100111100000000000000000000000100000000111100000100111100111100000100000100000100000000000000000000111100000000111100111100000000000100000000111100
111100111100000100000000000000000100000000000000000000000000000100111100000000000100000000000000000000000000000000111100111100111100111100111100000000000000000000000000000000000000111100000000
000100000100111100111100111000111000000100111100111000111000111100111000111000000100001000111000111100111000000100111000000100111000111100111100001000111100000100111100111100111100000100111100
000000111100000000111100000000000000111100000100111100000000000000000000000000111100000000111100000000000000000000000000000000000100000100000000000000000000000100000000000000000000000100000000
111100000100111100000000000000000000111100111100000000111100000000000100111100111100111100111100111100000000000000000000000000000100000000000000111100000000000000000000000100000000000000000000
000100111100001000111000001000000100111100111100111000111000001000001000111000111000111100111000111100000100000100111000111100001000001000111000111100111000111000111000000100111100111100000100
000000000000000000000000000000111100111100000000000000000100000000000000111100111100000100000100000000000000111100000000111100000000000100000100000000111100000000111100000000000000000000111100
000000000100000000111100000100000000000000000000000100000000111100000000000000000000000000111100000100000100111100000000000000000100000100000000000000000000000000111100111100111100111100111100
000000111100000000000000000100000100111100000000000000000100000000000100000000000000111100000000111100000000111100111100111100000000000000000100111100000000111100000000000100000000111100000000
001000001000111100111000000100001000001000111100111100001000001000111100111100111000111000111000111100001000000100000100111000111000111000001000111000111100111100111100111000111100111100000100
111000111000111100001000111000111000111100111000111100001000111000001000111000001000111100111100000100111000111100111000111000000100111100111100000100111100000100001000111100111100111000000100
001000111000111100001000111000111100111000111000111000001000001000111000111100111100111100111000111100111000111000000100001000111100111100111100111000111000001000000100111000000100000100111100
111000000100111000111100111000000100001000111100000100111100111100111000111100111100000100111100111100111000000100111100111100000100111100111000111100111100000100111000111000111000111000111000
000000000000000000000000111100000000111100000000000100111100000100000000111100000000000000111100000000000000111100000000000000000100111100000000000100000100000000000100000000000100000100000000
000000000000000000000000000100000000000000000000000000000000000000111100111100000000000000000000111100000000111100000000000000111100000000111100111100000100000100000100000000000100000000000100
111100000000000000111100000000111100000100000000111100000000000000111100000000000000000000111100111100111100000000000100111100000000000000111100000000000100000000000100111100000000111100111100
111100111000111100111100001000000100111000111000111000001000000100111000111100111100111100001000001000111000111100111100000100001000000100111000111000111000111100111000000100001000111000001000
000100000100111100111100111100111000111100111100111000111000111000111000111100111000111000111100111100000100111000001000001000000100111100000100001000111100000100111000111000000100111000111000
111000001000111100111000111000111000111000001000111100000100000100111100111100111100111100111100111100111100111000001000111000111000000100111000111000000100111100111000000100111100111100111100
000000000000111100111100000000000100000000000100111100000000000000111100000000000000000000000000111100000000111100111100000100111100111100111100000000000000000000000000111100000000111100000000
111000111000111100111100000100001000111000111000111100111100111100000100111000000100111000000100111100111100001000001000111100000100111100111000111000111000001000111100111100111000111000000100
000000111100000000000000000000000100000000000100000000000000000000000000111100000000000000000000000100000000111100000000000000111100000000000100000100000000000000000000000100000100000000111100
000000111100000000000000000100000100000000000000000000000000000000111100111100000000111100000000000100000000000000000000000000111100000100000000000000111100000000111100000100000000000100000000
111100111100111100000100111000111100111100111100111000111000111000111000111100111100001000111100111100111000000100001000111100001000111000111000111000111000111100111100111000111000000100111000
000000000000111100000000000000111100111100000000000000111100000000000000000000000100000000000100000000000000000000000100000100000000111100000000000000000100000000111100000000000100111100111100
111000111000001000001000111000111100111100111000111100000100111100111100111000111100111000111100111000000100000100111100000100001000111100111100111000111100000100001000111100111100111100001000
000000000100111100000100000000111100111100000000000000000000111100000000000000000000111100000000111100000000111100000000111100000100000100111100000000000000000000000000000000000000000000000000
111000111000000100111000111000000100111100111000111100000100111000000100001000000100001000111000111000111100111100111100111000111100111000111000000100111100111000001000111000111000111100000100
111000111000111000000100111000111000111000111000000100111100001000000100111000000100001000111100111000111100111000111100111000111000111100000100111100111100000100001000111100000100111000111100
111000000100111100111100000100111100001000111000001000111000111100001000111100001000111000111000001000111100111100111100001000111100000100111100111000111000000100001000111100111000000100111100
001000111100111100111000001000111000111000111100000100111100001000111000111100111000111100111000111100111000001000111100111000001000111000111100111100000100111100111000111000001000001000001000
000000000000000000000000111100000100000000000000000000000100111100000000111100111100111100000000000000000000000100111100000100000000000000000000111100000100111100000000111100111100000000000000
000100111000111000111000111000111100111000111100001000111000111100000100001000111100111100111000111100111100111000000100000100111100111000111100111100111000000100001000111100111100111000111000
001000111000001000111000111100111100111100111100111000001000000100000100111000001000001000111000000100111100111100111100111000111100111100001000111000111000001000111000111000000100001000111000
000100000000000000000000111100000000000000111100000100000100111100000000000000000100000000111100111100000000000000000000000000000100111100000100111100111100000000000100000100000000111100111100
000000000000111100000000000100000000000000000000000000000000000000111100000000111100000000000100000000000100111100000000111100000000000000000000111100111100111100000000111100000000000000000100
111100001000111000001000111100111100111000111000111000111100111000111100111100111100111100111000001000001000001000111100111100001000111000111100000100111000111100000100111000000100111000001000
000000000000000000111100111100000000000000111100111100000000000000000100111100000000111100000000000000111100111100000000111100000000111100000000111100000000111100111100000000111100000000111100
111100111000000100001000000100111100111100111000111100001000111000111000111000111100111000111000111000111100111000001000111100111000001000000100000100001000111000000100111000111000111100111100
000000000000111100111100111100000100000000000100000000000000000000000100000000000000000000000000111100111100000000000000111100111100000000111100000000000000000000000000000000111100000000000100
111100111100000100001000000100111100111100111000111000001000001000111000001000111000111000111000001000111100111100000100001000111000000100111100111100001000001000111100111100111100001000000100
001000111000111000111100111100000100111100001000111100111000001000000100111000000100111100000100111100000100111100111100111100111100111100111000111000111100111100111100111000000100000100111000
000000000000111100000000000000000100111100000000111100111100000100000000000000000100000100000000000000000000111100000000000000111100000100000100000000000100000000000100000100000100000000000000
111100111100001000111100111000111100111100111000111100000100111100111100111100111100111000000100111000001000001000111000000100111100000100111000000100111100111100111000111100000100111100001000
111100001000111100111100111100111000111100111100111000000100000100111000111000111000111100111000001000111000000100111000000100111100111100001000000100111000000100111000111100111000000100111100
000100000100111000001000111000111000111000001000111100000100000100111100111100001000111000111000111000111100111100001000111100000100111000111100111100111000111000111000111100111000111100001000
000000000000111100000000000000000000000100000000000100000000111100000100000100111100000100000000111100111100111100000000000000000100111100000000000000000000111100000000000000000000111100111100
111100001000001000111000111000001000001000001000111000111000000100001000111000111100111000111000000100001000000100111000000100111100111100111100001000000100000100111100111100000100111100000100
111100000000000100000000111100111100000000000000111100000000000000000100000100000000000000000000000000000000000100000000111100000000000000111100000000000000111100000100111100000100000000000000
111100000100111100001000111000111000111000111000111100111000001000000100111100001000111000001000000100111100111100000100000100111100000100000100000100111100111000111100001000001000001000000100
000000000000111100111100000000111100000100111100000000111100000100000000111100000100111100000100000100111100000000000000000000000000000000111100000100000000000000000000000000111100111100000000
000000000000000000000100000100000100000000000000000000000100000000000000000100111100000000000000111100000000111100111100111100000000000000000100000100000000111100000100000000111100000100000000
000100111100111100111100000100111100111100111100111000111000000100111100001000111000111000001000000100111000000100001000000100111000111000001000111000000100111000000100111100111000111100111100
000100111100000100000000000000000100111100000000000000111100000000111100000100000000000000000100000000111100000000000000111100000000000100000000000000111100111100000100000000000000000100000000
000100000000111100111100000000000000000000000000000000111100000000000000000000000000111100000100111100111100111100111100111100000000111100000000000100000000111100000000000100000000000100111100
111000111100111100111000111000001000001000000100001000111100000100001000111000111100111100111100000100000100000100111000111100111000111100111100001000111100001000111100000100111100111100111100
000000000000000000000100000000000000000000000000000100111100111100111100000000111100000000111100000100111100000000000000000100111100000000000000000000111100111100000000111100000000000000000000
001000111100111100111000111100000100111000000100000100111100001000111000111100111000111100111000111100111000111000111100001000001000001000001000111100111100001000111100111000001000001000111000
111100111100000100111100111100000100111100111000111100001000111000111000111000000100001000111100000100111000111100111000001000000100111100111100111000001000111100001000111000000100000100111100
000000000000000000000000000000111100000100000000000000000000000000111100111100000000000000000100000100000100000000000000000100111100111100000100000000000100000000000000111100111100000100111100
000000000100111100000000000000111100000100000000000000111100000000111100000000111100111100000000000000000000000000000100111100111100111100000100000100000000111100000100000000000000000000000100
111000000100111000111000111000111100111000111000111100111100111000000100111100000100000100111000000100001000111100111000000100111100000100111000000100001000111000001000000100111000111000111100
000100000000000000111100000000111100000000000000111100000100000000111100000000111100111100000000111100000000000000000100000100000000000000111100000100000100000100111100000000000100000000111100
111100111100000100111100111100000100111100001000001000001000111000000100111100111100111000111100000100111100111000111100111100001000111000001000000100111000111100111000001000001000111000111000
111000111000111100000100001000111000111100111000111000111100111000111000111100000100111000111100000100111000000100001000001000111100111000111000111000001000001000000100000100111100111000001000
001000000100111100111000111000111000001000111100111100111100111100000100111000111000111100001000111000001000000100001000111100111000001000000100001000001000111000000100001000111100111000111000
111100001000111000111100111000111100000100111000111100000100111100001000001000111100111000111100111100000100000100001000111100111100111000001000001000000100111100111000001000111000111100111000
111100000100111100111000000100111000000100111000111000111100111000000100111100111100111100111000111100000100111100111000111100111000111000111100111100001000001000111000111000111000000100111100
111000111000111000111100111000111000111000111000111100111100111000111000111100111000111100111100111100000100111100111100111000111100111100111000111100111100111100111100111100001000111100111000
000000000000111100000000111100000100000100111100111100000000111100000100000000000000000000000100000000000000000000000100111100000100000000000000000000000100000100000000000000111100000100000000
111000001000111000111000000100111100000100001000001000000100111000000100111100111100111000111000111100000100111000000100000100001000111100001000001000111100000100111100111100111100111100111000
111000111000111000111100111100111000111100111100000100001000111000000100111000111000000100111000111000111000000100000100111000001000000100111100000100111100111100111100111100000100111100111100
000100000000000000000000111100111100000000111100000000000000000000000000000000000000000000000000000000111100000000000100000000000000111100111100000000000000000000000000000100000000111100000000
000100111000111100111000111100111100000100000100111000111100111100000100001000000100000100111000111100111100111100111000111000000100000100111000111000111000000100000100111100001000111000111100
001000111100111100111100001000111000000100111000111000001000111100111100001000000100111100111100000100000100001000111100111000111100111000111100111000111000001000111000111000111000111100111000
111100000000111100000000000000000000111100000000000100000000000000000000111100000000000000000000000000000000000000000000000000111100000000000000000000000000111100000000000100000000000000111100
000100000000000000111100111100000100000100000000111100000100000100000000111100000000111100000000000000000000000100000000000100000000111100000000000000111100000100000000111100000000000000000000
111100000000111100000000000000000000000100000000111100111100000000111100000000111100000000000100000000111100000000000000000100000000000100000000000000000000000100000000111100111100000000000100
111100001000001000000100111000111100000100111000000100111100001000111100000100111100000100111100111000111100111000000100001000001000001000000100111100111000111000000100001000111100000100111100
111000001000111000000100111000000100000100111000000100001000000100000100000100111100111000000100111100111000111100111000111100111000111100111100111100111000111000000100111000001000111000111000
000000000000000000000000111100000100111100000000000000111100000100000100111100000000111100000000000000111100111100111100000100000000000000000000000100000000000000000000000000000000000100111100
000100001000000100000100111100000100111100001000111100111000001000111100111100000100111000111100111100001000001000111100111000000100001000111000001000111000001000111000111000111100111000111100
