111001000111000111111001000111111001111001111001000111111001000111000111111001000111000111000111000111111001111001111001111001111001000111000111111001000111111001111001111001111001000111111001
000111111001000111000111111001000111111001111001111001111001111001111001000111111001111001111001111001000111111001111001111001000111111001000111111001000111000111111001111001111001000111000111
111001000111111001111001000111000111111001111001111001111001111001111001111001111001000111000111000111111001000111000111000111111001111001000111111001111001111001111001111001111001111001111001
000111000111111001000111000111111001000111111001111001111001000111000111111001111001000111111001000111111001000111000111111001111001000111111001111001111001111001111001000111000111111001111001
111001000111111001000111111001111001111001000111111001000111111001111001111001000111111001000111111001111001111001000111111001000111000111111001000111000111111001000111111001111001111001111001
000111111001111001111001111001111001111001111001111001111001111001111001111001000111000111000111000111111001000111111001111001000111000111000111000111000111111001111001111001111001111001111001
000001111111000001111111111111000001111111000001000001111111000001111111000001111111111111111111000001111111111111111111111111111111111111000001111111111111111111000001111111111111111111000001
000111111001111001000111111001111001111001111001000111111001000111111001111001111001111001111001000111111001000111111001000111000111111001111001111001111001111001111001111001000111111001111001
000001111111111111111111000001111111111111111111111111000001000001111111111111000001111111111111111111111111111111000001111111000001111111111111000001111111000001000001111111111111000001111111
111001111001000111111001111001000111000111111001111001000111000111111001111001111001111001111001111001000111000111000111000111000111000111111001111001111001111001000111111001111001111001111001
111001000111111001111001000111000111111001000111111001111001111001000111111001111001000111000111000111000111111001000111111001111001000111000111000111000111111001000111111001111001000111111001
000111111001111001111001111001111001000111111001000111111001111001000111111001111001000111111001111001111001111001111001111001000111111001111001111001111001000111000111000111111001111001000111
000111111001111001111001111001111001111001000111000111000111111001111001000111000111111001111001111001111001111001000111111001111001000111000111000111111001000111111001111001000111000111000111
000001111111111111111111111111000001000001000001000001111111000001111111111111000001000001111111111111111111111111111111111111111111111111000001111111111111111111111111111111111111000001000001
001000000000000000000000000000001000000000000000000000000000001000000000001000000000000000000000000000000000001000001000001000001000001000001000001000000000000000000000000000000000000000000000
111001111001111001111001111001111001000111111001111001111001111001111001111001111001000111111001111001111001111001111001111001111001000111111001000111111001000111000111000111000111000111000111
111001000111111001111001000111111001111001000111111001000111000111000111111001111001111001111001000111111001000111000111000111000111000111111001000111000111000111111001111001000111111001111001
000111111001111001111001000111000111111001111001000111000111111001000111000111111001111001111001111001111001111001111001111001111001111001000111111001000111111001111001111001111001000111111001
111001111001111001000111111001111001000111111001000111111001000111000111000111111001111001000111111001111001111001111001111001111001000111000111111001111001111001111001000111111001111001111001
000001111111111111111111111111111111000001111111111111111111111111000001000001111111000001111111111111111111000001000001111111000001111111111111111111111111111111111111111111000001111111111111
111111111111000001111111111111000001111111000001111111000001111111111111000001111111111111000001000001111111111111111111111111111111111111111111000001111111111111111111000001111111111111111111
111001000111111001111001000111000111111001111001111001111001111001000111111001000111111001111001111001000111000111000111000111111001000111000111111001111001111001111001111001000111111001111001
000001111111000001111111111111000001111111000001111111000001111111000001111111111111000001111111000001111111111111000001111111111111111111111111111111111111000001000001111111111111111111111111
000111111001000111111001111001000111000111111001111001111001111001000111111001111001111001111001000111111001111001111001111001111001111001000111111001000111111001111001000111111001111001000111
111001000111111001000111000111111001111001000111000111111001111001111001111001000111111001000111111001111001000111111001111001111001000111111001111001000111111001111001000111000111000111000111
000111111001111001111001111001111001000111111001111001000111000111111001111001111001000111000111111001111001111001000111000111111001111001111001111001000111111001111001111001111001111001000111
000001000001111111111111111111111111111111111111000001111111111111111111000001111111111111111111111111000001000001111111111111000001000001111111000001000001111111000001111111000001000001111111
111111111111111111000001000001111111111111111111000001111111111111000001111111000001111111111111000001000001111111111111111111000001000001111111111111111111111111111111111111111111111111111111
000001000001111111111111000001000001111111000001000001111111111111111111000001111111111111000001111111111111000001111111111111111111111111111111111111000001111111111111111111000001111111111111
111111111111000001000001111111111111111111111111111111111111111111000001111111111111111111111111111111111111000001000001111111111111111111000001111111111111000001111111000001000001111111111111
111111000001111111000001000001111111111111111111111111000001000001111111111111111111000001000001111111000001111111111111000001111111111111111111111111111111000001111111000001111111000001000001
111001000111111001111001111001111001111001111001000111111001111001000111111001111001111001111001111001000111111001000111000111111001111001000111111001111001111001000111111001111001111001111001
111111111111000001000001111111000001000001111111111111111111000001111111000001111111111111111111111111000001111111111111111111111111111111000001111111111111111111111111000001111111111111111111
111001111001111001000111111001111001111001111001000111111001111001111001111001111001111001111001111001000111000111000111000111111001000111111001111001000111111001111001000111000111111001111001
000111111001000111000111111001111001111001111001000111000111111001111001111001111001111001111001111001000111000111111001111001000111000111111001111001111001000111111001000111111001000111111001
111111000001111111111111111111111111111111000001000001111111111111111111111111000001000001000001111111111111000001111111111111111111111111111111111111111111111111000001000001111111111111111111
000111111001111001111001111001111001111001111001111001000111000111000111111001000111000111111001111001000111000111111001111001000111000111111001111001000111111001111001111001111001000111111001
111111111111000001111111111111111111111111111111111111111111111111000001111111000001111111111111111111000001111111111111111111111111111111111111000001111111000001111111111111111111111111000001
000111000111111001000111111001111001111001000111111001000111111001000111000111111001000111111001000111111001000111111001000111000111000111111001111001000111111001111001111001111001111001111001
000001111111111111000001111111111111000001111111111111000001111111000001000001111111111111000001111111000001111111111111000001111111111111111111000001111111111111000001111111111111111111111111
111001000111111001000111111001000111000111000111111001111001111001111001000111111001111001111001111001000111000111000111111001111001111001000111111001111001111001111001111001111001111001111001
000111111001000111111001111001111001000111111001000111111001000111111001111001111001000111000111111001111001111001111001111001111001000111111001111001111001111001111001000111111001000111111001
111111111111000001111111111111000001111111000001111111000001000001111111111111111111000001111111111111000001000001111111111111000001111111111111111111111111111111111111111111111111111111111111
000001111111111111000001111111000001000001111111111111111111000001111111111111111111111111111111111111111111111111111111000001111111000001111111111111111111111111111111111111111111000001000001
111111000001000001000001111111111111111111111111111111111111000001000001000001000001111111111111111111000001111111111111111111111111111111000001111111000001111111000001000001000001111111111111
111111000001111111111111111111111111000001000001111111111111000001000001000001111111111111000001111111111111000001111111000001000001111111000001111111000001111111111111111111111111111111000001
111111000001111111111111111111111111000001000001111111111111000001111111111111111111111111111111111111000001111111111111000001000001111111111111111111111111111111000001111111111111000001111111
000111000111111001000111111001000111111001111001000111111001111001111001111001111001111001000111111001111001000111111001111001000111111001111001000111000111111001111001000111000111111001111001
111001000111111001111001111001000111111001111001111001000111111001111001000111000111111001111001000111000111111001111001000111111001000111111001000111000111111001000111111001111001111001111001
000001000001000001111111000001111111111111000001111111000001111111111111111111111111111111111111111111000001000001000001111111111111111111111111000001111111111111111111000001111111111111111111
000001111111111111111111111111111111000001000001111111111111000001111111111111111111111111000001000001000001111111111111111111111111000001111111111111000001111111111111111111111111000001000001
000001111111000001000001111111111111111111111111111111111111111111000001000001000001111111111111000001111111111111000001111111111111000001000001000001000001111111000001111111111111111111111111
111001111001111001111001111001000111000111111001000111111001111001111001000111111001000111000111111001111001111001111001111001111001000111111001000111000111111001111001111001000111000111000111
111001000111111001111001111001111001111001111001000111111001000111000111111001111001111001000111111001111001111001111001111001111001111001111001111001000111111001111001000111111001111001000111
000001111111111111111111000001000001111111111111000001111111000001111111000001000001000001000001000001111111111111111111000001111111111111111111111111111111111111111111111111000001111111000001
111111000001111111111111111111111111000001111111000001111111111111000001000001111111111111111111111111111111111111000001111111000001000001111111000001000001111111000001111111111111111111111111
000111111001111001111001111001000111111001111001111001111001111001000111000111111001111001000111000111111001111001111001111001111001111001000111111001111001111001111001000111000111111001000111
111111111111000001000001111111111111000001111111000001000001111111000001111111111111000001000001111111111111111111000001000001111111000001000001000001111111000001000001111111000001000001111111
000111000111111001111001111001000111111001111001000111111001000111111001111001111001111001000111000111000111111001000111000111111001000111111001111001000111111001111001111001000111111001000111
000111000111111001000111111001000111111001111001111001000111111001000111111001111001000111111001111001111001111001111001111001000111111001111001111001111001111001000111111001000111111001111001
111001000111111001111001111001111001111001000111111001111001000111000111111001111001111001111001111001111001111001000111111001111001111001111001111001111001000111000111111001111001111001000111
111001000111000111000111111001111001000111000111111001000111111001000111000111000111111001111001111001111001111001000111000111111001111001000111111001111001111001111001000111000111111001111001
000001000001111111111111111111111111000001111111111111111111000001111111111111111111000001111111111111111111000001111111111111000001000001111111111111111111000001000001000001111111111111111111
111111111111000001000001111111111111111111000001000001111111111111000001111111111111111111000001111111111111111111000001000001111111000001111111000001000001111111000001000001111111111111111111
111001000111111001111001111001000111111001111001111001111001000111111001000111000111111001000111000111111001000111000111111001111001000111111001111001111001000111111001000111111001111001111001
111001111001111001111001111001111001111001111001000111000111000111000111111001000111000111111001000111000111111001111001111001000111111001000111000111111001000111111001000111111001111001000111
111001111001111001111001000111111001111001000111111001000111111001111001000111000111000111000111111001000111111001111001000111111001111001111001111001000111000111000111111001111001111001111001
111001111001111001111001000111111001000111111001111001000111000111111001111001111001111001111001111001000111111001111001111001000111111001000111000111111001111001111001000111111001000111111001
111001000111111001000111000111111001111001111001111001111001111001111001000111111001111001111001111001111001000111111001111001111001111001111001111001000111111001000111000111111001000111000111
000001111111000001000001000001111111111111000001111111111111111111000001111111111111000001000001111111111111000001111111111111111111000001000001000001000001000001111111111111000001000001000001
000111000111111001111001111001000111111001111001000111000111111001000111111001111001111001111001111001111001111001111001000111111001111001111001111001111001111001000111111001111001000111000111
000111111001111001111001111001111001111001111001000111111001111001111001111001111001000111111001000111111001111001111001000111111001000111111001000111000111111001111001111001000111000111111001
111001000111111001111001111001111001111001111001111001111001111001111001111001000111111001111001111001111001000111000111000111000111111001000111111001000111000111111001111001111001111001000111
000001111111111111111111111111111111111111111111000001111111111111000001111111111111000001000001111111111111111111111111000001111111111111111111111111111111111111000001111111111111111111111111
000001000001000001111111111111111111000001111111111111111111111111111111111111111111111111111111000001111111111111000001111111111111111111000001000001111111111111111111111111000001000001000001
111111111111111111000001111111111111111111000001000001111111111111111111000001111111111111111111111111111111111111111111000001000001111111000001111111000001000001000001111111000001111111111111
111001111001000111000111111001111001111001111001000111000111111001111001111001111001000111111001111001000111111001111001000111111001111001111001000111000111111001000111111001111001000111000111
111111000001111111000001000001000001111111111111000001111111000001000001111111111111111111111111111111000001111111111111111111111111000001111111111111111111111111000001111111111111000001111111
111001000111111001111001111001111001000111111001111001111001111001000111000111111001111001111001111001111001000111000111000111000111000111111001111001000111111001111001111001111001111001111001
000001000001000001111111111111111111000001000001111111000001000001000001111111000001111111111111000001111111000001000001111111000001111111111111111111000001111111000001111111111111111111111111
111001111001111001000111000111000111111001111001000111111001111001111001000111000111111001000111000111111001000111000111111001000111000111000111111001111001111001111001000111111001000111000111
111111000001111111111111111111000001111111000001000001000001111111111111111111000001000001000001111111111111111111111111111111000001111111111111000001000001111111111111000001111111111111000001
001000000000000000000000001000001000001000000000000000000000001000000000000000000000000000000000000000001000000000000000000000000000000000001000000000000000001000001000001000000000000000000000
111111111111000001111111000001111111111111111111111111000001111111111111111111111111000001000001000001111111111111111111111111000001111111000001000001000001111111000001111111111111111111111111
111111111111000001111111111111111111111111111111111111000001000001111111000001111111000001000001111111000001000001111111000001111111111111111111111111111111111111111111111111111111111111111111
111111111111111111111111000001000001111111111111111111111111111111111111000001111111111111111111111111111111000001000001111111000001111111111111111111000001111111111111111111111111000001000001
111111000001111111000001111111111111111111111111111111111111000001111111111111000001111111111111111111111111000001000001111111111111111111000001111111111111000001000001000001000001111111111111
111111111111111111111111000001111111000001000001111111111111111111111111000001111111000001111111000001111111111111111111111111000001111111111111000001111111111111111111000001111111000001000001
111111111111111111000001111111111111000001111111000001111111111111111111000001111111111111111111111111000001000001111111111111000001000001000001111111111111111111111111111111000001000001111111
000111111001000111111001111001111001000111111001111001000111000111111001111001111001111001111001000111111001000111000111000111111001000111000111111001111001111001111001111001000111111001111001
000111000111111001000111111001111001111001111001111001000111000111111001111001111001000111111001000111111001111001111001000111111001000111111001000111111001000111000111111001111001111001111001
000111000111111001111001000111111001111001111001111001111001000111111001000111111001111001000111111001111001111001111001000111111001000111111001000111000111111001000111111001111001111001000111
111111111111111111000001111111111111111111111111111111111111111111000001000001111111111111111111000001111111111111000001000001111111111111111111111111111111111111000001111111111111111111111111
000111111001111001111001000111000111111001000111111001000111000111111001000111111001111001111001111001111001111001111001111001000111111001000111111001000111000111111001000111111001111001111001
111111111111000001111111000001111111111111111111111111111111000001111111000001111111111111000001000001111111000001111111000001000001000001111111111111111111111111000001000001000001111111111111
111001111001000111111001111001111001000111000111000111111001111001111001000111111001000111000111111001111001000111111001111001000111000111111001111001111001111001000111111001000111111001111001
111111111111111111000001000001000001111111111111111111111111000001000001111111000001111111111111000001000001111111000001111111000001000001111111111111000001111111111111111111000001000001000001
000111000111111001000111000111111001111001000111111001111001111001111001111001111001111001000111111001111001000111111001111001000111000111111001111001111001000111000111111001111001000111111001
000111000111000111000111111001111001000111111001111001000111000111111001111001111001000111111001111001111001111001111001111001000111000111111001111001000111111001111001111001111001111001000111
111001000111000111111001111001111001111001000111111001111001000111111001000111000111000111111001000111111001000111111001000111111001111001111001000111000111000111111001111001000111111001111001
111001000111111001111001111001000111111001000111111001111001111001111001111001111001111001111001111001000111000111000111111001000111111001000111111001000111000111000111111001000111111001111001
111111000001111111000001111111111111111111000001111111111111000001111111111111000001111111000001111111111111111111111111111111111111111111000001111111000001000001111111111111000001111111000001
000001111111111111111111111111111111000001111111000001111111111111111111111111000001111111111111111111000001000001000001000001000001111111111111111111111111111111000001111111000001111111111111
111111111111111111000001111111111111111111111111111111111111000001000001111111111111111111111111000001000001111111111111111111000001111111111111111111000001111111111111000001111111000001111111
111111111111111111111111111111111111111100000001111111000001000001000001000001000001000001000001111111111111111111000001111111111111111111111111111111000001111111111111111111111111000001111111
000001111111111111111111000001111111111100111111000001000001000001111111111111111111000001111111111111111111000001000001111111111111000001111111111111111111111111000001111111111111000001111111
000001111111111111000001000001000001111100000001111111111111111111000001111111111111111111000001000001000001111111000001000001000001111111000001000001000001000001111111111111111111111111000001
000001111111111111111111000001111111000100000001000001111111111111111111111111000001111111111111111111000001000001111111000001000001000001111111111111111111111111111111111111111111000001000001
111001111001111001111001111001111001110110111001111001111001000111111001111001111001000111111001111001000111111001111001111001111001111001111001111001111001000111000111000111111001111001111001
111001111001111001000111111001111001111100111001000111111001111001000111111001000111000111111001111001000111000111000111000111111001000111000111000111111001111001000111111001000111111001111001
111111111111111111111111000001111111000010111111000001111111111111111111111111111111111111111111000001000001111111000001111111000001111111111111111111000001000001111111000001000001111111000001
111111000001111111111111111111000001000010111111111111000001111111000001111111000001111111000001000001000001000001000001111111111111111111111111111111000001111111111111111111000001111111000001
000111000111111001111001111001111001111100111001111001000111111001111001111001111001111001111001111001111001111001000111111001111001111001111001110110111001000111000111111001111001111001111001
111001111001111001000111000111111001001010000111000111111001000111111001000111111001111001111001000111111001111001111001111001000111000111111001110110000111000111000111111001000111111001111001
000111111001000111111001000111111001110110000111111001000111111001111001000111111001000111111001111001111001000111111001111001111001111001000111110110000111000111111001000111111001000111000111
111111111111111111111111000001111111000100111111111111111111111111111111111111000001111111111111000001000001000001000001111111000001111111111111111100111111000001111111111111000001000001111111
111001000111111001111001000111111001110110000111000111111001000111111001000111111001111001111001000111000111111001000111000111000111111001111001001010111001111001111001111001000111111001000111
111111111111000001000001000001000001111110111111111111111111111111111111111111111111111111000001111111000001000001000001111111111111000001111111111110111111111111111111111111111111111111111111
000111000111000111000111111001111001111100111001111001111001111001111001111001000111111001111001000111111001000111000111111001111001111001111001111100000111111001111001000111111001000111000111
000111111001000111000111111001000111001010000111001010000111111001111001000111111001111001111001111001111001000111111001111001111001111001111001111100111001000111000111111001111001111001111001
111001000111000111111001111001111001110110111001110110111001000111111001000111000111111001111001111001111001111001111001000111000111000111000111000100111001000111000111000111111001111001000111
000111000111000111111001000111000111110110000111110110111001000111111001111001000111000111000111111001111001111001111001111001000111111001111001110110111001000111111001000111000111111001111001
000111000111111001111001000111111001001010000111110110111001111001111001000111111001111001000111111001000111000111111001111001111001000111111001001010111001000111111001111001111001111001111001
111001111001111001111001000111000111000100111001110110000111000111111001111001111001111001111001111001111001111001111001111001111001111001111001110110000111111001111001000111111001000111111001
111001111001000111111001000111111001111100111001111100111001111001111001000111111001111001111001111001000111111001111001111001000111111001111001001010111001111001000111111001000111111001111001
111111111111111111111111000001000001111100111111111110000001111111000001111111111111000001000001000001111111111111111111111111111111111111111111000010111111111111111111111111111111000001111111
111001111001111001111001111001111001111100111001000100000111000111111001111001111001000111111001111001111001111001111001111001000111111001111001000100111001111001111001000111000111111001111001
111001000111111001000111111001111001001010111001111100111001111001000111111001000111111001111001111001111001000111000111111001111001111001000111001010111001111001000111111001111001000111000111
111001111001111001111001111001111001110110000111110110111001000111000111111001000111111001111001111001000111111001111001000111111001111001111001001010111001111001111001000111000111000111111001
111001000111111001111001111001000111001010111001110110000111111001000111111001111001000111000111000111000111111001111001111001111001000111111001110110000111111001111001111001000111111001111001
111111111111111111111111000001000001000010000001000100000001111111000001111111111111000001111111000001000001000001000001000001111111111111111111111100000001111111111111000001111111000001111111
111111000001000001111111111111000001000010111111000100111111000001000001000001111111111111111111000001111111111111111111000001111111000001000001000010000001000001111111111111111111000001000001
111001000111111001000111000111000111111100000111000100111001111001111001111001111001111001000111111001000111111001111001000111111001111001111001000100000111000111111001111001000111000111111001
000111111001111001111001111001000111111100000111111100111001111001000111111001000111111001000111000111111001111001000111000111111001000111000111110110000111111001111001111001000111000111111001
111001111001000111111001111001111001111100111001110110111001111001000111111001111001111001111001111001000111111001000111111001111001000111000111111100000111000111111001111001111001111001111001
111001000111111001111001111001111001110110111001110110111001111001111001000111111001000111111001111001000111000111111001111001000111111001111001110110111001111001000111000111000111111001000111
000001000001111111111111000001000001111110111111000100111111111111000001111111000001111111111111000001111111000001000001111111000001111111111111111100000001111111111111000001000001111111111111
000001000001111111000001111111111111111100111111000100111111111111111111000001111111000001111111111111000001000001111111000001111111111111000001111100111111111111000001111111111111111111111111
111111000001000001111111000001111111111100000001000010111111111111111111111111111111111111111111111111000001111111111111000001111111111111111111111110111111111111111111111111111111111111111111
111111111111111111000001111111111111000010111111000010111111000001000001111111111111111111000001111111111111000001111111000001111111000001111111000010111111111111000001000001111111111111111111
111111000001111111111111000001111111111100111111111100000001111111111111111111111111111111000001111111111111111111111111111111000001000001000001000010111111111111111111111111111111111111111111
000001111111000001111111111111111111000010111111000010111111111111000001000001111111111111000001111111111111111111111111000001000001111111111111000010111111000001111111111111111111000001111111
000111000111111001000111111001111001110110111001110110111001000111111001000111111001111001111001111001000111111001111001111001111001111001000111111100111001111001000111111001111001111001111001
000001000001111111000001111111000001111110111111000100111111000001111111111111111111111111111111111111111111111111111111111111000001111111111111111100111111111111111111111111111111000001111111
111111111111111111000001111111000001000100000001111100111111000001000001111111111111000001000001111111111111111111000001111111111111000001000001000010111111111111000001111111000001111111111111
000111111001111001111001000111111001001010111001000100000111111001111001000111111001111001111001000111111001000111111001000111111001111001111001110110000111000111111001000111111001111001111001
111111111111111111000001000001111111000010111111111110000001111111000001111111000001111111000001000001111111111111111111111111111111111111000001111100111111111111111111111111111111111111111111
111111111111111111111111111111000001111110111111111110000001111111111111111111111111111111111111111111000001111111111111111111000001111111000001000010000001111111000001111111111111111111111111
111001111001111001111001111001000111111100000111111100111001000111111001000111111001000111000111111001000111111001111001111001000111000111111001110110000111000111111001111001111001111001000111
000111111001111001111001111001111001000100111001111100111001111001000111111001111001111001000111000111111001111001000111111001111001111001111001000100111001111001000111111001111001111001111001
111001000111111001111001111001111001000100000111001010111001111001111001111001000111111001111001111001111001111001000111000111111001111001111001110110111001111001000111111001000111000111111001
000111000111111001000111000111111001110110111001111100111001000111111001111001111001111001111001111001111001111001000111111001111001111001111001000100111001111001111001111001111001000111111001
000001000001111111111111111111000001111100111111000100111111111111000001111111111111111111111111111111111111111111111111000001111111000001111111111100111111111111111111111111000001000001111111
000111111001000111000111111001000111111100000111001010111001000111111001111001000111111001111001111001000111000111000111000111000111111001000111110110111001000111000111000111000111111001111001
000001111111111111111111000001111111111110111111111110111111111111000001111111000001111111111111111111111111111111000001000001111111111111111111000010111111111111000001000001111111000001111111
000001111111111111111111111111111111000010111111111100000001000001000001000001000001111111000001111111111111111111111111111111111111111111111111000010000001111111111111000001000001111111000001
000001000001111111111111000001111111000100000001000010111111111111111111000001111111000001111111000001000001111111000001111111111111000001000001000010111111111111000001111111000001111111000001
000111111001111001111001111001000111110110111001110110111001111001111001000111111001111001111001000111000111111001111001111001111001111001000111111100111001111001000111000111111001111001111001
111001000111111001111001111001111001111100111001111100111001111001111001111001111001000111111001111001111001111001000111111001111001111001000111111100111001000111111001000111111001111001111001
111001000111111001111001001010111001000100111001110110111001111001000111111001000111000111111001000111111001111001111001000111000111111001000111001010000111111001111001111001000111000111111001
111001000111111001000111110110111001110110111001001010111001000111111001110110111001111001000111000111111001111001111001111001000111000111111001001010111001111001000111000111111001111001000111
000001000001000001111111000100111111111110000001000010000001000001000001000100111111000100111111111111111111000001111111000001000001111111111111111110000001111111000001111111000001000001111111
111001111001111001000111001010111001110110111001111100000111111001111001110110111001110110111001111001111001000111000111111001000111000111000111111100111001000111000111000111111001000111111001
111001000111111001000111110110111001110110000111111100000111111001111001110110111001001010000111111001111001111001000111111001000111111001000111000100000111111001111001111001111001000111111001
000111111001111001111001111100111001110110111001111100000111000111111001110110111001001010111001111001000111000111111001111001111001000111000111001010000111111001000111111001111001000111111001
111001000111111001000111111100111001001010111001111100000111000111000111111100000111110110111001111001111001000111111001111001111001111001111001110110111001111001000111000111000111000111111001
111111000001000001111111000010111111111110000001000100111111111111000001111110111111111110111111111111000001000001111111111111111111111111111111000010111111111111111111111111000001000001000001
111111000001000001111111111110000001000010111111111100000001111111111111000010000001000010111111111111111111000001111111111111111111111111000001111110111111111111000001111111111111111111000001
111111111111000001111111111100000001111100111111000010111111111111111111000010111111000010111111111111000001111111111111111111000001000001000001111100000001000001111111000001111111111111111111
111111000001000001111111000100111111111100000001000010111111111111111111111100000001000010111111111111000001000001111111111111111111000001000001111110111111111111111111111111000001111111111111
000111000111111001111001110110111001110110111001111100111001111001111001110110000111110110111001111001111001000111111001000111111001111001111001110110111001111001000111111001111001111001111001
111111000001000001111111111100111111000100111111000100111111111111111111111100111111000100111111111111111111000001111111111111000001000001111111111100111111000001000001111111111111111111000001
111001111001000111111001111100000111110110111001001010111001111001111001001010111001001010111001000111000111000111111001111001111001000111111001110110000111111001111001111001111001000111000111
111001111001111001000111111100111001111100111001000100111001111001000111111100111001110110000111000111000111111001111001111001111001111001111001110110111001000111111001000111111001111001111001
111001111001000111111001110110111001110110111001000100111001000111111001000100111001000100111001000111111001111001111001111001111001111001111001111100111001111001111001111001000111111001000111
111111000001000001000001000100111111111100111111111100111111111111000001111100000001000010000001111111111111111111111111111111111111111111111111111110000001111111000001111111111111111111000001
000100111111111111111111000100111111111100000001111110111111000001111111111100111111000100111111000001111111000001111111111111111111111111000001111100111111000001000001111111111111111111111111
110110111001111001000111110110111001111100111001001010111001111001000111001010000111110110111001000111000111111001111001000111000111111001111001001010000111000111111001111001000111111001000111
000100000001000001000001000010000001111110111111111100111111111111111111000100111111111100111111000001000001111111000001000001111111111111111111111100111111000001111111111111000001111111111111
001010111001111001111001111100111001111100111001110110000111111001111001000100111001110110000111111001111001000111111001000111000111000111000111001010000111000111000111000111000111000111111001
000100111111111111000001000100000001111100111111111100111111111111000001111110111111111110000001111111000001111111111111111111111111111111111111111100111111000001111111000001111111111111111111
000010111111000001111111000010111111000010111111000010111111000001111111111100000001000010111111000001111111111111000001111111111111111111111111111110000001111111000001111111111111111111000001
000010111111000001111111111100111111000100111111111110111111000001111111000010111111111100111111111111000001111111000001111111111111000001000001111100111111111111111111000001000001000001111111
000010000001111111111111000100000001111110000001111100000001000001111111111100000001111110111111111111000001000001111111111111111111111111111111000100000001000001111111111111111111000001111111
111100000111000111111001110110111001110110111001001010000111000111000111110110111001110110000111000111111001000111111001111001000111111001111001110110111001000111111001000111111001111001111001
110110111001000111111001111100111001000100111001110110111001000111000111110110111001110110111001111001000111111001111001111001000111111001000111111100111001111001000111111001111001111001111001
000100000001111111111111111110000001111100111111111100111111111111111111111110111111000100000001000001000001111111111111000001000001000001111111111110111111000001111111111111111111111111000001
110110000111111001000111000100111001111100111001110110000111111001111001111100000111111100111001000111111001111001000111000111000111000111111001111100111001111001111001000111000111111001111001
110110000111000111000111111100111001111100111001111100000111111001000111000100000111111100000111111001000111000111111001111001000111000111111001001010111001000111111001111001111001111001111001
111100000111111001111001000100111001111100111001001010000111111001111001111100000111111100111001111001000111000111111001111001111001000111111001111100000111000111000111111001111001111001000111
000010111111000001000001111100000001000010111111000100000001111111000001000010000001000010000001000001111111111111000001111111111111000001111111111100111111000001111111000001111111111111111111
110110111001111001111001111100000111000100111001110110111001111001000111110110111001000100000111111001111001111001000111111001000111111001111001111100111001111001111001111001111001000111111001
001010111001111001000111110110111001111100111001000100111001000111111001000100111001110110000111000111111001000111000111111001000111111001000111110110111001111001111001111001111001111001000111
111100111111111111111111111100111111111100000001000010111111000001000001111100111111000010000001111111111111111111111111111111111111111111111111111110111111111111111111111111111111111111111111
111100111111000001111111000010111111111100111111111110111111111111111111111100111111111100000001000001000001000001111111000001111111111111111111111100111111000001111111111111111111000001111111
000010111111111111111111111100111111111100111111000100111111111111111111000010000001111100000001111111111111111111111111111111000001111111111111111110111111111111111111000001111111000001111111
111100000111111001111001111100111001111100111001000100000111111001111001110110111001000100111001111001111001000111111001000111000111111001111001111100111001000111000111111001000111111001111001
001010111001111001000111110110111001001010111001110110111001111001000111111100000111001010111001000111000111111001000111111001000111111001111001111100111001111001000111111001111001000111111001
000010111111111111111111000010000001000010111111000010111111111111000001000100111111000010111111000001111111000001000001000001111111111111111111000010000001000001111111111111000001000001111111
111100000001000001111111111100111111000100111111000100111111000001111111111110111111000100111111111111111111000001111111111111111111000001111111111110111111111111000001000001111111000001111111
001010111001111001000111110110000111111100000111000100111001111001111001001010111001111100000111111001000111111001111001111001111001000111000111111100000111000111000111000111111001111001111001
110110111001111001000111111100111001001010000111110110111001111001000111110110111001110110111001000111111001000111111001111001111001000111000111110110000111111001000111111001111001111001111001
111110111111111111111111000010000001111100000001000010111111111111000001000010111111000100000001111111111111000001111111111111111111111111000001000100111111000001111111000001000001111111000001
111100000111111001000111111100111001001010111001111100000111111001111001111100111001000100111001111001000111111001000111111001111001000111111001001010111001000111111001000111000111111001111001
111110111111111111111111000010111111000100000001000010000001111111111111111110111111000010111111000100111111000001111111111111111111111111000001000010111111111111111111111111000001111111111111
000010111111111111000001000010111111111110111111000010000001111111000001111110111111000010000001111100111111000001111111111111111111111111111111111100000001111111000001000001111111111111000001
111110111111111111111111111100000001000010111111000010111111000001000001000010111111000010111111000100111111111111000001111111111111000001000001000010000001000001111111111111000001111111111111
001010111001000111111001110110111001111100111001000100111001111001000111110110111001111100000111001010000111111001111001110110000111111001000111110110111001000111111001000111000111111001111001
111100111001111001000111000100111001000100000111110110000111111001111001001010111001110110111001110110111001111001111001001010111001000111111001111100111001000111111001000111111001111001111001
110110000111000111111001111100000111111100000111110110111001000111000111111100111001110110000111000100111001000111111001110110000111111001000111110110000111111001111001000111000111000111000111
111100111111111111111111000010000001111110000001111100111111000001111111000010111111000010000001111110111111111111000001111100000001000001000001111100000001000001111111000001111111111111111111
000100000111111001111001110110000111000100111001111100000111000111000111000100111001111100111001000100111001000111000111001010111001111001111001001010000111000111000111111001111001000111000111
110110000111111001111001110110000111110110111001110110000111000111000111001010000111111100111001111100000111000111111001000100000111111001111001110110000111111001111001111001111001111001111001
111100000111111001111001000100111001110110000111111100111001111001111001110110000111001010111001110110000111000111111001111100000111111001111001111100000111111001000111111001111001111001111001
000100111111000001111111000010111111000010000001000100111111111111111111111110111111111100111111000100111111111111000001111110000001000001111111000010111111111111000001000001000001111111111111
111100000111000111111001110110000111111100111001111100000111000111111001000100111001000100111001110110111001111001000111000100000111000111000111111100000111111001000111000111000111000111000111
000100111111111111000001000010000001111100000001111100000001111111111111000100000001000010000001111100111111111111111111000100000001111111111111000010000001111111111111000001000001111111111111
111100000001000001111111111100000001000100111111111100111111111111000001000010000001111100111111000010111111111111111111111100111111111111000001000010000001111111111111000001000001111111000001
111100111001111001111001110110111001001010111001110110111001000111000111110110111001000100000111111100111001111001111001001010000111000111000111000100111001111001000111111001000111111001111001
000010000001111111111111111100111111000010000001111100000001111111111111111100111111111100111111111100111111111111000001111100000001000001000001000010111111111111111111000001111111111111000001
111110000001111111111111111100111111000100000001000010111111111111000001111100111111000100111111000100000001111111111111000010111111111111111111111100111111000001000001111111000001000001000001
111110111111111111111111000010000001000010000001111110000001111111111111000100111111111100000001111100111111111111111111111110111111111111111111000100000001111111111111000001000001000001111111
111110000001000001111111000010000001111100111111000010111111111111111111000010000001111100000001111100111111000001000001111100111111000001111111000010000001111111000001000001000001111111111111
000100111111111111111111111100111111000100000001000010111111000001111111000010111111111110111111000010111111111111000001000100111111111111000001000010000001000001111111000001111111111111111111
000100111111000001000001111100111111111100000001111110111111000001111111000100111111000010111111111110000001111111111111111100000001000001000001111100000001111111000001111111000001000001000001
000100000111111001111001001010000111001010111001111100000111111001000111110110111001110110111001110110111001111001111001110110111001000111000111001010000111000111111001111001111001110110111001
000010000001111111111111000100000001000100000001111110111111111111111111000100111111000100111111111110111111000001111111111110111111111111000001000100111111111111111111111111000001000100111111
000010111111111100000001000100000001111100000001111100111111000001111111111100000001000100000001000100000001111111000001000010000001000001000001000010000001111111111111111111000001111100000001
111100000001000100111111111110111111111100000001000100000001000001111111000100000001111100111111111100000001111111111111111100000001111111111111111100000001111111000001111111111111111100111111
000100111111111100000001111100000001000010111111111110000001111111111111000010111111111100111111111100111111111111111111000010111111111111000001000010111111111111111111111111111111111100000001
000010000001000100000001111100111111111100000001000010111111000001111111111100111111111110111111000010111111111111111111111100111111111111111111000100111111111111111111111111000001000010000001
111110000001000100000001111100000001111100000001111100111111111111000001111100111111111100111111111110000001000001000001111100111111111111000001111100111111111111111111111111111111111110111111
111100111111000010111111000010000001000100000001000100111111000001111111111100000001000100000001000010111111111111000001111100111111111111111111111100000001000001111111000001111111000010000001
111100111001111100000111111100000111110110000111110110111001000111111001111100000111110110111001111100111001111001000111000100111001111001000111110110000111111001111001111001000111111100111001
000100111111111110111111000010000001111110111111000010111111000001000001000010111111111110111111000010111111111111111111111110111111111111000001111100111111000001000001111111000001111100000001
001010111001111100111001110110111001111100111001001010111001111001111001000100000111111100000111110110000111110110111001111100111001111001111001001010111001000111111001000111111001110110000111
001010111001110110111001000100111001001010111001111100111001000111000111110110000111111100111001111100111001110110000111111100111001000111111001110110111001111001000111000111111001001010000111
001010111001110110111001110110111001001010000111110110000111111001111001111100000111001010111001110110111001001010111001111100000111000111111001111100111001111001000111000111000111001010000111
111110111111111100111111000010111111111100000001000100111111000001111111000100111111000010111111111100000001000100000001111100111111000001111111111100111111111111000001111111111111111110111111
000010000001111100111111000100111111111100000001111100111111111111111111000010111111111100111111000010111111111100111111000010111111000001111111111100000001111111000001000001111111000010111111
000100111111000010111111000010000001000010000001111100111111000001000001000100111111000010000001111100000001111110111111111100111111111111000001111100111111111111000001111111111111000100000001
110110111001111100111001001010111001111100111001110110000111111001111001111100111001110110111001111100000111111100000111001010111001000111111001001010111001111001111001111001000111110110111001
110110000111110110111001000100000111000100111001001010111001111001000111110110000111000100111001001010111001000100000111111100111001111001000111000100000111111001111001000111111001110110000111
111100111111111100111111000010000001000010111111111100000001111111111111000010111111111100111111000010000001000010000001000100000001000001000001111110000001000001111111111111111111111100111111
001010000111110110111001000100111001111100111001000100111001111001000111000100111001000100111001110110000111001010000111111100111001111001000111001010000111111001000111000111000111111100111001
000010111111000100111111000010111111000010000001000100111111111111111111111110111111111110111111111100111111111100111111000100000001111111111111000100111111111111000001111111111111000010111111
001010111001111100111001000100111001110110111001110110000111111001000111111100111001111100000111111100000111110110111001111100000111111001000111001010111001111001000111000111000111110110111001
110110000111111100000111111100000111111100111001110110111001111001000111000100000111111100111001111100000111110110111001110110000111000111111001110110111001000111000111110110000111111100111001
001010111001110110000111110110111001000100111001001010000111111001111001000100111001000100111001111100111001111100000111110110111001001010000111000100000111111001111001110110111001001010000111
000010000001000010111111111100000001111100111111111110111111111111111111111100000001000010111111000010000001111110111111111110000001111100111111000010111111000001111111111100000001000100111111
000100000111110110000111001010111001111100000111111100111001111001111001110110111001110110111001111100000111110110000111111100000111110110111001111100111001111001000111001010000111111001001010
111100111001001010111001111100000111111100000111110110111001000111111001001010000111001010111001110110111001001010000111111100111001001010111001111100000111111001000111110110111001111001111100
111100111111111100111111000100111111000100111111111100111111111111000001111110111111111100111111000100000001111100000001111110111111000100111111000010111111111111111111000010111111111111000010
111110111111000010000001111110111111111100111111111100000001000100000001000100111111000010000001000010111111111100111111111110111111111110111111000010000001000001111111000010111111000001000010
000100111111111110000001111100111111000100111111111100111111111100111111111110111111111100111111111110000001111110000001000100000001000010000001111100111111111111111111111110000001000001000010
111110111111000010111111111110111111111100111111000010000001111100111111000100000001000010111111111110000001000010111111111100111111000010000001000010111111111111111100000010111111111111111110
111100111111111110111111000100111111000010111111000010000001000100000001000010111111000100111111111100111111000100000001000010111111000010111111000010000001111100111100111100111111111111111100
111110000001111110111111111100111111000100111111000010111111111100111111111100000001000010000001111100111111000010000001000010111111000100000001000100111111000100111100111100000001000001000010
110110000111110110111001110110000111111100111001111100111001111100001010110110111001110110000111000100111001110110111001111100000111001010000111111100111001110110110110110110111001111001110110
111100000111000100000111110110000111111100111001000100111001000100110110001010111001001010000111111100111001001010000111110110111001110110000111000100000111110110001010001010111001111001110110
111100000111001010000111111100111001000100111001111100000111000100110110110110111001001010111001001010111001110110111001110110000111001010111001001010111001110110111100111100111001000111111100
111100111001001010111001111100111001110110000111110110111001000100001010111100000111110110000111111100111001000100111001111100111001111100000111110110000111111100000100111100000111000111110110
111110000001000010000001000010000001111100111111000010111111000100111100000010000001000010000001000100111111000010111111111110000001111110111111111100111111000010000010000100111111111111111110
111100000111110110000111111100111001110110111001111100111001110110111100111100111001111100111001110110111001000100111001110110000111001010001010110110111001111100000100001010000111000111110110
111100111001111100111001000100111001110110111001001010111001110110111100000100000111111100111001110110111001000100111001111100111001001010001010111100000111000100001010110110110110111001111100
111100111111000100111111111110000001111110111111111110111111111100000010000010000001111110000001111100000001000010111111111100111111111100000100111100111111111100000100111100111100111111111100
001010111001000100111001000100111001110110111001000100111001000100111100111100000111000100111001111100111001110110000111001010111001001010110110111100000111110110001010110110000100000111110110
001010111001001010000111110110000111001010111001110110111001000100110110111100111001111100111001111100111001111100000111110110111001111100110110000100000111001010110110001010111100000111111100
000010111111111100000001111100000001111100000001111100111111111100000100111100000001000010000001000100111111000100000001111100111111000010111110000010000001000100000010111100000100000001111110
110110000111111100111001000100000111110110111001110110000111001010001010110110111001001010111001001010111001001010111001000100000111001010000100110110111001111100111100111100111100000111111100
000010111111111110111111000010111111111110000001111100111111111100111100000010000001000100111111111100111111111110111111000010000001000010000010111100111111000010000100000010111100111111111110
111100111111111110111111111100111111000010111111000010000001000100000010000010000001000010111111111100111111000100111111111100000001111100000010000100111111000100111100000010000100111111000010
111100111001111001111100001010111001111100111001110110111001111100111100110110111001111100111001110110111001111100111001001010000111001010110110110110111001001010110110111100110110000111110110
000100000001111111000010000100111111111110111111000010000001000010111100000100000001111100111111000010111111000100111111111100000001111100000100111110111111111100111100111100111110000001111100
001010000111000111001010000100111001110110000111000100111001110110001010001010111001110110111001110110111001111100111001001010000111000100110110110110000111110110111100110110111100000111111100
001010111001000111110110001010000111111100000111111100000111111100001010111100000111001010111001001010111001001010000111110110111001000100001010001010111001111100111100001010000100111001000100
000100111111111111000010111110111111111100000001111100111111111100000100000100111111000010111111111100111111111100111100000010000001000010111110000100111111000010111100111100111110111111000010
000100111001111001111100110110111001110110000111110110111001110110000100111100000111110110111001111100000111000100110110110110111001111100000100110110000111110110000100111100111100111001001010
000010000001000001111110111100111111111100111111111100000001000100000010111100000001000010000001111110111111000010000100111100000001000010111100000010000001111110111100000010111100111111000100
000010000001111111111100111100000001000010000001111100111111000010000100000100111111111100111111000010111111000010000100000100000001111100111100000010111111111100111100000100000010000001111110
000010000001000001111100000100000001111110000001111110000001000010111110000100000001111100111111111100000001111110000100000010111111000010000100111110111111111100111100111100000100111111000010
000010111111111111000010000100111111111100111111000100000001000010000100111100111111111100000001000010000001000010000010000010000001000100000100000010111111111100111110111100111100111111000100
000010000001111111000010000100111111000010111111000100111111000010111100000100111111000100111111111100000001000100000010111110111111000100000010111100111111000010000010000100000010000001000010
111100000111111001110110001010111001110110000111001010000111000100110110110110000111110110111001000100000111110110111100110110111001111100111100111100111001111100111100111100110110111001001010
110110111001001010000100000100000111111100111001001010111001110110111100001010111001110110000111001010000111000100000100111100000111001010001010001010111001111100111100000100111100111001110110
110110000111001010110110110110111001111100000111111100000111000100000100111100111001110110111001111100000111111100001010001010111001111100111100110110000111000100111100110110110110111001001010
000010111111111100000100111100111111000010111111111110000001111100000010111100111111111110000001111100111111000010000100111110000001000100000100111100111111111110000100000010000010000100111100
111110111111111100111100111100111111111110111111000010111111111100111110111100111111000100000001111110000001111100111100000100111111000010111100111110111111111100000010000100111100000100000010
000100000001111100000100111100000001111100111111000010000001000010000010111100111111111100000001000010111111111100000100111110111111111100111100000010111111000010111100000100111100111100000010
111100111111000010000010111110111111111100111111111100111111000100000100111100111111111100111111000010000001000010000010111100000001000100000010000100111111111100111100111100000010111100111100
110110000111000100000100111100111001111100000111111100111001111100111100111100000111001010000111111100000111111100000100000100111001111100111100111100000111001010000100111100111100110110001010
000010000001000010111100000100000001111100111111111100000001111100111100111110000001111110111111111110000001111100111100000010111111111110000010000100000001000010111100000010111110000010111100
000100000001000010111100111100111111111100111111111100111111000010111100111100111111000010000001000010000001000010000100111110111111000010111110000010111111111100000010000010000010000010111100
000010111111000100111100111100111111111100000001111100111111111100000010111100111111111100111111000100000001111100111100000010000001000010000010111110111111111110111100111110000010000010000100
000100000001111100111100111100000001000010111111000010000001000100000100111100111111111100111111000100111111111100111100111110000001000010000100000010111111111100111110111110000100111110111110
110110111001110110001010000100000111110110000111111100000111000100000100001010111001110110000111110110000111110110000100000100000111110110000100000100111001111100110110110110110110110110001010
001010000111110110000100111100111001110110000111110110111001000100001010111100000111001010111001000100111001110110111100110110111001001010110110110110111001110110110110000100111100001010110110
000100111111000010111100111110111111111110000001000010111111111110111110111110111111000010000001111100000001111110000100111100111111000010111100111100111111111100000010000100000010111100000100
001010000111111100110110111100111001111100000111001010111001000100110110111100111001000100000111000100111001111100000100110110111001000100111100111100111001111100111100001010111100001010111100
111100000001111100111100111110000001000010000001000010000001111110111100000010111111000010111111111100000001000100111100000010111111111110111100111100000001000010111110111110000100111110111110
111100111111111100000010000010111111111100111111000010111111111100000010000010111111000010111111111110000001111100111100000100111111000100000010111100000001000010000010111100111100000010000010
111100111001110110111100110110111001110110111001111100111001110110111100000100000111111100111001110110000111110110001010000100111001110110110110001010111001111100000100111100000100001010001010
111100111111111100111110000010111111000010111111111110000001000010111110000100111111000010000001111100111111111100000010000100111111000010000010000010111111000010111100111100000010111100000010
000100000001000010000100000010111111000010000001000100111111111110111110000010111111111100000001000100111111000100000010111110000001111110000100111100111111111100000100000010000100000100111100
110110000111000100000100001010000111001010111001110110000111111100111100111100000111111100000111110110000111000100111100110110001010110110110110110110000111110110111100110110000100110110111100
001010111001110110110110000100000111001010000111111100111001110110110110001010000111000100111001111100111001110110000100110110001010000100111100111100111001111100111100001010001010111100001010
000010111111111110000010000010000001111110000001000100000001000100111100000010111111111100111111000010111111111100000010000100111100000100000010000010000001000010111110000010000100000010111110
111110111111000100000100111100000001111100111111000100111111111110000010000010000001000010111111111110111100000100000100111100000100111100111110000010000001000010111100000010111100111100111100
000100111111111100000010111100111111111110000001000100111111000010000010000100111111000010111111000010000100000010000010111100000010111100111110111100111111111100111100111110000100000010000010
111100111111111100111100111100111111000010111111111110000001111100111110111100111111000100000001000010111100000010000100000010111110111100000010111100111111000010111100000010000010111100000010
110110111001111100111100001010000111111100000111110110000111111100110110110110111001110110111001000100110110111100110110111100000100000100110110000100111001111100111100111100111100001010000100
000100000001000010000010000010111111111100000001111100111111000100000100111100111111111100111111000010111100111100000010111110000010111110111100000010111111111100111110000100111100111100000010
111110111111000010000010111100111111000100111111000010000001111100000010000010000001111100000001111100000010000010111100000010000010000100000010000100000001111110111100111100111100111110111110
000100111001000100000100000100111001001010000111111100000111001010000100110110000111111100111001110110111100001010111100001010000100110110111100001010111001110110000100000100110110111100111100
000100111001111100111100111100111001000100111001111100000111110110001010111100000111110110111001000100111100000100110110110110000100110110000100111100000111110110110110111100110110111100110110
000010000001111100111110111110111111111100111111000100111111111110111110111110111111000010111111111110000010000100000010111100111100111100111100111100111111000100000100000010111100000010111100
000100111001000100110110110110111001110110000111110110000111111100110110000100111001000100000111110110001010111100001010110110110110110110110110111100000111110110001010110110000100000100001010
111100000111110110001010110110111001001010111001111100111001001010001010001010000111111100111001001010001010110110110110111100000100000100111100000100111001000100110110001010110110110110111100
001010111001001010110110110110111001000100000111111100111001001010001010110110111001110110111001110110110110111100111100000100111100110110111100000100111001111100000100111100001010111100110110
000100111001111100000100110110111001110110111001110110111001110110001010110110111001110110111001000100110110000100111100110110110110001010001010110110000111001010000100111100110110110110111100
111100111001110110110110111100000111000100111001110110000111001010111100110110111001110110111001001010111100000100111100001010001010110110000100110110111001001010110110001010111100001010110110
110110000111000100111100110110111001111100111001111100111001110110000100111100111001001010000111111100111100000100111100110110110110111100110110001010111001001010110110111100000100111100000100
000010000001111100111100111100000001111100000001000100000001000010111100111100000001000010000001000100111100000010000010111100111110000010111100111110111111111100000100111100111110000100111100
000010000001000010111110111100111111111110000001111110111111111100000100111100111111111100111111111100111100111110111100000010000100000010111100000100000001111100111100111100111100000010000100
111100000001111100000100111100111111111110000001111110111111111100111100111100111111000100111111111100111100000100111100000010000010111100000100000100111111111110000100111100000010111100111100
111100000001000100000100000010111111111110000001000010000001111100111100000100111111111100111111111100111100111100111110000100111100111110000010000100000001111100000010000100111100000010111100
001010111001000100110110000100111001111100111001110110111001111100110110111100111001110110111001110110111100110110111100111100110110001010111100111100000111110110001010000100111100110110000100
001010111001111100110110000100111001000100000111001010111001111100000100000100111001111100000111110110111100111100000100110110001010111100110110001010111001001010110110000100110110001010111100
111110111111111110111110000010111111111110111111111100111111000010000100000010111111000010111111111100000100111100111100111100000100000100000100111110111111000010111100000100000010000010000010
110110111001111100111100110110111001110110000111111100111001110110110110000100111001111100000111000100111100000100110110001010110110111100110110000100111001111100000100001010110110000100111100
000010111111000010111110000010111111111110000001000100111111111110111100000100111111000010000001111100111100000100000010000010111100111100000100111100000001111110000010111100000010000010000010
111100111001110110111100001010111001000100000111001010111001110110000100111100111001110110111001110110110110111100000100111100001010111100110110111100111001110110000100001010111100111100000100
000100111001110110111100110110111001000100111001110110000111000100111100110110111001111100111001110110110110001010110110111100111100111100000100111100111001111100001010001010111100000100000100
111100000001111110111110111100111111000010000001000010111111111100000010111100000001111100111111000100111110111100111110000010000100000010111100111110000001111100111110000010111110111100111100
001010111001111100111100111100111001000100111001001010111001111100110110110110111001001010111001000100000100001010001010000100110110111100110110000100111001111100110110110110111100110110110110
111100000100111110111100000010111111111110111111111110111111000100111110111110111111111100000001111110000010000100111100000100111100000010000100111110000001111100111110111100111110000010111110
000100000100111100000100111100111111111110111111000010111111000010000100000010111111111110111111111100000010000010000100000010111100111110000010111110000001000010111100111100000100111110111110
110110000100110110111100000100111001001010000111110110000111000100000100001010111001111100000111001010000100000100001010001010111100001010000100001010111001001010111100111100110110111100110110
001010110110111100111100110110111001111100111001000100111001111100110110111100111001110110111001110110001010111100111100110110111100001010000100111100000111111100001010111100110110001010110110
110110001010111100110110000100111001110110111001111100111001000100111100110110111001111100111001110110000100111100000100111100110110001010110110000100000111111100000100111100111100110110001010
111110111100111100000100000010000001111100111111111110111111000010111100000010111111000100000001111110000100111110000100111100111100000010000010111110111111000010000010111100111100000010000010
000100001010000100110110111100111001001010111001111100000111111100111100000100000111000100111001111100001010111100110110111100110110110110110110111100111001000100111100111100000100111100001010
000100000100110110111100000100000111000100111001111100111001001010111100111100111001111100111001111100111100000100110110001010001010000100111100111100111001111100000100110110001010110110111100
000100000100110110110110110110000111000100111001111100111001001010111100000100111001111100111001111100001010110110110110000100000100001010001010111100111001111100111100111100000100000100001010
110110111100110110000100110110111001000100111001001010000111001010111100110110111001111100111001111100000100001010110110110110111100000100111100000100111001110110111100001010110110110110110110
110110000100001010001010000100111001110110000111111100111001111100111100110110111001001010111001111100110110111100111100110110111100001010001010001010111001001010110110000100110110110110001010
001010001010111100001010110110111001110110111001111100000111001010111100111100000111110110000111110110000100000100110110111100111100001010000100111100111001110110001010001010001010110110110110
000100111110111110111100111100111111000010000001111110000001111110111100000100111111111110111111000010000100111100111100111110111110111100000010111100000001000010000100000010000100111100111100
000100110110110110110110110110000111110110000111000100000111110110110110001010000111110110111001111100110110110110001010111100000100110110111100110110111001001010000100111100000100111100110110
000100110110110110110110000100000111000100000111111100000111000100110110001010111001001010111001001010000100001010111100000100110110111100000100110110000111111100110110111100000100111100110110
110110110110110110110110001010111001110110111001111100111001110110000100000100111001110110001010000100111100000100000100000100000100111100111100111100000111110110000100000100111100110110111100
110110000100110110110110110110111001110110000111111100111001001010110110110110001010000100110110111100000100110110111100110110111100111100000100000100111001111100001010000100111100110110110110
000100000010111100000010000010111100111100000001111100000001000100000010111100111100000100000100111100000010111110111100000100111100000010000100000010111111000100000010000010000010111100000100
110110110110000100110110111100001010111100111001111100000111110110110110111100110110001010110110001010000100001010111100111100111100000100110110110110111001110110001010110110111100001010110110
111110111110111100000100000010000100000100111111111100000001111110111110000010111100111110000100111100111100000100000100000010111110000010111100000100000001000100111100111100000010000100111100
111100110110110110110110110110110110001010111001110110111001111100110110000100001010000100000100110110001010110110000100111100001010000100111100000100111001001010110110110110110110000100111100
110110111100110110110110110110110110111100111001001010000111000100110110110110000100000100111100111100000100110110001010110110110110110110001010001010111001000100001010111100001010001010000100
111110000010000010000010111110000010000010000001000010111111111110111100000100000010111100000010111100111110000100000010111100111100000100000010000010111111000010000010000100111110000100111100
000100000010111110000010000010111110000010111111000010111111000010111100000010000010111100000010000010000010111100111100111110111100000010111100111100111111000010111110111110111110111100111100
110110000100111100001010001010111100111100111001111100111001000100111100111100000100111100110110111100110110110110111100111100111100111100111100110110000111111100111100110110110110111100110110
000100000100000100111100111100000010000010111111000100000001000010000010111100111100000010000100111110111100000010000010111100000100111100111100000100000001000010000010000010000100111110000100
111110111100000010111100111110000100000010111111111100111111111110111100111100111100000100111100000100000010111100111110111110000010000100111100000010111111111110111110111100111100000010000010
000010111110111100111100111100000100111100111111111110111111111110000100000010111100111100111100111100000010000100111110000100000010111100111100111100000001000010000010111100111110000100000010
111110000100111110000010000010111100111100111111111100000001111110000010111100000100111110000010000100111100111100000010111100000010000010000100000100111111000100000010111100000100111110000010
111100001010110110000100111100110110110110000111111100111001111100000100111100000100110110111100001010111100110110111100110110110110110110000100111100111001110110001010110110111100110110111100
111100001010111100111100000100000100001010111001001010000111111100110110111100111100111100110110111100001010000100001010001010110110000100111100000100111001000100001010111100110110111100111100
110110111100110110000100110110000100111100111001110110111001001010110110111100110110000100110110110110110110111100110110111100001010110110111100111100111001111100111100111100110110001010111100
000010111100111110000010111100111100111100111111000100111111111100111100111100111100000010111100111100111100111100111100111110000100111100000010000010000001000100000010111110111100000010111100
111100111100111110000010000100111100111100111111000010111111000010000010111100111100000100000100111100111100111100111110111100111110000100000010111110111111000100000100000010000100111100000010
000100000010000010000100111110000100000010111111111100000001000010111100111100111100111100000010111100000010111100111100111100000100111100111110000010111111000100000100000010111100000010000010
000010000010000010111110000100111100111100000001111100111111111100000010000010000010000100111110000010000010000100000010000100000100000100000010111100000001111110111100000010111100000010111100
000100000010000010111110000100000010111100111111000010000001000100111100111100000010111110111100000010111100111110111100111100111100111100111100000100000001111100000010000010000100111110000010
111100001010111100110110110110000100000100111001000100000111110110110110001010001010110110111100111100001010000100000100110110110110110110001010110110111001111100110110001010111100111100111100
001010110110001010000100111100001010110110111001111100111001111100110110001010111100110110110110111100001010111100110110111100111100111100111100001010111001110110111100110110001010000100001010
111110000010111100000010000100111110111110111111111110111111000100111100000010111100111100000100111100000100111110111100000100000010111100000010000010111111000100111100111110111100111110111100
110110000100110110110110000100001010111100000111000100000111111100110110110110001010111100001010111100110110111100110110001010000100110110110110110110000111001010001010111100001010110110110110
001010110110111100110110000100110110110110111001111100000111110110110110000100110110110110111100001010111100111100001010001010111100110110110110001010000111001010001010110110001010110110110110
000010111100111100111100111100111100000010111111111100111111111100111100111110000010111110000010000100111100111100000010111110111100000100000100000010111111000100111100111100000010111100000010
000100111100000100001010111100111100001010111001110110000111001010000100110110000100111100000100001010110110111100000100111100000100111100111100001010111001110110110110001010111100111100110110
000010000100000100000010000010000010000100111111000100111111000100111100000010000010000100000010000010111100000010000010111110111100111110111100000100000001111100111100000010000100111100000010
000010000010000010000100111110111110111110111111111100111111111100000100000010000010000010111110111110000010000100111110000100111100111100000010111110000001000010000100111100000100000010111110
111100111100110110111100000100111100001010111001111100000111001010001010111100111100111100110110001010111100111100000100111100110110001010110110110110000111110110111100111100110110110110000100
000100000010000100000010000010000010000010111111111100000001111100000100111110111100111110000010111110000010000010111110000100000010000100111100000010111111111100111100000100000100111110111100
110110110110001010111100111100110110000100111001110110000111111100000100111100111100000100110110110110001010110110111100111100111100110110001010111100111001110110001010110110000100001010110110
111110111100111100111100000100111110111110111111000010111111000100111110000010111100000010111100000010111110111100111100111100000100000010111100111100111111111100111100000100000010111100111100
000100001010111100110110000100110110111100111001110110111001110110110110110110110110111100000100000100110110110110001010111100111100111100110110111100111001111100110110001010111100110110001010
000100111100111100110110000100110110111100111001110110000111001010001010111100000100110110110110111100111100110110000100110110001010111100110110001010111001000100111100110110111100110110111100
110110001010111100001010111100111100001010111001111100111001110110001010000100001010111100111100111100110110111100000100111100111100000100110110110110111001001010111100001010111100111100110110
110110001010111100111100000100110110110110111001001010111001111100110110000100000100000100110110001010111100001010001010000100111100000100111100111100000111110110110110110110111100111100110110
111110000100000010000100000010000010000100111111000010000001111110111110000010111100000010111110111100000100000010111100000010000010000010111100000100000001000100111100000010111100111110111100
000010000010000010000100111110111100000010000001111110111111111100000010000010000010000010111100111110000010000010111100000010000010111100000100111110111111111100111100000100000010111110111100
000100000100000010111100111110000010000010000001111100111111111100000010000010111100000010000100000100111110000010111110000010000100000010111100000010111111000010000100111100111110111110111110
000010000010111100000100000100000100000010111111111110111100111100111110111110111100000010000010111100000010111100000100000010000100111110111100000010111111000010000010000100111100000010111110
000100111110111100000010111110111100000010000001111100111100111100000010000100000010111110000010111100000010111100111110000100111110111100000010000010111111000010111110111100000010111110000010
001010110110111100111100110110000100001010000111001010110110111100000100111100111100110110111100000100111100110110001010001010001010111100000100111100111001111100111100000100111100110110111100
111100111110000010000010111100111110000010111111000010111100000010111100000100111110000010111110111100111110111100111100000100000100000010111100111100111111000010111110000010111100111100111100
111100111110111100000010111100000010000010111111111100000100000010000010000100000010000100000010000100111100111110111100111110111100000100000100111100111111111110000010111100111100000010111110
000100111100110110110110111100111100000100111001000100111100000100000100001010111100110110001010111100110110001010110110110110111100110110001010001010111001110110111100110110001010111100001010
111100000100001010111100111100111100111100000111111100111100111100110110111100110110110110110110000100110110110110110110000100001010110110110110111100000111111100001010110110110110110110110110
110110111100111100110110000100001010001010111001000100111100111100000100111100001010111100111100111100111100001010110110110110001010110110111100111100001010111100111100001010000100110110001010
111100000010111100000100111100000100000100111111111110111110000100000010000010000010000010111110111100111100000100111100000010000010111110111110000010000100000100111110111110000100000100111110
110110001010000100110110001010111100000100111001111100001010000100110110110110111100000100111100001010111100000100111100110110111100110110111100111100110110111100110110111100111100000100111100
111100111110000100111110111110000010000100111111000100111100111110000100000100111110111100000100111110111100111110111100111100111110000010000010000100111100000010000010000010111110111100000100
111100000010000100000010111100000010111110000001111100111100111100111100000010111100111100000100000010111110000010000100000100000100000010111110111110000100000100111110111110111110000010000010
111110111110000100000100000010000100000010111111000100000100000010111100111100111100000010111110111100111100111110111100111100000100111110000010000010111110111100111100000010111100000100111100
001010111100001010000100110110110110110110111001000100111100111100000100111100000100110110111100001010110110001010110110111100111100110110001010111100111100110110001010111100110110110110111100
001010000100110110110110001010000100111100111001111100111100001010110110110110111100111100001010111100110110000100000100000100111100110110111100111100111100110110001010110110001010110110000100
111100111110111100111110111100000010111110111100111110111100111100111110000100111100000100111110111100000100000100000010000010111100111100111110111100000010000010111100000010111100111100000010
000100111100001010111100000100001010110110110110111100001010110110000100110110111100110110001010111100111100110110110110111100110110001010110110110110110110001010111100111100000100110110111100
000100110110111100111100110110111100001010110110110110001010001010111100000100110110110110110110111100000100110110001010111100111100111100000100111100001010111100001010001010110110001010110110
111100111100110110111100001010001010000100110110000100110110111100110110110110110110111100110110111100000100111100001010000100110110001010000100110110110110111100000100111100110110110110110110
110110110110110110110110111100001010111100001010111100111100001010110110001010110110110110110110001010111100000100110110000100111100110110110110000100110110111100111100111100110110000100000100
000010111100111100111100000010111100111110000010000010111110000010000100000010000100111100000010111100000010111100111110111100000010000100111100111110000010111100111110111100000100111100111100
110110110110110110111100111100110110111100000100000100110110000100110110111100111100111100000100110110000100111100111100001010111100110110110110110110111100001010001010110110000100001010110110
111110000010000010000100000010000010000100000010000100111110000010111110000010000010111110000100000010111110000100000010000010000100000010111100000010111100111100111100111100000010000100000100
110110000100000100001010111100111100000100111100110110110110110110110110000100001010111100110110110110001010111100111100111100110110111100111100111100001010110110110110110110111100110110111100
000010000010111100111100000010000100000010111100000010111100111100111100000010000100000010000100000100000100000010000010111100000100111110000100000100000100000010000100000010111110111110111100
001010110110110110000100001010110110001010001010110110001010110110110110000100001010111100110110001010000100000100111100110110000100000100111100110110110110001010000100001010110110000100001010
111100001010001010110110001010110110110110110110000100111100001010001010110110110110000100110110111100000100111100110110110110110110110110111100000100111100110110001010000100111100001010111100
111100111100110110001010110110110110111100001010111100111100000100000100110110110110001010000100110110110110110110111100111100001010000100000100000100111100110110110110000100110110001010111100
111100001010111100111100110110110110001010000100110110111100110110111100110110111100001010110110111100110110110110000100001010001010001010001010111100110110110110001010111100110110110110111100
111100111100111100111100000100111100110110111100000100111100110110111100001010110110110110110110111100110110111100110110111100000100110110001010111100111100111100001010001010001010110110110110
000010111100111110000010111100000100000100111100000010111110000100000010111110111100000100111100111100111110000100000010111100000100111100000100111100000100000010000010000100000010000010111100
111100001010111100110110110110110110110110001010001010110110001010110110110110001010000100000100111100001010110110111100110110000100111100110110111100001010000100000100110110111100111100111100
000100111100000010000100111110111100111100111100111100000010000010000010000100000010111100000010111110111110111100111100000100000010000010000010111110000100000010000010000100000100000010000010
000100111110111110000010111100000010111100111100111110111100000010111100111110000010111100000010000010111100111110000100111100000100111100000100111100111110111100000010000010111110000010111100
000100000100111100000010000100000010111110000010000010000100000010000100000100000010111110111100000010111100000100000100111100111110000010000100000100000010111110000100000100000100000010111100
111100110110111100001010000100111100000100000100111100111100111100110110110110110110110110111100111100110110001010001010110110111100001010001010111100000100110110000100110110111100000100000100
000100000010000010000100000100111100111110111100111110000100111100111110111110000010111100111100111110111100000010000010111100000010000010111100000100000010000100111100111100000010111100111100
111100111100110110111100111100000100000100000100001010111100111100111100110110110110000100111100110110001010111100001010111100111100111100111100110110111100110110110110001010000100000100111100
110110111100111100001010111100110110110110110110111100001010110110001010000100000100110110001010111100110110111100000100110110111100000100000100110110110110111100110110111100111100111100000100
111100111100111100111100110110111100001010001010000100000100110110111100000100001010111100000100000100001010110110111100110110000100111100000100001010111100000100000100111100110110110110111100
000100000010111100111110000010000100000010111100000100111100000100111100111100111110000010111100111110000010000100111110000100111100111100111110111100000100000100111110111110111100000010111100
001010000100110110111100110110000100001010111100001010110110111100000100000100110110110110000100111100110110000100110110110110111100110110110110110110110110000100110110111100111100111100110110
110110001010110110110110001010001010000100111100111100000100000100111100110110111100111100000100111100110110111100001010000100000100000100111100111100111100001010111100110110001010110110001010
111100000100111100000100000010000010000100111110000100000010111100000010000100000010111100000010111110000100111100111100111110111110000100111100111110000100111110000100000010111100111100000010
111100001010111100110110110110111100110110111100110110111100111100111100111100111100110110111100111100001010110110110110001010111100001010110110111100111100111100111100110110110110001010001010
111110111100000100000010000010111110111110000010111100000010111100000100000100111110000010000010111100111110000010000010000100000010000100111100111110000100000010111110000100000010000100111100
111100000100111100110110000100111100110110110110110110111100111100001010000100111100110110111100111100111100001010001010110110111100000100111100001010111100000100111100110110110110000100110110
111100001010111100110110000100111100111100111100001010110110000100111100111100111100000100110110001010001010111100001010110110111100110110000100110110110110001010111100111100110110110110111100
000100110110111100110110111100111100111100110110110110001010000100110110000100110110111100110110110110110110111100110110111100110110110110110110111100110110110110110110111100111100000100001010
000100111100110110111100111100110110001010110110000100000100000100001010111100110110111100001010110110001010000100110110000100111100111100111100110110111100000100001010110110111100111100111100
000100110110110110110110110110110110110110000100111100111100001010110110111100110110000100111100000100001010110110111100000100110110111100001010000100111100110110111100111100111100111100000100
110110110110110110000100001010110110110110110110111100111100001010000100001010111100111100110110111100111100110110111100000100110110111100111100110110000100001010110110001010001010110110110110
110110111100110110111100110110111100111100111100000100110110111100001010110110110110110110000100000100000100110110111100111100001010110110111100110110000100001010110110000100110110110110000100
000010000100111110111100000010000100111100000100111100111100111100111100111100000010000100000100000100111110111110000010111110000010111100111110111110000010111110000100000010111110000100111110
111100111100110110111100111100111100110110111100110110111100110110000100111100110110110110111100110110111100001010110110110110111100111100111100110110001010110110111100000100111100110110111100
000100000010111100000010111110111100111100000100000010000010111100000010000010111110111110000100111110000010111100000010000010000010111110111100111110000100111100111100000010111100111110000010
110110110110110110111100111100000100110110110110110110110110111100111100111100110110000100110110001010111100110110110110111100110110001010001010000100111100111100110110001010110110001010111100
000100111110111100000010111100111100000100111110000010111110111100111100000010111100111110111100000010000100111110111100000100111100000100000010111100111110111110000010111100111110000100111110
111100001010000100111100000100110110110110111100110110110110001010001010001010001010111100110110001010111100001010110110111100000100111100110110001010000100111100111100111100001010001010110110
110110110110000100000100111100110110000100111100001010001010000100000100000100110110001010000100001010111100111100111100111100110110001010110110001010001010001010111100001010000100001010111100
111100111100000100110110111100001010001010000100111100110110111100111100111100000100111100111100110110110110111100111100110110000100111100110110111100001010110110001010110110111100000100000100
000100111100111110000010111110000010000100111110111100000100000010111100000010111110111110000010111110000010111100111100111100000100000010000010111100000010111110000100111100111110000010000010
000100111110111100111110000100000010111100111100000010000010111100000100000010000010000010111110000100111110111110111110000100000100111110111100111100111110000010000010111110000100000010111110
110110000100000100111100110110111100001010110110111100111100110110000100110110000100111100111100110110001010111100110110110110110110110110001010110110110110001010000100110110110110111100000100
001010000100001010000100111100111100000100000100001010110110111100110110001010111100001010000100000100110110111100111100000100000100001010111100110110111100110110001010110110001010110110111100
000100000010111100111110111100000010111100111110111100000100111110000010000010000010111100000010000010111100111110111110000100000100111100000010111100000100111110000100000010000010000010111110
111100111110000100111110111110111110000010000010111100000100111100111110111100111110111110111100111110111100000010111110111110111100111110000010111100111100000100000010000010111100000100111100
110110001010000100111100111100111100110110110110111100001010110110000100111100110110001010110110000100111100000100111100111100111100110110110110000100110110111100110110000100110110110110000100
000010111100000010000100111100111100111100111100000100111100000010000100000010000100000010000010000010000100000100111100000010000010111100111100111100111100000010000010111100111100111100000100
110110001010110110111100111100110110000100111100110110111100110110110110001010111100111100000100111100111100110110111100110110000100110110111100001010111100000100000100110110000100111100001010
111100000010111110111100000010000010000010000010111100000100000010000100000010111110111100111100111100000010000010111110111100000010111110000010000100111110000100000010000010000100000010000100
111100000010111100111100000100111110111100111100000100111100000010000010000010111100111110111100111100111110111100000010000100000010000100000100111100111100000100111100111110111110111100000010
111100111110000010111100000100111100000010000010111100111100111110000100000100111100111110111100111100000100000100000010111100000010000010000100000010111100111100111100000100111110000010000010
000010000010111110000010111110111100000010111100000100000010111100000100000100111100000100000010111100111100000100000010111110000100000010111110111100000100111110111100111100000100000100111110
111100001010000100111100000100110110111100110110000100111100110110110110111100000100110110110110111100110110111100000100110110110110001010110110000100110110001010111100000100111100111100110110
111100111110000010000010000010000010000010000100000100000010000100000010111110111100000010111110111100111100111100111110111100000100111110111110111100000100111100000100000100111110000010000100
000100111110000100111100000010111100000100000100000100000100111110111100000010000010000010111100111100000010000100000100111100111100000010000010111100111110111100111100000010111110111110000010
110110111100001010110110001010000100110110111100110110111100001010111100111100001010111100110110000100110110111100111100110110000100111100000100111100110110111100001010000100000100000100110110
111100111110000010000010000010111100111100111110111100111100000100111110111100111100111110111100111100111100111110111100000010000100111110000100000010000100111100111110000010000010111100000010
000100110110110110110110111100001010111100110110000100000100110110001010111100001010110110001010110110001010111100001010111100110110111100110110001010001010111100001010001010000100110110110110
000100001010001010111100110110110110111100110110001010110110111100111100000100001010111100001010111100110110001010110110111100111100000100001010000100111100111100111100001010110110111100110110
000010000010111100111100111100000100000010000100111110111110000100111110000100111100111110111100111100111110111100111110000010111100000100111110000010000010111100000010000100111110111100000100
111100001010000100001010111100110110000100110110110110110110111100111100001010110110110110110110111100111100000100111100001010110110111100110110000100000100111100001010000100000100110110111100
000010111110111100000100111100000100000010111100000100111110000010000010000010111100111100111110000010111110111110000010000010000010111110111100000010000100111110000010111100000010111100111100
000100111100110110111100110110110110110110000100111100000100001010111100110110111100111100110110110110000100110110001010110110001010111100110110110110111100111100000100110110111100110110111100
000100111100000010000100111100111110111100111100000010000010000010000010000100111100000100111100000010111100000100000100111100111110000010000010111100000100000010000010111100111110000010000100
111110000010111110111100111100111100000010111100111100000010000010000100111100000100111100111100111100000010111110111110111100111110000010000100111100111110111110111110111110000010111110111100
000010111110000010000010000100111100000100111100111110000010000010000010111100000100111100000100111100000100111100000100000010000100111110000010111110111100000010000010000100000010111110000010
000100000100111100111110111100111100111100000010000010000010000010000010111100111100111100000010000010000100111110000010000010111110000010111110000010111110000100111110111110000100000010111110
111100110110110110000100000100001010111100111100111100001010000100111100110110111100110110111100001010110110000100110110001010001010001010001010111100110110111100110110000100000100111100000100
111100111100111100111100111100000100110110000100000100001010000100111100000100111100001010001010111100111100111100110110000100110110000100000100000100000100111100111100110110110110000100110110
110110111100000100111100111100000100111100110110110110110110110110111100111100110110000100001010111100111100110110001010001010000100110110111100000100111100111100111100000100110110110110001010
000100000010111100000010000010000100000010000010000100000010000010111110000010000100000010111100111110000100111100000010000010111100111100000010111100111110000010111110000010000100111100111110
111100000010111100111100111100000100111100111100111100000100111110000010000010111100000010111100111110111110000100000100000010111110111100000010111100000010000010000010111110000010000100111110
001010110110111100001010110110110110111100000100111100111100000100110110110110110110111100111100000100110110111100001010111100000100111100000100111100111100111100111100000100111100001010110110
111110111110111100000100000010111100111100111100000010111100000010111110111100111110111100000010000100111110000100111110000010000010000010111110000100000010111110000010111110000010000010111100
000100000010000010111100111100111110000010000010111110000010111110111100000010000010000100000010000100000010000100000010111100111110111110000100000100111100111100000010000010000100000100000010
111110111100000010111110000010000010000100111100000010111100000010000100111100000010000010111110000100111110000100111110111100000010111100111110000010111100111110111100111100111100111100111100
000100110110111100001010110110111100111100110110000100001010000100110110111100111100001010000100111100000100111100111100000100110110001010000100110110001010001010000100111100111100111100111100
111110111110000100111100111100000010000010111100000100111100000100000010111100000010111110111110111110111100111100111110000100000100111110000010111110000010111100111100000010000100000100000010
001010110110110110111100111100111100111100110110110110110110000100111100110110111100110110110110111100001010111100000100110110110110001010000100000100001010110110001010111100111100001010111100
111100000100000100111100111100000010000010000010000010000010111100111110111110111100111100000010111110111110000010111100111100111110000010000010000100000010000010000100000010000100111110111100
110110110110111100001010111100110110000100000100001010111100001010110110110110111100111100000100001010110110110110001010111100111100111100001010111100110110111100000100111100001010001010110110
111100111100111100111110000010111110111110111110000100000010111100000100000010000010111100111100111110000100000010111100111100000010000010111100111100111110000010111110000010111100000010000100
000100110110110110110110110110000100001010111100111100000100000100111100111100110110000100000100000100001010111100110110110110000100110110001010111100110110110110000100000100000100111100111100
111100000100111100000010111100111100111100111110000100111110000010000100111100111110000010000010111110000010000010000010000010111100000010000010111100000100111100111100111100000100000100000100
111100111110111110000010111100000010111100000100000010000010111110000010111100000010000100000100000010111100111110111100111110000010111100111100111100000100111110111100000010111100111110111100
001010000100110110001010000100000100111100111100111100111100110110001010110110110110110110001010001010110110111100110110111100111100001010110110110110001010110110111100001010111100001010110110
111100111110000010000010111100000100111100000010000100111100111100000100000010111100111100111100111100000010000010000010000100111110000100000010000100111110000010000100000100000010111100000010
111100000100001010000100001010110110111100110110000100110110111100110110001010001010000100110110000100000100110110001010110110000100000100111100000100111100110110000100001010000100111100001010
111100110110001010110110001010110110001010001010001010111100110110111100110110110110111100110110110110111100000100001010000100001010000100000100111100000100001010001010111100111100110110111100
000010111100000010000010111100111100000010111100000010111110000010111100111100000010111100111100111110111100000010111110000010111100000010111110000010111110111100000100111110000010000010000010
000010000010111100000010111100111110111100000010111100000100111100111100111100000100000010111100111110000100000010111100111100000010000100000010000010000010111110111100000010111110111110111100
001010110110000100111100110110001010001010110110001010110110110110000100110110000100111100110110001010111100111100111100110110110110110110000100111100000100110110111100110110110110111100111100
000010000010000010111110000010000010111100000010111100000100111100111110000100111110111110111100000010000010000010000010000010000010111110000100111100000010111100000100000100111100000010111110
110110110110000100111100001010111100110110000100110110111100111100111100111100111100110110001010111100001010000100110110110110111100110110001010111100110110111100001010111100110110000100000100
111100111100000010111110000100000010000010000010111110111100111100000010000100111100000100000010000100111100000010000010000010111100000010111100000010111100111110000010000100000100111100000010
110110000100111100110110110110001010000100110110111100111100001010000100110110110110001010110110110110111100110110110110111100111100110110001010110110000100111100111100111100111100110110111100
111100110110110110111100110110110110111100110110111100110110111100111100110110001010110110110110111100001010111100001010111100000100001010111100001010000100111100111100001010001010110110000100
