110101110101000101111011111101000011111011111011001011111011111101111011001011000011001011111011000011110101000011110101000011111011110101000011001011000101001011000011000011000101111011110101
111101001001000011111101000001111101001001110111111111111101110111000011111101111101110111000001111101001001000011110111110111111101111101111111000001111111110111111101110111000011110111000001
111101000001000011111101001001111111000011000011000001111111001001111101000001110111111111111101111101000001001001111101111101110111111101000001111101110111001001000011001001000001110111111111
111111001001001001111101111101111101000011111111110111110111001001000001000011001001110111110111000001110111111111111101000011000001000001111101110111000011001001111101111101111101000011000011
111011111101110101000011111101111011000101000011000101000011110101110101001011000011001011110101001011110101000011111011111011111011111011001011000101001011000011110101111011111011110101111011
111011111011111011111011111011111011110101110101111011111011111101111101110101111011110101001011111011000101111101000101111011000101000011111011000011111011000101111011001011111011111101110101
000011111101001001000001000001110111110111111101111111000011000001000011111111111111000011111101111101001001111101111101000011111101001001000001111101000001000001111101111101111101001001111101
000011000001111101111101111101110111000001111101111101111101000001000011000011111101000011110111111111111111111111110111000001001001000001110111000011000011000001111101111101111101000011001001
000011111111110111110111000011110111110111000001111101000011111111110111000011111101001001000011111111111101000011000011111101111101111101110111111101000011000011111101111101000001001001111101
110101000101110101000011110101111011000101111011111011111011000011111011000011000101111101000101000101001011111011000011111011111011000101000101000101111011000101000101111011111101001011110101
110111110111111101110111111101000011110111000001001001001001000011111101110111111101000011111101000011110111001001110111000011000001111101111101111101000011111101111101000011111101000011110111
000011111011110101111011000101111011110101111011111011000101111011111011111011111011000101000101000101001011111011001011000101000011111011111011000011111101110101111011000101000011000011111011
111101111101000001111101111111111101111101110111111101111101000001111101111101111101111101110111000011001001110111001001111101000011110111000001111111111101110111111101000011111101000001111101
000101000011000101001011000101000101111011000101111101110101000101111011000101110101111011111011111011111011000011110101001011000101000101110101000011111101000101111101000101111011111011111101
110111000001111101000011000011111101000011000011000011000011110111111101000001110111111101110111111111000011111101111111000001111111000011111101111101110111111111000001001001111101110111111111
000011110111110111111101110111110111001001111101111101000001000011111101000001110111000001000011111101111111110111111101111101001001001001001001000011000011110111111101111101001001000001000001
111011111101001011000101111011110101111011111101111011111011000011111011000101000101000101111011111101111011000011000011111011000101000101111011110101111011111011111011001011110101000101111011
110101000011110101111011000101001011000011110101111011000011110101111011110101111011111011000011001011000011001011111011110101111011000101110101001011111101000101111011001011000101110101111011
111011111011111011000011000101000011000011110101111011111011000101110101000101000011111101111101111101111011001011000011110101111011110101110101000011000011111011000101000011000101111011111101
000101110101111011111101000101000011111011000101111011110101111011110101111011001011110101111011000101000101111101111011111011001011110101110101110101111011111101000011110101111011111011001011
000011111111111111000011111101111101000001110111111101001001111101000011000011000011111101000011111111111101111101110111001001001001111101111101001001000001111101111101111101111111000001110111
110111110111111101111101111101111101000001111101110111000011000011110111000001001001000011000001000001111101111101111101111101000001111101111101000001111101111101111101111101111111111101001001
001011000101000011111011000011000011111011000101001011111011110101000011111011110101000011111011001011110101000011000101111011111011111011000101001011111011110101000101111011111011000011111101
000011110111111111000001111111111111111101111101000001111101111111110111111101110111000011110111111101000001110111110111110111111111110111111101000011001001001001111101111101110111000011111101
111101111101111101111101000011111101110111111101000001110111000011111111111101111101111101000001000011111111000001000001000011000011111101111101111111000001111101000001111101001001111101000011
110111110111111101001001000001111101001001111101111101111101111101110111111101110111000011000011110111001001110111111101111101000011111101000001110111001001110111111101111101111101000001000001
000011000101000011000101111011110101111011000011000101111011110101110101000011111011111101111011111101110101001011111011111011111011111101000101000011000011110101111101111011000101111101111011
110111111111110111111101000011000001111101111101111101000001110111111101000011001001110111111101111111111101111101000011110111111101001001111101111101110111000011110111110111110111000011111101
111011000101111011111101000101111101111011000101111101110101000101111011110101000011110101111011001011111011110101000101111011111011000101000101111011111101111011110101111011110101111011000101
111011111101111011001011000101111011000011110101111011111101110101111011111011000011111011000011000011111011000101001011111011110101111011001011111011110101111011000011001011110101110101000011
111101000011111101111101111101111101111101000001111101110111000001111111000011000001111101110111111101000011000011000001110111111101001001110111001001000011110111111101000011000011111101111101
000011110101110101111011000101110101111011111011001011001011111101110101000011110101110101111101000101111011000101001011110101110101111011111011110101000101000011111101001011000101111011110101
111101111101110111111101000001000001000011000011110111110111111111111101000011000001111111111101110111000001000001000011000011111101000001111111111101001001111101000001000001000001110111110111
111101000001111101001001111111111101111101110111000011000011111111110111111101110111111101110111111101111111000001111101110111000001111111111101000011111111111101000011111101111101111101000011
000101110101111011111101111101000101000011111101000011000011111011001011110101000101000101111011111011000101111011111101000101111011110101000011111101111011001011111011111011111101111011111011
110111000001000011110111000011111101000011111101111101111101111101000011000001001001000001001001000011111101000011110111111111000011001001111111000001000011000011000011000011110111000011110111
111101110111111101000001111111001001111101110111111101110111001001111101000011111111111101001001111101110111001001001001001001110111111101000001000001111111000001111101000011111101111101000011
000011111101111101000001110111110111000001000001000001000011111101111101111111110111111111111101110111111101000011111101000011000011111111001001000001000001000011111101000001110111000001111101
000011000011110111111101111101000011111101001001000011000011000001000001111101111101000011110111111101000001111101110111110111000011110111111101111101000011001001111111110111110111111111111101
000001110111000001110111111101110111000001000011111101001001000001110111000011000001000001111111000001110111000011000001110111110111111101111111111101000001000011111101111101001001000011001001
111011111011001011110101111011000101000101111101111101111011111011000011000101111011111011110101111011111011000011001011111011001011110101110101111011110101000011111011110101000011110101111011
000011000001001001110111111101110111111111001001000011111101000011111101111101111111110111111101111101001001000011001001000011001001111111000011001001111101000001110111111101111101001001111101
110101000101000011110101000101111101001011000011111011000101110101000101110101111011111011111011000011110101111011110101000101000101000101000101111011000101111011000011000101000101111101111011
001001000011111101111111111101111101111101000011111101111101111101110111001001111101000011000011001001111111000011110111000011000011000001110111111101000011111101000011111111111111111111110111
110111111111000011110111001001111101111101111111110111111101000011111111111111110111000001000001001001111101111101111101111101000011000001111101110111000001111111000001110111000011110111111101
111111000001000001111101111111111101111101111101000011000001111101111101000011110111000001111101110111111111111101111101111111000001001001110111110111111101110111111101000001111101111101111101
000101000101000101110101111011001011111011111011111011111011110101001011111101110101000011001011110101000101000101111011110101000101111101111011110101000101110101111011111011000011000011000011
000101111011000011111011000011000101111011001011111011000011111011111011000101111011000011001011111011111011111011000011000011111101000011111011111011111101000101111011111011000101111011111011
000101111011111011000101110101000101001011110101111011000101001011111011000011110101111101111011111011000011000101110101111011111011111011000101001011000011110101111011111011111011111011111011
110111110111110111000011001001000011000001000011110111111101000011000011111101000001110111111101111101000011000011000001000011000001111111111101111111111101000011000011110111110111000001000011
110101000101001011000101111011000101111011000011000011111011111011111011110101110101000011111011111011000101111011110101111011111011111011111011111011111011111011111011111011111011111011111011
001001111101001001111111000011110111001001000001110111000011001001000001001001111111000011000001111101110111111101111101111101111101000011000011111101111101001001001001111101111101111101111101
000101001011111011111011110101111011111011000011110101110101111011111011110101110101110101000011111011111011001011110101110101000101000101001011000101110101001011111101111101001011110101000101
000011111111111101000011001001111111110111000001111101111111111101000011111101111101110111111111111101111101000001111101111101111101111101001001110111111101001001001001000001111101000011111101
000101000101111011001011111011000011000011001011001011110101000101001011000011001011111011000101111011000101000011111011000101111011111101000101001011110101111011111011000011110101111011111011
110111111111000001111101000001111101000011000001000001111111110111111101111101110111000001111111000011111111111101111101110111000011111101110111110111000011111101000001000001000001000011110111
110101000101000101000101111011000011111011000011111101000101001011110101000101000101000101110101111011110101000101111101000101111101000011000011001011111101111101001011000011110101111011001011
000011111111000001000011000001111101111101000011111101000001110111001001000001111111111101000001111101111111000001110111000011111101000001000011000001110111111101000001001001110111110111000001
110101001011000011000011111011000011111011111011111101000011111011110101111011000011111011000101110101000011000101111011111101000011111101000101000101000011110101000101110101111011000011001011
111101111011000101110101000011110101111011001011111011000011111101000101111011000101000011111011110101111101000011111101111011111011000011001011001011111011001011000011111101111011001011111011
111101110111111101111111001001111111000011000011001001000001111101001001111101111101110111000011111111000011000001000011000001111101001001111101001001000011000001111111111101111101111101110111
110111111101110111111101001001000011110111000011000001001001111101111101110111000001111101000001000011111101000011110111110111110111000011111101110111110111111101000001110111001001000001111101
111111000011110111000001110111111101111101000011111101001001111101000011000001111111000011000011000001001001000011000001111101111101110111000011111101000011111111111111111101110111111101001001
000101111011000011111101110101000011000011111101000101110101111011000011000011110101110101001011000011111101110101111011000101110101111011000101000011000101110101110101001011111101111011111011
110101111011111011000101000101000101000011000011111011000011111011111011110101000101110101111011000101110101000011111011111011110101111011111101000101111011111011111011000011111011111101000101
000101001011111011000011111011000101111011110101000101000101000011111011000101111011111011110101001011000101111011110101111101001011111011110101110101111011111011111011111011111011000101110101
111111111101111101000011110111110111001001111101111111111101000001001001001001111111111101110111000011001001000011000001110111000001000001111101111101111101111101111111111101110111000001000011
000011111011110101001011111101110101110101111101111011111011000101000101111011111011111011111011000101000011000101001011111011111011111101111011110101111011111011000011000101111101111011111101
111111111101111101000001111101111101000011110111000011000001111101111101000011111101000001111101001001111101111101110111111101000001111101110111111101111111000001111101110111001001000011111101
111011000011000011110101000101111101110101001011111011111011111011111011111011111011111011111101111011110101111011111011110101110101001011111011111011111011001011000011000101000101110101000011
111101000001000011001001000011001001111111000011000011001001000011000011111101000011111111111101001001000001000011111101000001111101111111111101111111000011111101000001001001111101000011111101
110101001011110101111011000101000011111011111011000101111011000101000101000101111011110101000011000101000101111011111011111011000101001011000101000011111011111011111011110101111101111011111101
000011000011111101000101111011111011001011111101111011110101111101110101000101000011000101111011110101111011111101111011111011110101000011110101000011000101000011000101001011000101111011110101
111011110101000101111011111011000011110101111011111101000011111011000011111011001011001011000101000101111011111011000011000011000101001011111011000011110101000101111011110101110101111011111011
000011111101111101110111110111001001110111000011111101111101000001111111000011111101110111001001000011000011001001111101001001000011111101001001111101110111111101001001000001001001000001000011
000011110101111011000011000011110101001011000101110101000011111011000101110101001011000101001011110101111011111011111011000011000101001011111011111011001011111011000101000101000011111101000011
000011111101111101111111001001110111000011000001000011000011001001000011001001001001110111110111000011000001000011111111110111110111000001111101000001111101110111000011111101111101000001111111
111011000101000011000011110101001011111011001011111011111101111011110101111011111011001011000101111011001011111101111011111011000101111011111101110101110101001011111101000101110101111011000101
001001110111000001111101000011000001111101110111000001000001110111000011111101110111001001000011000011111101110111000011111101000011110111111101111101111101110111000011111101111101111101111101
111101000101000101110101001011110101111011111011000101111011001011000011111011111011110101111011000011111011000101111011000011111011000011111011000011111101000011111011000101000101110101111101
110101001011111011111011110101000011001011001011000101111011111011000101111011111011111101111011000101001011111101110101000011111011111011001011110101111011001011111011000011000101001011111011
001011000101111011000101111011000101110101110101110101110101001011000101111011111011000011111101000101111011111011000011001011000011000101000011000101111101111011111011111011111101001011000101
000001000001000011111101111101000011001001000011000001111101000001110111111101000011000001110111111101001001111111000011000011000011111111110111110111001001110111000011110111111111111111000011
000011000001110111111101000001111101000001110111110111111111000011000001111111000011000001111101000011000011000011110111001001000001000001110111000011110111111101000011110111000011000001001001
000001000001001001111101111111111101000001111101000011000011000001111101111101111101110111000011001001111111111101111111000001000001000011110111111101111101000011001001001001111101000011000011
000011111011111011111011111011110101111011111011111011110101110101111011111011111011000101110101110101000011110101001011000011000011000101000011110101110101110101000101111101111101110101000011
111011110101110101000011000101001011111011111101110101000101111011111101111011111011001011111011000101110101111011111011111011000101001011111011000011000101000101111011111011111101110101000011
000011000011000011000001110111110111111101000011000011111101110111001001001001110111110111000001111111111101000011000011000001110111111101001001000001110111001001111101000001000011111101111111
110101110101111011111011111011000011110101111101000011111011001011111011111011000101000101110101000101000011111011001011111011000101001011111011000011110101000101000101111101000011111011110101
111111110111000001000011111101111101111111000011001001111101000011111111111111111101000001111101111101000001000011111101111101111101111101000001111101111111000001001001000001000011000001000011
000011111101111101110111111101111111111101110111111101110111110111111101111101110111000011111101110111111101000011000011000011000011001001000001111101110111000001000001111101110111110111000001
000011000001000011000011110111111101111101001001001001111111110111000001000001111111110111110111000011111101000011000011000011000011001001110111001001111111111101111101110111111111111101110111
110101110101000101111011000101111011000011000011110101000011000101111011000011000011111011000011110101001011111011110101110101110101000101111011001011000101000011111011000011000101001011000011
110101001011111011111011000101000101111011001011110101111011001011000011000101000011110101110101111011110101111011110101111011111011110101111011111101111011111101111011111011000011000101110101
111101111011111101110101110101111011000011000101110101111101000011000101000101111011111101000101000011111011111011110101111011111011110101000011111011001011000011111011001011111011001011110101
000001111101111101111101000001111101110111000011110111001001000001000001000001000001000001111101111101111101000001110111111101110111111111000011000011001001000011111101111101111111111101000011
000101000011000011111101111011111101111101110101111011111011000011000011111011111011111011111011111011000011110101111011110101000011000101000101001011111011110101110101111011000011000011111011
000011111011110101001011000101000101000101111101111101000101111011111011001011111011111101000101000101000011000011110101000011001011000011111101110101111011000101001011111011000011111011000011
000101001011110101000011000011110101001011110101000101000101111011111011000011111011110101111011111011111011111011111011111101111101000011110101000011111011111011111011110101000101110101000011
001011000011111101000101111011111011000011111011111011001011111011111011000011000011110101110101111011001011000011001011111011111101110101111101111101110101000101000101111011000101000011111101
111011111011111011110101000101111011111101111011110101111011110101111101000101110101000101000101000011001011111101111011000101000101000101000011111011110101000101000011110101110101111101111011
111011001011111101000011110101111101111011001011110101000101110101000011111011111101111011110101111101000101111011000101110101111101110101000101111101111011000101000101000011110101111101000011
000011110111111101000001111101111101000011110111000011110111000011110111110111000001111101111111110111110111000001111101000011001001001001000011110111111101111111001001001001000011000001110111
111011111101110101111011111101111011000101110101000101111011111011111101111011110101111011000101111101111011110101111011000011110101111101110101111011000101111011000101000101000011111011110101
110111111101111101111111000011111101110111111101000011110111000011111101000001111101000001111111000011111101000011111101111101000011000011001001110111111101111101001001000011111101000011111101
111101111111111101111101111101000001111101111101111101001001111101000011110111001001000011111101111101110111000001000011110111111101111101111111110111001001110111110111111101000001110111110111
110101000011111011111101000101000101111011110101110101110101111011110101111011110101110101001011111011111011000011000101000011111101111011110101111011000101000101000100001011000101111011111101
111011111101000101110101111011000101111101111011110101000101111011000011111101000011000011111011000011000011111011001011110101000101000101111011111101111011001011111100000101111011000101110101
111011001011110101111011111011111101000011110101000101111011111011111011000101000101111011111101111101111011000011000011000011000011000101110101111011000011001011000100110101111011001011111011
111101111011110101111011110101000101000101000101000101111011000101111101001011000101111011000011000011000011000101111011111011111101000011000011001011111011000101111100000101000101000011111011
001011110101110101000101111011000011110101110101000011000101000101110101110101111101000101111011111011001011000011111011111011000011111011000101111011000101110101110100000011111011000101110101
001001111101001001111101000001000001111101000011000001111101000011000011110111111101001001001001000001111111110111000001110111110111001001000001001001111101111101111100000011000011111101111101
111101000011111101000011111101001001000011001001111101110111001001111101110111111101000001111101110111110111111101111111001001000011111101111111111101111101000001111110110111001001111101111111
000101110101111101000101111011000011110101000101000011000011001011000101111011110101000101111101111011111011110101111101110101110101000101001011111101111011110101111100111011111011000101111011
000011111101110111000001110111111101111111111101110111110111111101000001111101001001111101001001110111110111110111000001111101111111111101000011111101000001111101111110001001000011001001111111
111011000101110101111011000011110101110101001011000101000011111011001011110101111011110101000011111011111011001011111011001011111011111011111011000101001011110101000110111011000101111101000011
110101111011110101111101111011111011110101000101111011110101110101000101000101111011000101111011000011000101000101001011000101000011000011000011110101000101111011111100111011111011001011110101
000001000011110111111101110111111101110111111101000011001001111101110111110111000011000011111101111101000001111101110111111101000011111101000001111101000001111101111100111111111101000001111101
110101111011111011110101111011111011001011000011111101111011111011111011110101111011000011111101111011111101111101111011111101111011000011000101111101000101000101111100111011000011111011111011
111111111101000011110111000001110111111111110111111111111101111101111101110111000011000001111111001001000001111101111111000011000001111111111111111101000001001001111110110111000011000011000011
110111000001111101111101111101111101000001111101111101000001001001111101111101000001000001000011000001000001000011111101000011111101000001000011001001110111110111000000000001111101111111000001
000001111111110111111101000001111101111101000011111101111101000011000011111111000011111101110111110111111101000001000001111101111111000011111111111101111101000011111110110111000001001001001001
001001111111110111000001000001000011111101000001001001001001111101111111000001000011110111000001111101111111001001111101001001000011000011000011111101111101111101111100000011111111111101000011
111011111101000011111011111011111011110101111011111011111011000011111011000011111011110101000011111011111011111011000101111011001011110101000011111011111101000011111010110101110101111011111101
111101000011111111110111110111000011000011000001000011111101111101000001111101110111000001111101111101110111110111110111000001111101111101000011110111000001000001000100111101111101110111000001
111101000011111101111101000011111101110111000001001001111101110111000011110111111101111101111111111101110111110111111101111111000001000001111101111111111101000001000010111101110111000001000011
111101000011000011110111111101111101111101111101111111000011111101111101111101110111111101110111000001111101111101110111111101110111111101111101111101000011111101111110110111000011111111000001
000011000011000011000101000011000011110101000011111011110101111101001011001011111101001011111011111011111011111101001011000101000011000011000011111101000101000011111100111011111011111011001011
111101000001111101111101110111111101111101000011000001111101111101110111111101000001111101111111110111111101110111000001111101111101110111110111111101111101111111000100001001001001000001110111
000011111101111111111101110111110111111101110111110111000011110111110111000011001001000011110111000011111101001001000011110111111101000001000001111101111101110111111110110111000011000011001001
000011000011110111110111000011000001111101111101111101111101000001001001111101111101000001111101000001111111111101000001111111111101111101000011000001111101111101000000111101000001111101111101
000011000001111101000001000001111101111111111101110111000011110111111101111101110111111101111101111111111101111101111111000001000011001001110111111111000011111101111110110111000011110111000001
111101111111110111110111110111000001111101111101001001000011000001111101001001000001000011000011111111110111111111000011110111111101000011111101111101000011000011111110001001000001110111000001
000101111011111101001011000011110101111011000011000011000101000011111011000101000101111011111011111011110101000011111101110101000011000101000011110101000011111011110110111011001011000101111011
111011111011111101111011111011111011000011000101111011000101111101000011000101111011000101111011111011000101000101111011000101111011000101111101000101110101000011110100111011111011000101001011
110111000011000001000001110111111101000011000001111101110111111101111101111111000011111101111101000011111101000001111101111101111101000001111111001001111111000011000010000001111101111101111101
111011001011000011111101111011111011111101110101111011111011110101110101111011110101111011110101111011000101110101001011111011111011000101000011000011000101111011111100000011001011111011111011
000011001001000001000001111101111101110111111101111101000011000011000011000001110111111111001001001001000011001001000011000001000011110111110111111101000011110111111110111101110111110111000011
001001001001111101111111000001000001000011000001000011001001111111001001111101111101000001000011111101111101110111000011111101111111111111111101000001111101110111000000111101111101000001111111
110110111111001001111111000001110111111101000011111101111111001001111101110111000011110111000001000011000001000011001001111111111101110111000001110111111101000001000010110111111111000001001001
111100000011111011110101111011111011111011111011000011110101000101000011110101001011000101000011110101000101000011111011000011111011000011111011111011111011001011111010001011110101000011110101
111110000011110111000011111101111101111101111101000001000011110111111101111111001001000011111101110111111111000011111101001001111101110111000011110111111101111101000010111101110111111111000011
111110110101111011001011001011000101111011110101111011111011111011111011111011000101111011111011111011001011000101111101110101111011001011111011111011111011111011111100111011000011110101111011
111010110101111011001011000101111011000011111011000101000011000101001011000101110101111011000101111011000101000011000101111011000011001011110101001011110101111011111100000011000011001011111101
111010111011000101000011000101001011000101000011001011111011111011001011111011111011111101000011111011000101110101111101110101111011111011111011110101000101111011111110000101000101111011000011
000010001001000011110111111111001001111101111101000011111111000001000011000001111101111101001001000011000011111101001001111101001001110111111101111101000011001001111110111101111101001001001001
000100000011000011111011111011111011111011111011000101000011001011000101110101000011000101111101001011110101000101111011000101111011001011001011000011111011111011111010111011110101111101000011
000100001011110101000101111011111011111011111011111011111011000011000011000101000101110101110101111011110101001011111011110101000101000101000101111011000011000010110101000101000011000011111011
110110110111000011000011111101110111111101000001111111000011000001000011111101110111111111111101111101110111111111110111001001111101111111110111000001000001111100000001111101111111001001111101
110110001011001011001011000011000011111011111011001011110101000011111101111011000101111011111011110101111101000101110100110101000101000011111011000011111011111100001011000101000101111011001011
000100000011111011111011111011001011001011110101111011000101000011000101000011000011111011111011000011001011111011110110111011111011000011111011000101111011111110110101110101111011000101111101
111100000101111011111011000011000101000011111011110101111011000101111011110101111011001011000101110101111101000101111100000011110101000011000101000011111011110110110101000011000101110101111011
000100111101111101111111110111110111000011110111111101111101000011110111111101111101000001000001001001111101111101111110000001110111000011000001111101000001110110110111000011000011111101000001
111000111101111101111111000011110111111101000001000001000001110111111101000011111101111101000011111101111101001001111100000011111111001001111101000011110111000100111101000011000001000001000001
000010111111111101111101110111111101001001000011111111111111000001000011111111000001000001110111111101110111111101000100111101111101110111110111000001001001110110000001111101000011111101000011
111010000101000011000011000011001011111011111101111011000011111101000011001011111011110101111011111101111011000101111100110101111011001011000101000011001011000100000101111011000011000011000011
110110111111000001001001000011000011001001111101001001000011000011111111110111111101000011000011000001001001000001111000111101111111111101110111111101000011111100000001000001001001111101111111
111010111011000011110101000011110101000101111101110101000101000011000011000011111011111011110101111011110100000011000100001011111101111101000101001011110101001010111011000011001011001011111011
000100111111111101000001001001110111111111000011111101110111111111000011111101111101000011111101000001001000111111000010000001000011001001110111000011111101001010111111111111000011111101110111
000100110101111011111011000101000011000011111011110101000011000011111011111101111011111101111011111011000010000011110110111011111011001011000101000011000101001010110101111101000101111101111011
110110111011111011111101000011111101111011000011111011001011000101111011111101111011111011110101000101110110000101001100111011000011111011111011111011111101111010000101110101111011111011001011
001010111101000001111101000011111101000011110111001001000011000011111101000001111101111101111101001001110110110111001000000001000001001001110111000001111101111110110111000011110111111101111101
000010111101111101111101000001000001111101001001000011111101000011000001110111000001000011001001111101000100000011110110000011111101111101000011000011111101111110111101000011111101000001110111
111100111101110101000011000101000101111101111011110101000101111011000101001100111011000011000011111011001010111011111110000101110101000011000011111011000011111100000101001011111101000101111011
110110111011001011000011111011000101000101000011000101000011001011000101111100001011110101110101111101111110000011111100000011110101001011000101111011110101110100000101111101000101110101110101
000010111101111101110111110111111101110111110111000001111101111101001001000000001001001001110111000001111110111101000010001001111101000001000011110111001001001010000011111101111111111101000011
110110111011111011000101111011110101110101000011111101000101000101111101000100000011111011001011000011001100111011111010110101111101111011110101111011110101000010001011111011000101110101111011
111010001011000101110101001011000101000011000101000101000101000011110101001100110101000011110101111011110110000011000100111011110101001011000011001011110101111100111101111011110101001011000101
111100001001000100000011111101000011111101000001000011001001111111111101110110000011111101000011111111001010111101111100111101111101111101110111110111000001000000111101000001000011111101111101
111100000011000100111011000101111011111011110101110101000011110101000011111110111101000011110101000011001010111011110110111011111011000101111011111011111011110100000011110101000011000101111011
000100110101000100000101111101111011000101110101000011111011111011111011000100110101000101000101000101111010000011111100001011001011000101001011111011111011111010000101001011111101000011000101
111100000011001010000011111011000101001011111011000101001011111011111101000100000011000011000101000101000100111011000110000101110101000011111011111011001011111010001011000011000101111011111011
111100111011110100000101111101111011000011110101000101111011110101111101000100000011110101111011110101111110111011110110110101111011111011001011111011000101111100110101000011111101000011000011
000100111101111100111101000011000001000011110111110111110111000001111101111000111101001001000001000011111100110111000000110111000011000001000011001001110111111100000011111111000001110111111101
111000000011001000111101111101000011000001110111000001111111111101110111111100111111001001000001111101000010110111111110111101000001111101000001000011111101000000110111000001111101001001000001
111110001001111110111101110111001001111101001001111101111101110111111101111110111101110111110111000011111100111111111100111111111101000001111101111111111101001010001001111101111101000001000011
000010001001111000111101110111111111000011000001000001111101111101000001000100000001000001000011111101000100111101000010111101001001000011000011001001110111111110001001000011000001000011000011
000100000101110100001011111011001011111011000101000011111011111011000011000010110101111011111011111101111100000101000110000101111011000101111011000101111011111010111101111011111011000011111011
000010000101111100000101111011110101001011000011000011111011111011111101000010111011111011111011110101111100111011001100000101001011111011000101001011000101000100110101000101000011111011110101
111010000011110100111011000011111011000101111011000101110101001011110101000110000101111101000011111011110100110101000010110101110101001011000101110101001011000110111011111011111011000101111101
000000000001000000110111111101111101111101111101110111111101111101000011110110000011000011111101000011000000111101001010000011000001111101110111000011000011111110111101000010000001111101111111
000110000011000110111011000101000011111011001011110101000101000101000011000110000011111011110101110101111110000101000100111011110101000101111011000011111101111010111101110110000101110101110101
000100000011111100000011111101111101000011110101111011111011111011000101111010000011000011110101111011001010000101111100000011111011000011111011111011000011110110111011001010111011000011110101
000000000001111000111101000011111101111101001001111101111101111101001001000010000001001001111101000001110110110111111110111101000011111101001001111101000011001010001001111110000001111111001001
000000111101001010111111110111000001111101000011110111111101000011111111000000111111000011000011111111111110111101111000110111000001000011000001000001000001111000110111111100001001111101000001
000110110101110100000101111011110101000101111011111011111101111011110101111010000101000011000011000011111010000101001010111011000011111011111011000011111011000100111101001100000101001011001011
111010110101111010000101000101111101110101111011000101001011111011001011111100111011111011111101000011111010000011111100111101111101111101111011111011110101001100000011111100001011110101111011
111010000011111010110101000011110101111101001011111011111011000101001011111100000101111011111011000101000100000011110110111011110101000011111011000011111011111010001011111100111011000011001011
111000111111000000000001111101110111111101111101111101111101000011001001111110000011110111111101000001111100111101000000111101111101000001111101000001000011111000110111111110111111111101110111
000100000011111110000011001001111101001001111101111101000011000011111101000010001001001001110111111101000000111101001010111111001001000001111101000011110111111110111111111100000001110111001001
111100111011000100000011000101110101001011000011110101111011000101000101000100111011000011000101110101111110000011001010000101111101110101000101111011111011000100000101000100110101000101110101
001010110111000000111101000011000001111101000011111101111101110111111101110110111101110111001001000011000100001001110110111101000011001001000011000011000011110110111101000100000011110111111101
111110000011111100111011001011111011111011111011000011111011110101000101111010000011000011111011111101111100000101110110110101111101000011111011001011111011000110000011000100111011110101110101
000100000011111110000001111111000001000001000011111111001001111101111101000010110111111101000001110111111000000011111110001001111101000011111101110111000011001000000011000100000011110111110111
111110000011000100000011110101000101111011110101000011001011000101111011000100000101111011000101001011111100111011111100111011000101111101000011111011111011000110000101001010111011111011111011
000100000011111000000011111101111101000011001001000001110111000011110111000010000001111101000001110111000000110111111100111111000001000011000010110111110111000000000011111110001001111101110111
000000110111111100111101111101000011000001111101111111111101111101000011111110111101000011111111000011111000111101000010111101111111110111000000111101110111000000111101001010110111111101000011
001010001001111100111111000011111111111101111101111101111111001001000011110110111101110111110111001001111100000011110110111101000001000001000000111101111101111110111111001010110111110111110111
111100000011111110110111000011000001000001111101111111110111111101110111000000110111110111000001111101001000000011000000000011111111111111111110111101111101000010001001000010111101110111111101
111000001001110110001001000011111101110111111111111101111111000011111100000010000011110111110111000011110110000011110110111101000011110111001010000011000011111110111101110110001001111101111101
111100111011110110110101001011111011111011111011000101110101111011000100111110110101111101111011111011111110000011111100110101110101000101111010000011000101000100111011111100110101001011000101
000100111011111100000101000101001011000101000011111101111011000011111100111100000101000101000101111011111100111101110100111011111011000101000010110101000011000100111011111100000011000101111011
111010111011111010110101110101000101111011110101000011001011110101000010000100110101111011110101111011111110000101111100000101110101111011110110111011001011110100111011111010000011000101111011
111010111011000100111011111011111011111011111011111011111011111011110100000110001011111011111011110101000110111011111010001011000011111011110110000101000101000110111011111100111101001011110101
001100000101111100111011111011000011111011110101000101111011111011111100111100000011001011110101110101111010110101111100001011000101111011000110110101111011111010111011111100000011000101000101
111100110101111100111101111011000011000101110101110101111010110101000100110100111011111101111101111011000100111011111100111101000101000101111100111101111101000110111011111100111011111011000011
111010001011111100000101111101000101111011000101000011111100000101000100001010000011000011111011000101000100111011110110111011000101111101111010110101000101000110111011111010111011111011000011
111110000001111000000011111101110111000011110111001001000000000001111000000000000011111101000011111101000100000011111100111111111111000011000000001001001001000100111111111000110111111111000001
000100111101110100110101000101000101111011111011111011110110000011111010000100000011111011000011110101110110000101111100000101001011110101110100000101001011111110111011111010001011000011111011
000000000011111000110111111101000001000001000011110111000010000001111110111110000011110111000001110111111100000000111101111101001001110111111110110111000001111100000001001010111101000011111101
001100111011110100111101111011001011000101111011000101111010000011111010000110110101001011111011000101111100000100001011000101111011111011001010000011111101111100111101000100111011111101111011
000100110101111110111011111011111011111011000101111011000100000101111100000100110101000011111101000101000110000100111011111011000101110101111010000011110101110110000011001100000101110101111011
110110000011111000111111000011001001111101110111111101111110110111111100111110110111000011000001111111000000110110001001111101000001000011110110111111111101000100000011000000001001111101000001
111100111101111100111011111011001011000101111101110101000100000101111100110100001011000011001011111011110100000100000101111011111101110101110100000011000101001100111011111100110101001011000011
110100000101110100111011111101111011110101111011001011111010111011111100001010111101000011110101001011111110111010000011110101000101001011110100111011111011001100111011111010111011000011111011
111100000101111010111101111011110101111011111011111011001010111011111010110100110101111011111011110101000100000100000101111011000011110101111100111011110101000110111011000100000101111011000011
000100000001000100111101111111000001110111000011000011000100000001111100111110000011000001111111110111111110000100111101000011000001111101111110001001111101110110000001000010111101000001111101
110110000101000100111011000011111011110101111101000101111100000101110100000100111101111011111011111101000100111100111011000011000101000011000110110101111011111100000011000010000101000011001011
000110111011000110000101110101000101111101111010110101110100111011110100111100000101111011000101111011111100111010111101000011000101000011111100111011111101000010111011110110111011111101111011
001010001001000000111101000001110111110111111000110111000010111101000010000100110111000011000011111101001000000010111101000001111101111101111110111111111101110110111111111110111101111101110111
000100000011111100111101000001110111001001000010001001000000000001111000000000111111111101111111111101111110111100000011000001110111111111000000000001111101111110111101110110000011000011110111
000010111011000100110101001011110101111011111110111101111010111011000100111010110101000011111011111011110100111100110101000101000101001011000110000101000101110100111101111100110101111101000011
000000110111001010000011000011110111110111000010111101000010000011111000111100000011000001001001111101000100111100001001001001111101111101111110111101110111111100001001000100111111110111110110
000010000011111100110101000011111011111101110100110101111010000101111110111100000101000101111101110101001010001010111011000101110101000101000110000101000110111100111011111110111011110101000010
111010000011000110111011111011000101000011111100111011110100000101110110110110111011110101001011000011000100111010000101111101001011111011001100000011111110000110110101110110000101111011111110
110110111101000010110111111101110111111101111110111101001000111111110110000000000011111101110111111101111110000010111101110111110111111101111000111111111000001000000001000000111111111101000010
000010111101000010000011111101111101111111000000111101000010000011111110000010110111111101110111001001110110111110110111000011111111111101111100000001000010111000111101111100111101111101111100
110110001001110110001001001001000001110111111100000001111100111111111100110110000011111101110111000011000000111000001001110111000011111101000000000011001010000010000001111100111101000001110110
111000001001000000001001000001000001111101000000000001111110111101111100000100111101110111000001111101000100000100000011000010000001000001111110110111111100111110110111111100000001110111111110
111110111111111110111101111101111101111101111100000001111000000000110111001000000011000001000011111101111100111110110111111000111101111101000010111101000000000010111101111000000011111111001000
000010110101000010110101000101111011110101110110111011111100111100000011111010000101000101000101001011111010111010111101111100110101000011111110111011000100000010111101111010111011001011111100
110110000001111110110111111101000011111101000100000011111100000000111111000010111101111101110111111101000010000000001001000010001001111111000000111101000010000000110111111110000001111101110110
001010111101000100110111111111110111000001000010111101000000000000111101111100000011110111000011110111111100000010000011111100000011001001001000111101111100111110000001111110110111110111111000
111010000101000100110101110101111011111101111100110101110100111010110101111100111011110101110101111011000010111100110101111010110101001011111100001011000100000100110101000010111011110101111010
111100111011000100000011110101000101111011111100000011111100111100000101000110111011110101110101111011001100110100110101000100111011001011111110000011111100111110001011000100110101111011111100
000010001001001010110111110111000011000001110110111101111000001000111111000100001001001001000011000001111110111100000011000000001001000001110110111101111110111000111101000000000001111101111110
111100000011000000000011110111001001110111110110001001001010111110000001111100110111000001110111111101111100000010111101111110111101110111000010110111111110111110111111000010111101111111000000
001100000101110100110101111011000100111011000110111101110110000010111011000100111011111011110101111101001100111010110101111010000101000101000110111011110110111100110101001010111011111101000010
000010000011001000110111110111111110111101111000000011000010000000111101110110111101000011111101000100000011000010000001000010110111001001111000000001000010000010111101110110000001111111111100
111010110101111010000011111011111110000011111100110101000100111010000101001010000011111011000101111100111011000100111011000110111011000101111100000011111010111010111011111100111011000011111010
001010001001000100000001111101111110111111000100111101111110000010111101111100111101110111000001000010000011000010000011111110111101001001111000111101111110000010111111111110111111111111111110
110110111011111010001011111011111010111011111100110101110110110100001011111100000011111011000011001010001011111010111011001100111011001011111010111011000100000100111011110110000011110101001100
111100001011110110111011000011111010111011111100111011000100111100110101111010001011000011111011110100111011111010110101000010111011111011111010000101111010111010111011111100000011111011110110
111100000101000100111011000101110110111011111100000011000100000100111101111010000101111011111011000110110101111010000101111100110101110101000110000011000010110110111011001100000101000011001010
000000000011000000111101000011111000111101000010110111001000111110111101111100111101000001111101000000111101000000111101111100111101111101111110000011111110111000000011000010110111111101111110
000100111011000100000011000011110110111011111100000011111010110100001011111100000011110101111011000110111011110100111011110100110101111011111010001011111010000010110101111010111011110101111100
111100000101111100000101110101111010111011000110000101111100111010001011111110000011111011001011111100111011000100111011110100001011111011000100111011001010001100110101111100000011110101000100
001100001011110100111011000011000100000011110100111011000110001100110101111100110101111011000101110110000011111010111011111010000101000011001100111011000010111100110101000110111011000101000010
111100111111111100000011001001111100110111000000111101111110000010001001111100001001001001111101000010000001000010000011001000111101000011001000111101001000111100111101111000000011000011111100
110100110101000110000011110101111100110101111010110101111100111010110101111010000011111011000101110100111011111100111101111100111011000011000110000101000100111010000011000110111011111011111100
111110110111111110000001111101000100111111000010111101000000001000000001001000111101111111000011111100111101111100000011111100111101000011111000000011111000111100111101001000000011000001000100
000010110111111110000011111101111110111110111101111101111100111100111101111100111101111101000001000010111101000000111101111000111111110111000010110111111110001000000011110110000001000011000010
110100000101111100111101000011110110000100000011111101000100111100111011111110000011110101111010111100111011110100111101000100000101000101000100110101110100111010111011001100000101110101111100
111100000011111010111101111011110100000100111011000101000110000110111011111100001011111011000010111010001011000100111011111100110101000011000110001011000100110100110101110100000101110101110100
000110110101000100110101000101001100111100110101000101111100110110111011000010000011000101111100000110000101000010111011111010000101111011001100111101000110000010001011000010001011111011110110
111100111111000000000011110111000010000000000001001001111100001010111101000010000001000011111000111100001001000010111101111000111101111101111110000011001000001010000011000100000011110111000010
000100110101111010000011000101000100111100000011001011000100110110000011000110000101111011110100111010000011111010111011111010111011000101111100000101111110110100111011111100111011001011111010
111100111101000010110111000001111110000000001001111101110110111100110111000100000011111101001010000010111111000010000001111100111101111101000010000011111100110110000001000100000011110111111000
111100000011110110110101111011111100000110001011111101111110111100111101000010111011111011111100111100001011000110000101110110111101000011000110111011000100110110000101111100000011000101000100
000010000011000100111011000101000100111110111101000011110100111100110101111010111101001100110110110110111101000100111011110100001011110101111100001011111110111100001011000110111011111011111100
000000000011111100001001110111000000001010111101000001000000111110000011001010000001111000000010111110110111111000000001000010110111000011110110111111000000000000111101000010111101001001111110
111110000101111010000011110101111100111100111101111011000110111100111011000100111011111110000110000100000011111100110101110110111011110101111100000101000100000110110101111010111011000101001010
111110111101110110000011000011111110111110000001111101000000111100111101000010111101111000111110111110000011110110111101000100111101111101111100111101000000000000111101111000110111110111111100
000100111101111100111011110101110100111100111011111011000100111010000101000110111011001100000110111010111011110110110101111110111011000101110110111011110100111010000011110110110101111101111100
000100000101111100000011111011000010111010111011111011000100000100000011111010000101110100110110000100111011001100110101001010000101111011111010111011111100111110110101001010111011000101111010
000010001001001010111101110111111110111100000011111101000000000000000011111000000011000010111100111110001001000100111101000010000001000011111110111111000100110110111111111110000011001001111000
000010001001000010111101000011111100001010001001000001001000000100111101111100001001000010111000000010111101111110001001111000000001111101000100000011000010000100111101111100110111001001111110
000000111101000100110111001001111110000000000011111101001000111110000011000000000001001000000010111100111111111110000001111000000001110111110110111000111111111000111101000000001001110111111110
111110111101110110110111110111110110111100111101110111110110111100000001111000110111111110111100000000000011111110000001111100110111111101111100111000111111111110111101111110110111110111000010
000010111101000010001001000001000000001000110111000001000010000010111101111100000011000010000010111000111101000010000001000010110111111101001000110110001001000100000001000000111101000001111100
000010000011000010111011111011111100111010001011001011000110000110001011111100111011000110111100111010111011000010111011000110001011110101111010111010111011000110111011111100000101111011111010
000000000001111100000011000001000100111000000011000001111110111110001001000100111101111110111100111000000011001000111101000010000011110111111110001010000011000010111101111000111111000001000010
111010000011111110000101110101111100000100110101000011111010111010001011001100111011111010000100111010111011111010110101111100111101000101111100111110111101001100000101000100111011000011111010
111010001011111100111011110101001010000100000101111011000010000010111011110100110101111100000010000100000101110110111011111110000101111011111100111010111011111100111101111010000011000011111100
000010110111111110000011111110111000111100111101111111111100111100001001111000000011000000111100111110111101111000111111110110000011111111111100111110111101111110111101001010111101000011000100
001100000011110100000011000010000100111100111011000101001010001010111101110110111011000110110110111010000101111100001011000100111011111011001100000110111011000100000011111100111011111011111100
001000000011111100111101001000111000111100111111110111111100111100110111111100000001111100000000001000111101111110110111111100110111001001000010111000000011000100111101111100110111000011111100
001000110111111100000001111110000100111100111111111101110110111000000011111110000001111110000010000000111101111000001001000010111101000011111000001010001001001010001001111100000001111101111000
111110111011000110000011111100110110000100111101000101000100001100110101111010110101110100111010110110001011001010000101111010000011110101110110110110111011110100000011110100110101110101001100
000010111101111110110111111100111110111000111101000011111110111100001001111100111101111110111110111110111111111110000011111110000011000001111000001010111101000010111101111100000001000001000000
000100000101000100111011000010111100111100000101000101000100001100000101000100000011000100111010111010000011111100111101110100111011111011000100000010110101110110111101110100111011111011001100
110110000001000100110111111110111110000010111111111111000010000000110111111100111101000010000010111110111101000000000001111110111101111101111100000100110111001000111101000010111101110111111100
110100111011000010000101000100111100000100110101110101111100000100111101000100111011000100110110111100001011000100111101000110000101000101001010001100111011001010111011001010111101111011110110
111100000001111100110111110110001010111100111111111101000000000000111101000000111101111110111110000000111101000100001001111000111100000011111100001000000011111110110111000100111101001001111110
001000110111111110111111111110000100001000000011000001111100110110000011000010110111000010111110111100111101000000000011000100111110000001000000111000000001110110111101000010111111000011001000
000010111101111110000001000100000100110110000011111101111100111100111111000010111111111110111000111000111101110110000011000010111000111101000000111110110111111100111101111110000011000011111100
001100001011110100000101111110000100000100000011111011110100110110000011111010110101110110111010000100111011001010110101111100000010000011110110000100000101111100000011001100110101110101000110
111000111101111000000011000100000100110110000011000011111110001010000011111000000001110110001000000000111101111000110111111100111100111111111100000100000011111110000001000100110111000011110110
001100001011111100110101000100110110111110111101110101111110000100000011111100111011111010001010111110001011000100111011000010000110111011111010110100001100111010111011110100111011111011000100
000100001011111100111101110110111010111010111101111011000100110110111011110110111011111100111100111110111011000100000101110110111100111011000100111100000010001010000011000110111011111010111100
000110000101000010111011111010111110001100001011111011110100110110000101111100111011110100110110111010110101000100111011111100001010000011000100110100111100110110111011000100000101110110111100
111110000001111100111101000100000010110110111101110111000100000100000001000000110111000000000000111100000001000100111101000100111110000011000100111110111000111110110111000010001001111000000010
111110000011111000111101000100111110111000110111110111111110001010000011001000000001111110110110000010110111000010000011111100111100110111111110111100000100000010111101111000000011000010111110
111110000011111100110101000110000100001100111010111011111010000100110101111100001011000110111100111010000101110100111011111100000010110101110100111110000100001100000011111010110101110100111100
000100111111111000111101111110111110000010001000000011111110000000110111111000110111000000111100001000001001111110000001111000000010110111111110000010111110111000000001001000110111111110110110
111110110101000110111011111100000100111010000100111101110110000100111011000010111011111100000100111100111011000110000101111010000100111101000100000100000100111110111011111010001011001010111010
111010111101111100000101000100110100111100000100001010111101111010000011000110111011111110000010000100110101001100111011111100000110110101000110000100111100000110111011111010000101000100000100
111110111101111100001011111110111110111010000110110100000011111010111011111010110101000100111100110100111011111110110101110100111110000011000100111100000110111100111011111110000101001010000100
110110111101111000111101000010000010001010110110110110110111111100000001000010000011000000001010111000111101000100110111000000001000000001110110111100111110000010111111111100000011001010000000
111100000011000000000011000000111110110110111000110110001001110110111101110110111101111100001010111100111101111100111101111100000100111111001000000000000010000010111101111000111101000010000100
111100111011110110110101111010000100001010000010110110111011110100110101110110000101110110111010111010111011000110000101111010111010110101111110110100111110000110000101000010111011000100111100
111100000011001100001011000100000110000010110110111010111011000100110101111100110101111010111100111010111101111100110101000100111010110101110100111100000100000100110101110110000011000010111100
111100001011111010111011000110000110000010000110111100000101111010111011000100110101000100111010000100000011001010111011001010001100111011111010000100111100111100000101000100111011111010111010
111010111101000010111011000110110110111010110110000110001011000100110101001100001011000010000010001100000011111100111101000100001010001011110100110100000100111110001011110100000011110110000110
111110000001111110000001111110110110111100110110111100110111111110110111001000111101000000000010111100111101000100000011111000000000111101000010000100110110001000110111111110110111000000000010
111010111101000010110101000110111100111100111100110100000011111010111011000110110101000100111110111100111101000010001011111010111010001011000110110110001100111100000101111100001011000110001010
001100111011111110000101000010111100110100111010110100001100111010000101110100111011000100000110110100110101000100000011111100111110110101000010000100000100111010000101110110111101110100000100
001010000101111110000011111110001010111110000100000100111110111010111011111010001011111100111110000100111011111110111011000100000100000101111110111100110100111010110101111010111101111010000100
000010111111110110000001111110000010111110001000000100000000000100000011111110000011111000110110110110000011000010111101000010000010110111001010110110001000111100110111001000110111111100000010
110110111101000010001001000010111100111110111100000010111000000100001001000010000001000010000000001000111111000100110111001010111100000001000010000010000000111100000011000010000011000000000000
000100110101001100000101111110000100000100000100111100000110000100000101000110000011000100000110111100111011110110000101000100111100111011111010000010001100111010111011000010111011111100110100
111010111011001100111011110110001010111010000100110100111010001010000101110110000101110100111010111100111011000100000101001010111010111101000100000100000100111010000101000100111101000100000100
111100110101000100001011111100110100000100111010110100111110001100111100000110111011110110000100111100111101111010111011000010110100000101000010111100111110111010000011000010000101000100000010
000100111011110110111011001010111100110110000010000110111100111100110110000100111011111010000010000010111011000100111011000100111100110101000110111100110110111110001011001100111011111100110110
001000110111111100111111110110111100111110000000000100111110111100001000111100111101000000000010111100111101111110110111111100110110000011000000001000000010111100110111111100110111000000000010
001000000001000100111101000010111110000100111100000010111100110110001000111110000011000100001010000000111101111100000001000000111110001001000010001010111110000000111101111110110111111110110110
000110000101000100110101001100000110001100111100000010001010111100110100111100000101111100111010111010001011000100001011111010000010110100111110111100111010111100000101001100111011000100110100
000110000011001100000101110100111100000100110110111100111010111010111100000010111011111010110100000110110101111100111011111100111010111100000100111010111010000100000011110110000101111010000100
000100110101111010110101111010001010111100001010000100111100111100000010111010110101111100000100001010110101111010111011000100000100111100000100000100001010000100000101111100111011110100111010
000000001001111100000001111110000000111100111100111000111110001000000000111110111101111100111000111110000011000010000011000010111000000000000010001010110110111100001001000000111101111100111110
000100111011111110110101000010111010000100111100000110000100000100111110111010111011000010111100111010111011111010110101110100000100000010111010110100111100111010111101110100000101110100111010
000100001011111110110101111110000100000110111010111010111100111100000100111100111011111010000100111100000101111010110101111010000100111100000100000100000100111010110101110110111011000100110110
000000111101111110110111111100110110111000000010000010111100000010000010111100000001000000110110000000000011111000110111111100111000000010001000111110111110000000111111000010001001111110111110
111100111011000100111011000110001010111100111100111100111010111100111010111010000011110100110100000100110101110110111101111100001100110110000010111010000010000100111011000100111011111100111010
110110001001001000110111111000111100111100111100000000111100111000000000111110001001000100111100111100111111000000001001110110001000000000111110111110000000111100111101000100001001000000000010
110110111101110110000011111100000010111110000010111110111100111110000100000000111101001010111000000000001001111110111101000010000100111110000100111000000000000000001001111110001001111100111110
000100111101000010111011111100110100000100110110111100111100111100110110111010111011110110111010000100000011000110110101111100000100001010111100111010111100111100000101110100000011000100000010
111110000101111010111011111100001010000110111100001010110110111100000100001100001011000110111100000110001011111010111101111010000100000100111010110110111100111100000011000100111011110110111110
000010110111111110111101111000111100110110111110111100001010111000000010001000110111111000111110000100001001110110001001000100000000000100111000111000111100001000111101000000000011111100000010
111010000011111100000011000110000010111100110110000100000010000010110100000100000011001100111100110100110101111100111011110100000110000110000110111010001010111010000101000110000101000110110100
110110111011111100111011000110111010000100000010001010000010110110000110110100000101001010000100000100111101000110111011000100111100000010000100111100111010110100111011111010110101001100001010
000010111101000010000001110110000000110110001000000000111110000000111100000010000001110110111100111110000011000100111101000010111100000100001000111100111110000000111101000100000100000010111110
000100111011000100111011000010111010111110000100111010000110000100111100111100000011111100000110000100110101110110111101111100000010110110000110001100000010111100110101000100000100000110111110
000100000011110110000101111010000100110100111100000010111100111100000100110100111011000100001010111100000101111100111011110110111010111110000110111010111100000010001011000010000010111100110110
000100000101000110110101000110001010110100001010110110111100111100110100000100111011000010001100111100000011000110111011000100111100110110110100001010000110110110000101000100111100111100111100
110110001011110100000011000100001010110110000100111100111010110100111110000100111011000010110110110100111101000100111101110100000110000100110100111100111100111100000101000100111010000110000100
001010000101000100111101111010110110001100000100110110111100000100000100111100111011110110000110111010000101000100111101000100111100110110111100111100000100111100110101001010111010001010111010
000100001011111010111011000110110100111110111110001010001100111110111100111110110101000110000100000100000011111100111011111010111010001100111100111100111100110110000101001100111100111100111010
001000111101000100000011110110000100000000111110000010111000001000110110111110000011001010111100110110111101111110111101111100000010001010111100000100111100000000001001000010111110001010000000
111100000011000010111111111110111100111110111100111100000010000100111000000000001001111000111100111100111101000010111101111000111110111100111000110110111110110110000001000100000000000000111100
111010001011000110111101111100110110111100001100111100000100110110000110110100000101000110111100000010111011001010111101001010111100110110111100111100110100001100001011111010111100111010111100
111100110111111110111101000010111110110110110110111100111110111100110110111100111101000000111000000000111101000100000001110110000010001010111110111110111110111110111101111000111110000010110110
111100111101111110000011111110111110000010000010111110111110000100000000000100000001000010111110000010111101000010000001111110111100000100111110111110110110000000110111111110000010000000000010
000110110101111100111010000110000110110110000100000100000010111010110100000100111011110110000100000100111011111010000011001100111100111110001010001010000100110100001011111100111100001010111010
110110110111111110111110111100000010111110000000111110000010000000111110000010111101111100110110000100111101111000000011000100111000000010000100111110111110111110000001000100111100111110000010
001100111011001100111100111010000110110100000100000100111100001100110110000100000011110100111010000010111011111100111101111100111100000100111010111100110110111010111101111110111100111010111010
000000000011000100111110110110111100111110000000000000111110000010001010000000111101111110000000111110000011000010000011111110110110000010001000111100000010000000111101000100001000111000111000
111100111011111010000100111010111010111100001100111010000100000010000100111110111101000010110100110100111011000100111011000100110100000100111010110110111010111010000011110100110100000010000100
000100000011110110111010000010110110111100000010000110111010000100111100000110000100111010111100000100110101000100111011000100001100001010000010111110000100111010111101000100000110111110001100
111100110111111100000000111110000010000000000010001010111110000010111110111100111110111110111110111110111101000010001001111110000000111000000000111110111000111100000001000010000100111100111110
110110111111000010111110111100111000111110000010000010111000000100000000000100111000110110111000111000111101111110110111001000111100001010110110111110000010000010000001111110111100000000000000
000010001001111110111000111000001010111100111100000100000010000010111000000010001000110110000010001010111101000100111111111100000000111110001000111110000100110110001001000100000000000010111110
111100110101111110000100000100000010000100001100111010111010110110000100001010000100000110110100110110000011111010111011000010110100111100111100111100111010110100001011111100111110111100111010
000100111101000100111000111100110110000010000010000000111100000000111110111100111100111100000100000010110111110110000001000000111110001000000000000000111100110110111101000000111100111000111110
000100111101000100111100111000000010111110000010001010111100111110000100111110000000111110111110001000000010111100001001111110000100001010111000000000111110111110000001111110111000111000000100
000010111101110100111100111010000110110110000100111010110110000100110110000100111100111010111010111100111100111010000101000110110100111010111100111100111010000100000101111100001010000110000010
000110000101000010001100000010000100000100111100110100000100000100111110110110111100000010000110000100111100000100111101111100000110001010110100110100111110111100000101000010111100000110111010
111100000011000010000010111110111110111110000010111110111000000000111110000100000100000010111100111100000000000100000011111000000010111110000000000100111100000010111101111100000100111110000010
001000000001000010111110000000111110111100110110000000110110000010001010000000111110110110110110111100001010111110000001000000000100000010000100001000000010111100000001000010111000111100110110
000100111101111100000110000010110100111100111100111110111100000110111010111100111010000100000110111010111010001100110101000010110110001100000010000100111010110100110101111010110100110110000100
111100001001111100111100111100001010111100111110111100001010000010111100111110111110111100110110110110111110111100110111111110000100000000000000111110000100001010111101000000110110000000111100
111000111101000000000010111000111000000010111000001000000000000010000010111000110110111100000000110110000000001000001001000010000010111100001000000000110110000010111101000100000010000000111100
000100001011000100111100000100000100000110001100110100111100111010111010000100110110000110000110111010111110000110000100111010111010001100111100110110110110111010001011111010000110000100111010
000010000001000010000010111110111110111110000010111110111110001010000000110110111000001000000000000100000100000010000010111110111100111110000010111100001010000000001001000000000000000000000000
111100000011111100111100000100111110111010111010110100111100111100111010000110000110000010111100111100000100000110001010111010000100000110111010110110111100000110111011001010111100110100111100
111100111101111110111010110110111100111010111100111010111010000110000100110100111010000110001100110100000110111100111110000100000100000110111110111010110100001100110101000110111100001100000010
001000000001111000000000111000111100111110111100001000001000000010001010001010000010111110111100111000000010111100000010000000000000000010111100001010111110111110111101001010111000111100111100
001000001001001000111110000010000100111100000010000010000000000000111110000010001010110110111110000100111100111110111110111110000000111100000010110110111110110110000011111100111110001000111110
000000111111110110001000000000111100001010000100110110111110110110110110111100000010000100000010000100000000111110111110111100000010000000000100111110111100111110111101000000111000111110110110
110110111111000100000100111000111110000010000000000100000100111100001000000010001000000010111100000000111110000010000000111110000100111110111110000010111110000010111101000000111000000010001010
000000111101110110111110000010111110000010001010000000111100111100110110000010110110000010001000111100111110110110000010111100111000000000111110111100001000110110001001110110001000001000001010
111100111101111010111100111010000110111100110110111100000110110100000110000100110110000010111100001100001100001010111010000100000110000100111100000010110110111110111011000100000100111010111110
000110110100111010001100110110110100001010111010000110111110000010001010000100111100000010111100110100111100111010001010111010111100000110000100000100111100111100110101111010111100000110000010
111100001000111110111110111100111100111100001010000010111100111110111110110110111000111110001000111000000100000100111100001000000010111100000000000100110110111110111101000010000100110110000010
001000000000000100111100111110111100001000110110110110000010111000000010110110111100111000000010111110000000111110111000111100000010001010111110000010000100111110111101111100000000111110110110
000010001000000010111110000000111110000100000010000010111100111110000010111000001000110110111100111100000000111000000010000100110110111110000010111110111000000000110111001000000010000000110110
000100111110110110001000000000111110000000111000000100000010111100111100001010000010000000111110111110001010001000111110111110111100000100001000000010110110111100111101111000111110111110111110
000100111010110110111100111010111010000100111100000110000110111010111010111100000100111100111100111100111100000100110110000110111010000100000100000010111110111100111011110110000100000100111010
110100111100111100110110111100111100111010111010110110111010001100001010110100000010111100111110111010000100110110000100111010110110111100110110000100110110000110000101111100000110111100000010
001000000000111100000000001010000000000010111110000000111110111110000100000010110110001010000010111110111000111110001010110110000010000010111100111110000000111110000001001000111100001010111000
111100000000000000000000000100000100111110000010111110111110000100111110111110000000111110111000110110111110001000001010111000001010111100111100001010000100111110111111110110111000111110111110
001100000110110110111010000110000110111100111100000010110100111010111010000110110110000100000010000100111110000100111100111110111100111100111010000100111010000100111011000100111010111100001100
000100111000000000111100000000111110000100000010000010000010111110000010111000000100000000000010111110001010110110111110111110111110000010000000000010001010111110111111000010111110111100000100
000100111010001100111100111010000110110110110110000100111010000100000110111110001010111100111100001010000100110100111100111010000110000010111100111010001010001010000011111100001100111100001100
111010111100001010111100111010000100110100001010000110000010111010110100110100111110000100111110000100111100000100000100111110111100000010111100000010111010000100111011000100111100000010111100
000110000100000100111010111100000010000100000100110110000110111010000100000100110110111010110110111100000110111100110110111100001010110100001100000100111010111100001011111010110100000110000100
001010000000111110000100000010001000111110001010110110000100000100000000000100111110000100111100111110111000110110000000000010110110001000000000111100111100111110111101111100000000110110000010
111110110110000100111100111010000100111010000110111010110100000100000110111010000010111100111110001100111100000010110110111010000100000100001100111010110100111100111101110110110100111100000100
110110111110000000111110000010111110000100000010111110000000000010000010000010111100111100111000111110111100111100001010000010111110000010000010111000110110111100110111001010111000110110111110
110110000100000110110100110110110100001100110100110110110110000110110100110110111110111110111100110110000100000100111100000010111100111100001100111010111010110110000011111100111010001100111010
110110111010000100000100000100111010000100111100111010000100110110000100000100111010000010111100111010111100111010110100111100000110000100111100001100111100111100111101111010111010111100000100
000100110110111100110110111000111110000010110110000100111100110110000010111110111110111000000010111100111000110110000100110110000010111000001010111000000100111110111101000100111110000100111000
000100111110110110111010000100111010000010111010111010110100111100000110000100110110000110111010000010111100000110000100110100111100000010000010111010111100000100001011001010001010000100110100
110110111000001010111000000010111000111110111100111110000010000100000100000100111000000010111100111110000000111110000100111110000010000000111100111100001000000000001001110110111000111100111110
000000000100001000000010000010111110000010001010111110000010000010111000111110110110111100111110111110111100111100000000111110111000111000111000111100000100111100111101111100111110000010111000
110100110110111010001010001010111100111010110110110100001010111100000010000100111010111010110100000100111100111010000010110100000100000110000100111010111010000100111011000110111010110110111100
111100111100111100001010000110000100001100110100111100111100001010111100111010110100111100001010111010000100111010111010111100110100000110111010001010000100111010001011111100111010001010110100
000010111000111100111110000010111100000100111110000010000000111110111100111100000000111110000010000010001000000010000010111100000000111100000100000010111100111000000011000100111000000000111100
000100000110000010110100000100000100111100111100111110000100000100111100001010110100000110000010001100001010111100001010001100111010111010111110111110000110111100111011111010111100000100111010
000100111110000110110110000010111100111010110100000100111010111010001010110110111110110100000100111010110110000100000100110100000100111010000010001010111100000100111101111100001010000100110100
000100000100000000111000000100111110000010111100000000111110000010111100111100110110000000111110110110110110111110111110111100000010000100000010000100111110000000001001000010000100111100111110
111100111100000100110100111010000100111100110100111110001010110100111110111100111100111010111010111100111010111100000100000100111010111100000110001100111010111010111011110100111100000110111110
111110000010000100000010111000111110111110000100111110111100111100111110000010001010111100000100111100111100111100000010000000000000000010001010110110000000111100110111000000111110111110111100
000100110110111110111000111100111000000100110110000000000100111100000000111110111000001010000010111100111110111100000010111110111110110110111110000010001010111100000011111100000100110110000000
001000111110111000000010001010000000110110000010111110000100110110111100000010000100000000001000000010111100111110111100001000000000111000001010000010000100000000000011000100110110000010000010
001010000010110110110100111100111100111100001010000110001100000110000100001100111110111100111100000010111100111010000100111010000100111010111100111010000010111100001100111110001010111110110100
111100110100000100110110000110000010111100000110111100111010000010000110000110000100000010110100111010111010000010111100001100001100110100001010111100000110000110110110111100000100111100111100
111110000000111100000010111110110110001000111110000010000100000010000000111110000100110110111110111110111110000100111110110110111110000010001000000000000000110110001000111110111110001010111100
111100110110111010000010111010111010001100001100111010110110000010000100000100111100000100111010111100111010111010000110000010000010110100000110000100110110000110001010000010110100110100000100
000010111110111110001010111110111110111110000100000100111100000010111100000010000000111100111100111100000010000000111100110110111000001010110110111100111110001010000010000010111110000010000000
000000000010110110111100000010111100111100111110110110111000000100111100110110000000000010000100001010111100110110000100111100000010110110110110000010111110111000000100111100000100111110001000
000100110110111100111010111100111100000010000100000100001010110110111010001010110100111100000010000110111100111100000100000100111100111100111110000010111100000110000010000010000110110110000100
111100001010000010111110111000000000111100111000001000110110000100111110000010000100111100000010001000110110110110111100000000111110000010000100000010000000000100000000111000111110000100111110
000100110110000100000100110110110110000100111100111010000110111010000100111100111010111100110110000100110100110100111100000100111100000100000100111010111100110100000100111010111110110110000010
110110000010110110000100111100111100000000000010111000111100111100111000111110000000000010111100000000000000111110001010111110000010111110000010000010000010111000000100110110000010110110000010
001000000010111110111100111100111110111110000000000100111100000000111110000010111100000010000010001010000010001000000000111000110110000000110110001010000100000010111110000000111110111000000000
110110110110000110000100000100000110000010111010111010000110000110111100001100111100110100110100111100000010000010000100110100111100001100000110110110111100111010110100111100111100111010001100
111110111010111100000100111100111010110110000010111100111100111010000100000100111010001010111100110110000100000010111100000110001010111100110100111010111100000110110110111010111100111100110110
000110111100111010000010000110001100111010000010110100110110111100110100000010000100111010111010000100000110000010000110111100111100000110001010110110111100000100000110000010000100111100001010
000110000110111100000100111100001010000110111100001100000100000010000100000110111010000100110100000100001100111010000010111010000100111010111100111100000100001100111110111010000100110110111100
000110000010000100111100000100111010111010000100111010110110111010111010000100000100111100111100111010000100111100000110000010111100111100000100111100000100110110110110111110000100110110000010
111000111100000000111110111000111100111100000010000010000010000010111110111100001010000010001000111100000100110110000010111110111110111110111110111110000010111110111100000010111000111110000000
110110000000000100110110111100111000111100111000000100110110000100110110111110111110000100000010001000001000111100000010000000000100111110111100000010110110000100000100000010000000001010111100
001000111000111100000010000100000010000100111110110110001000000100000010000000001010000010110110111110111100000000111000000010000000000000000100000010000000000010111100000100000100000100001010
000110111100111010000100000100001100111010111100110110111010111110111100111010001010110100110110111110001010001100000010001010111110111100000110110100000110000110111100110110000100000110111100
000100001100000100110110111100000110000100111100001010111100000100000110111100111010001010001100000100000110110110111010110100000010000100000100111010000100001010111100111010111010001100111010
000100111110111000110110001000111000111100000010111110000000000000000000111100111000001000110110111110110110001000111100111100000000000000111100000100111110111110111110000010000000000100000010
110110001100001010111010000110110110000010000110111100111100111100001100000110111010110110000100111010000110000110110100110100000100001010001010110100111100110100110100111010000100111010111110
110100001100111010001010000100111100000110000010110100001010110110000110000100111010000010110100000100000100000100000010111100110100001100111100111100111010111110001010000100000100111010001010
000010000100110110000010001010001010111100110110111100111100000010111000001000111100111100000100111100110110111110001010000100111100001010000100110110111110111100111110111100000100000000110110
110100000010000100000100111110000100111100111100111100111100111110111010000010000100111010000110000110000100000010110110110100110100000010111100001010111010111100110110000100000110000100000100
111100000100111010111010110100110100000110000010111100111100111100111100110110000100111100111010111100111010111100111010001010000100110110111010000110110100001010110100000010110100000100111010
111110000010000000000010111110111000110110000010000000000010110110111110000010111110000010000000000100000010001000111110110110000100000100000010111000000100000100000010000100110110111110111110
111000000000111110111110111110000010111100111100000000110110000100000010111100111100111100000000111110000010000010111100111100000100001000111110000010000010000010111100000100000010110110000010
111110110100000100111100000100111100110110111100000010111100111110111110111100111010000100110110111100000110000100111010000100000110000110000100000100111010111100111010001100000100111100001010
000110111100000110110110000100111100110100110100111010000100000010111010111010110110001010000100001100111010110100000100000010111110001010111110111110000100000110110110000100111100001100000100
110100111100111010110110000100000010111100111010000100111100111010000010110100000110000100111010111110001010110110111100000100001100001100000010000100000010111010000100111010000010000100111010
000100111110111110001000001010000100111000000010111110000010111110000010000010111110000010111100000010000010111100111100111110001000111100000010111100111100111110111110000010000100111100111110
111110000100111100111010000110000110001010111100110100000100000110111100111010110110111010000100111100111110000110111110110100111010110100000100111010111010110100111100000100111010000010001100
000100111010000100000100110100111100111010111010000100000110111100001100000010111110111010111100001100000100111010111010111100000110111100110100001010111010001100001100111010111010000100111100
000000000010110110000100111100110110111000111100111110000100001010111000000000000010111000110110111110110110111110000010001010000000111100111110110110000000000100000010111110000100111110111100
111100001010110110111100111100000100111110000000001000111000110110111000110110000010001000110110111110111110000010111100000000111110111100111110111100111000000100000000111100111100111110000000
111110111110111110000010111100000010000010111100111110111100111110001000111110111100000010111110111110000010111100110110111100000100000010111110000000001000110110000010111000000010000010000000
110110000000111100000010111110111100111110110110000010000010111110111110000010000000111000000010111100000000000000000010111100000010000010000010000000001010000100001000110110001000111110000010
000010111110111110111110111110111100000000111100110110001000001010111110111110111100000010000010111110111110000100000010000000000000000010111000000100000010001000000010111100111100111000000010
111100111100111110000000000100000100111000111000111110000000001010111100111100111100111110111110001010111110111100111000000010000100000010000000111110110110000000000010000010000010110110000000
000100000110110100000100111100111010111100000010110100110100110100000100111100111010111010111010111010001100110100111110000110000110110110000100000110111100001100110110110110000110111010111010
000010000000111110111000111100000000111110000010111100000010001000111110111000000010111110111110110110110110111000001010000010111110000100111000000010000100111110000010001000111100111110111000
000100111100111100111010111010000100110100111100000100111010110100110100111110110100000100110110000010111010111100111010001010110110000100111100111110111100110110000100110110111100111100111010
111010110100111010110110000100001010111100111100110110000100000010000100110100111100110110000110110110111100000110000100110100000110111010000100000010111100001100000010111100000100000010001100
001010111010000110000110111010111110000010111100000100111010111100001010000010000010110110001010000110000100110100001100111010111100111100111100000100111100000010111100000110000100110110111100
111110110110110110111000111110001010111110000010000100000000111100111110111100110110111000111100001000000010111100111110111110110110000100000000111000000010111110111100000000111110000000111000
110100111010110100111110111010110100111010111010111010000100111010000100111010111100111100000010111010111010111100000100111010001100111100000100111100110100111100111010111010000010001100111010
001010111000110110000000000000111100000000000010111110111100111100111110111100001000000100000100110110001010000010000010001010111000000010111000111100001000000010111100000010000000111110110110
000010000010001010000110000100111100110110110110110100000100111100111010110110110100111010000010111010001100001100110100000110111110110100111100111100110100111100000100111100110100110110000100
000010000100111110000010110110000010111100001000111110110110000010001010000000000010111100000000111110000100000010110110110110000010000010000000111110110110000000111100111100111110110110111100
000010000100111100110100000010111100111100111010111100000110110110001100001100000110001100110110111100110110111010110100110110000010110100111010001100000010000010001010110110110110111010000110
000100110100110110111100000010111100000100000100111100111010111100000100110110000110111100000010111010111010111100110110111100111100111100000100000100111010001010111100000010000100111100111100
111100001000110110111100001010000000000000111000000100111110110110000100111100111110000010111000111110111110111000111100000000110110000100111100111110111100001010001000110110111100000000111100
000100111010110100111100000100110100111010000100000110000010000100000100111010111100111100111010000100110110000110110100111100001010111010110100110110001100111100111010000010001010111100000110
110100001100110110111100000100111100111010000110001010111110111010000100110100111100111010000110000100111010000110111010000110000100000100111010111010000110000010000010110110111010111110111010
111110111100111010110100111010110100111010000010001100000100111100111100000100110100110110110100111100000100111010001100000110110100111100111100000010110110000110001100111100111100000100000100
000010111100000010111110111110111000111110110110111110000010000100000100111110001000001010111100111110111100111100111100110110111100111000001010000010111110000100000000111000111110000000111110
000100001010111100111010111100111100111010110100111100000110000100111010110100000110000100110100110100000100110110000110000100001010111100000110111100111100111100000110001010111100110100000010
110110111110111000000100001000110110111100111100000010111000000010111000000100110110000010111110111100001010000000111110111100111110111110111000111100111000000000000010111100000000111100000010
110110111110111000001010000000000000000010110110000000000010111110111110111000110110000010111100000010000000001010111100000010000100110110111100000100111100110110000000111100000010000010000010
111100000110000100111100111100111010110110110110111010001100000100000100110100001100000100000100111110110110111010111100111100110110110110111010000100000110111100000010000010110100111100111010
000010110110111110000100000110000010110100110110111100000100000010000100110110111100111010000100111010111010111010000100110110111010000110000110000100001100111100111110000100110110110100110100
000110000100111100110100111100000110111110001010111010111100111100111110111100110100000010000010111010110110000100000110111010111100111010000010001100000100001100110100111100111010110100111100
000100111010000100001100111110111100111100000010111010000110001100000100111110111010111010111010111100111010110100001100111100111010111110111100111010111100001010111010111100111010000110111110
000100111110000010111100110110000010000010000100111110000010001000000010000000001010111100111110111100000100110110000010111100111100111100111000111100000010111100111100111000000100000010110110
001100111010111100111010110100111110111010000100000010111100001100111010000100000100000100000010111100000010110110111010111100110100001010000110111100000100110100111110001100001010111010110100
111100000010000000000000111000000000110110111100111110000100111100111100111110000000111110001010111110111110111110111100000000111110000010111000000100000000111110000010111110000010000000001000
111010000110110110110100110110111100000010111100110110000110001010111100110110000100000100110100001100000010001010000010000110110100110100000110000100111010000100111100111010110100000100000010
000100001100111100000110111010111010000100001100000010001010111100000010111100000110000010111010110100000010111100111110111100001100000010110110110110110100111100000100000100110110110100001100
111010000110110110000100110110001100001010110100001100000100110110000110001100111010000110111110110100111100110100111100110100000110111010000110110100111010111100000010000110001100110100111010
110110001100111100000010111010000110001100001010000010111010000100000110111100111010110100111010000100111110111100000010001010111100111100111010001100000100001010111010111100000110111010001100
111110111110111110001000111110111100111110000010000010001010110110001000000010111110111110000100111100111100001000111100111100111100000100111000111110111000111100000100111100000100111000111000
110100000100000010000110111010000100111100111010111010111010001010111100111100000100111100000100000110110110111010001100111110111100000100000100000100111010110100111010000110000100001100001010
111010001100000100111010000100000100111100111010111110110110000110110100111100000110111100111110000100110110111010110110111100111110000010000100000110000100111100001010111100111100110110110100
111010110110000010001100000110000110000010001100000110111110110110111100001010111010110110111010110100111100111100111010111100000110111100000110000100111010111100000110000110111010000110111100
111110111110111110111100000010111000111100111110111000111110111110000010000100110110000000001000000000111100111110000000000010110110000010000010111100000010111000000010110110000010111100110110
001010110110001000000000000010000100111100111110111110111110111110111100000100111110000100111110001000111110111100111110111110000100000000110110001010111100111110111110000010111100001000111000
001010110110111010111100110100000010000100000100000110111010000100111100111110111010111100001100000100111100111010000010110100111100111010000100111110110110111010000100000100000100000110111010
111110111100111000110110000010001010001000000010000010111100000000111110111100111100111000111000001010000000111110111110111100111100111100111000000100111000000100111100000010111000111000111000
000110000100111010000110001010111010000100111010000110110100000100111100000010000010110100110110001010111100111100000110000110111100000100111010111100111100000010111010111100001100111100000100
000010111100111100110110110110001000111110000010000000111110000010111000111110000010110110111000110110111000111100111000001010111110000010001010111100111110000000111100111100111110000100111000
111100000010000100000000111110001010111000110110110110000100000010111110111000001000001000000000111110110110111110111110001010001010111000111100111100000010111100000010000000111110001000111110
110110111000000010110110111110111100001010001000111110111100111100000000110110111110000000000010000010000100111110111000111110111000110110001010000000000100000000000010000010111000001000111110
000010111110000100110100000100110100000100111100000010111100000110000100111110111010111010000110110100111100111100001100111010111010110110000100000100000100000100001010111110000100110110000110
110100001010110100110110111010000010110100111100111100111100000010111100111010001100000100110110000110000110000010000010111110111100111100000010111110001100111010000110111100111010110110111010
111110110100000100111010000110111010000110111100111010111100000100110100000110110110111010000100000100000100000010000100000110111010110100111100111110000110001100111010110100111100000010111010
110110111100001100110110110110000110111100111110000100001100110100000100111010000100110110110100111100111100000100000010111100000110000100000100001010111010111100111100000100000110111010110100
000010111100111010000100000110110110111010111010110100111010110110000100000010000110111010110100000110000010000100111110000110000010000010111010111010111100111100000110000100111010000010000110
001010111100111010111010000010110110111110000100111010111100111010000110110100000010000100000100000100000110111100000100111010000010111110000110000100000110110110001010001100110110000100000100
111010000110111100111010111010110100111110110100111010000100000100001010000110000100111010110110111100111110000100111100111100000010110100000110111100001010000100000010111100110110000100000100
111110000010111110111110000100111000111110111100111000111100111100000000111110111100000000110110111110001010111100111100111100111000110110111000111100001010111110111110111110111100000010000000
111100000010111100000100110110111010111100110100110110111100000010110100111010111010110100111100111010000110111010111100110100110110111010111010111100000010111100111010111010000110111010111010
111110111110000010111100110110000100000100110110111100111100111110001010000010111100111100000100111110000100001000001010111100001010001010111100111100111110001010111100111100111100000010111110
000100001010000010000010000100110110111110000110000100001010110100001100110100111010111010000010111100000100110110000100000100000100111100001010000100110100001010111010000010111100111100111010
111110111110000010111100110110111110110110111000111110001010110110001000111110110110001000000010111100110110000000000010000010111110001010000000001000111110111110111110110110000100110110111100
000010001010111110000100111100000000000000111100111110111000111100111110000010000010111100111100111110110110111100001000000010000100110110111100111100000100111100110110001010111100000000000000
000010000000111100110110111000000000000010000010000010111110110110000100000000001000000000111100111100111000000000111100000000000010000100111100111110111100001010001010000010001000111100000010
000100000100111010000100000100111100000100111010110110111110110110111100001100000110111100111100000100111100001010111100000010111010110110111010110100110100000100111010000100111010110110111010
111110111110000000111110001000111100000010000100001000111000111100000100111000111110110110111100111100001010000100111110000100111000000000111110111000111110111100000100000000001000111100000010
000110000010111100111010110110000100000100110110111010111110000110111100000100000010111010001100110100111100111100000110001010111100111010111100111010111010111100000100000010001010001010111100
111100001000110110000010000000111000111110111110111100110110111100111100111110111100000100000100111110111110000010111110000100000010111110000100000010111110001000000100111110000010000010001010
111000000000001010000000111100111100111110111100000100111100000010111000111110111110000010111110111110111110000000001000111110000010000100000010000000111110111100001000000010111100000010111100
111100000000111110111110000000000100001010111100001010001010001000000010111110000010111100000100111110111000110110111100111000111100110110111100111000111110111000000100111100000010110110111000
000010111110111100111110110110000010111110000010111000111100000100000010000000111110111110000010000010111100111000111100000010111110000010111110000100000100000010001000000100000100000010111000
001000111110000100000010110110001000111000111110000010111100000100111000111000111110111100000000111000001000001000111000111000000100001000000010000010111000000010111000111100110110111100000010
