11111
00100
00101
01011
01110
00101
01001
00011
01101
00100
00010
00111
01000
00010
00110
00100
01001
01011
01000
00110
00111
01011
01001
00100
00100
00100
01100
00111
01000
01000
01001
01010
11111
01101
01010
00101
00101
10001
01000
01000
01010
01100
01001
01010
00101
01101
01000
00111
01000
00110
00101
01110
01001
01001
00110
01001
01101
00110
00101
01101
00111
00111
00111
00100
11111
00101
00111
00110
01100
00111
00010
00110
00111
01001
01101
00110
00110
01000
01101
01101
01011
00110
01001
00111
00110
01000
00101
00010
01010
01101
01001
01100
01000
01011
01111
01000
11111
01001
01001
01011
01001
00101
01000
01111
00100
01101
00001
01100
00111
01111
10000
01010
01001
01000
00101
01000
01001
00110
00100
01010
01010
00010
00110
01100
01001
01011
00110
00111
11111
01100
01000
00100
00110
10001
00011
01001
01100
01001
00100
01100
00111
00010
00110
00011
00111
01101
10000
01011
00111
01001
00111
01001
01001
01010
01101
01110
00100
00100
01111
01100
11111
00100
00100
01011
01010
01100
01010
01100
01000
00111
01000
00111
00010
01010
00100
01010
01000
00011
01011
00110
00110
00010
01011
01011
00101
00101
01001
00111
00101
00110
01001
01001
11111
00101
00001
01111
01011
00101
01000
01000
01000
10010
01001
00111
01001
00111
01001
01100
00100
10001
00011
01010
01011
01100
01010
01000
00110
00100
01000
01010
00100
01001
01101
01000
11111
00111
01011
01001
00100
00110
00100
00101
01000
01010
00111
00101
01111
01100
00010
00111
00110
01101
01100
00101
00100
01001
00100
00110
10000
00101
01100
01010
00010
00101
01101
01111
11111
00001
00110
01100
01010
00010
01000
01010
00100
00110
01001
00111
01001
00011
00001
01100
01011
01010
00110
01100
00111
00010
01011
00101
01001
00001
00101
00101
10101
00100
01111
01100
11111
00010
01110
01011
00111
01010
00101
00101
00010
01000
01001
00010
01100
01100
01101
01000
01000
01010
01000
01100
01010
00010
00111
01010
00010
00101
01010
00011
01110
00111
01111
01000
11111
01100
01011
01100
00010
00011
00110
00111
01010
00111
10000
01001
00010
00110
00100
00111
00001
00110
01100
00110
01010
00101
00100
01100
00010
01001
01100
01100
00101
01011
00110
00110
11111
00111
01001
01000
00100
01000
01001
01000
00010
00110
00101
01010
10001
01010
00110
01101
00110
01110
01011
01000
01000
00111
01000
01000
01101
01000
01010
01010
01011
00010
01100
01101
11111
01001
00000
01001
01101
00111
01000
00101
01010
01010
01011
01100
00110
01001
00111
01000
00111
00111
01011
00010
00011
00111
01010
00111
01000
00100
00111
01011
01000
01000
00111
10000
11111
00011
00011
01001
01010
01001
01011
00010
00110
00111
00001
01100
01101
00000
00100
00010
01100
10000
00111
01010
00101
01111
00111
00110
00100
00111
00011
00111
00011
00100
01010
00110
11111
00111
01100
01010
01001
01111
01100
01000
00111
00111
01010
01001
00000
00110
01001
00011
01001
10001
00001
00111
00101
00100
01011
01000
00100
01000
01111
01000
00111
00001
00111
00101
11111
01001
01101
01011
01010
00111
00110
01100
00111
01000
00001
01010
00101
00110
00011
00011
01000
01010
00101
01010
01000
00110
01100
00011
00101
00100
01011
01011
01010
01101
01010
01001
11111
00011
00110
01001
00110
00101
01011
01100
01011
00011
00110
00110
01101
00011
01001
00111
00001
01010
00011
10011
00110
01001
01101
01010
00111
00101
01010
01101
01000
01101
01011
00100
11111
00001
00110
00100
01000
00010
01001
01111
00111
00100
00011
01001
01000
01000
00000
01001
01001
00100
00100
00111
00111
00001
00111
01010
01001
00001
00001
01100
01100
00100
01101
01101
01010
00001
00111
01010
01100
01000
00100
01011
01001
01110
00011
00110
00100
01000
00010
00101
00011
00111
00111
00101
01011
00011
00101
00110
01100
01011
00010
01101
00110
01000
00101
01000
01100
01011
00101
01001
01000
00110
00111
00111
01011
01101
01101
01110
01010
00010
00011
01010
01010
00110
00110
01010
01000
00110
00111
00110
00011
00101
01101
01010
01110
00011
01010
01111
01001
01000
01000
01010
00000
01000
01110
01011
01111
01010
01000
00010
00110
01111
00101
00100
00101
01111
01000
00110
01001
00101
01011
01010
01101
00011
10000
01010
01001
01011
00100
00011
00010
01000
01010
01001
01111
00101
10001
01000
00111
00111
10100
01100
01100
00101
00001
01101
00111
00110
00101
01001
01000
01101
00011
00011
01110
01111
01101
01011
01001
01010
01010
01100
01001
01111
00110
00010
00011
01011
00010
00110
01001
00111
00101
00011
01000
01010
01101
00110
00101
01011
00010
00100
01101
01101
00110
00011
00111
00001
00100
01001
00001
00100
01001
00011
01011
01010
00111
01001
01010
01000
00101
00111
01001
00110
01011
10000
01001
01001
01110
01010
00110
01001
01000
00110
01000
01001
01001
00010
00011
00010
01010
01011
01000
01110
00001
00101
01111
01000
00111
01011
00110
01011
01000
00100
00100
01001
01011
00011
00001
01010
01001
01011
01000
00111
01101
01010
01001
01011
00000
01010
01011
01000
00000
01001
01010
01100
00000
01100
01100
01100
01011
01000
01001
01011
00100
01000
01010
00111
00100
00110
00011
01000
00110
01000
00110
01101
00111
01100
00011
01001
00101
00111
00111
01000
00101
00011
01001
00100
00101
00100
