00100001000010011011111100011100110010011111100
00100001000010001001000010111000011001100110101
00100001000010011111111100100110100001101001100
00100001000010001101010111111111111101101110010
00100001000010010101001110111001001010110110011
00100001000010001111011001000111000111101010101
00100001000010000001011011011011010111111110000
00100001000010011111110111111111111111111111100
00100001000010011101111100101111111101111010100
00100001000010000110111110101110100101110101111
00100001000010010110101111111100100001111110101
00100001000010011001000011111001111110011111110
00100001000010000101001010011000000011101110011
00100001000010011110110101101010111111110000010
00100001000010001110101111000010110111011110100
00100001000010001001110011001010010011111111101
00100001000010011101101010100111011100111011100
00100001000010011100000001101010111111111111011
00100001000010010110011110010110110000111000011
00100001000010001010111001100111101111111000110
00100001000010000110100001111110110111100011011
00100001000010011101001111011110111100001001111
00100001000010000111000101011011100000001011100
00100001000010010111001011011110001111001001100
00100001000010011111011011010100101011111110110
00100001000010010111101111100000101011011110011
00100001000010001101011101100110101101101111010
00100001000010011011010100100011011110101100111
00100001000010011101011010001111101010111011111
00100001000010011110111001011101100011101101101
00100001000010011101110010001000001110001101111
00100001000010011101110111110101110100111111111
00100001000010010100011001010101111100011101111
00100001000010011000010111111100001011011111110
00100001000010011110000101100011010111110111111
00100001000010010111010111111101111111011001110
00100001000010011011101011111101010110011111100
00100001000010011011101110110011111011100101101
00100001000010011111101110110100111110110001011
00100001000010001101010011101111100111001111001
00100001000010011111110101011101101100111011111
00100001000010011100111010101011100010110110011
00100001000010011110011100010011101000110010011
00100001000010000110011101000011101111111110101
00100001000010011111000100110000111001111101010
00100001000010011111111011010011111101110111111
00100001000010011100001011010001111110000111111
00100001000010011110100011101111111111110011010
00100001000010001011110110101111000001001001111
00100001000010000001011111110100110101011010011
00100001000010010010111101111111101111101111101
00100001000010011111111111011011111101011101111
00100001000010001101010011111110010101111011111
00100001000010011111110101010101110110000111111
00100001000010011010101010110011100101111100111
00100001000010011001011110101010011100110011010
00100001000010010011110011101011101111010100101
00100001000010001101001011011111110001100011101
00100001000010011111011111101111110111111111110
00100001000010011010111101110101111111010101010
00100001000010000101110011111101111000111100111
00100001000010001110101101110111010101111111111
00100001000010010001100101111100100111100011101
00100001000010011110111100110010100111110001111
00100001000010011100001111111111101111110111111
00100001000010010101000100010100101001101111011
00100001000010010001111111010001100111011101111
00100001000010011110110111111011101101110101110
00100001000010001011101111111110000101100111010
00100001000010011111000111010001111101111101010
00100001000010001000000000111000001111101111111
00100001000010010111001011001010111111110011011
00100001000010010101010100011101011101111101101
00100001000010011110111111001001001010011010111
00100001000010001010111100101000111111111010111
00100001000010011111110001011011111100011000111
00100001000010000010110111111011011101110111111
00100001000010010110101011111111010110101111011
00100001000010010001111111001101011111101101110
00100001000010001000001011001111101011111011101
00100001000010001110010110111110010001111010010
00100001000010010110111110010111111001001011011
00100001000010001110001011111111111110111010011
00100001000010011111101110001001110111111111000
00100001000010001011010110111001111100111011011
00100001000010001011001011100001010001010011010
00100001000010001111100101001111110110101110101
00100001000010001001110010111111111101101110111
00100001000010001111100101110011101101111001111
00100001000010000111100001101110010100101001110
00100001000010010110100011101111101011101110101
00100001000010000101001000111000111001100110111
00100001000010011111100001101011110101100010001
00100001000010011101011011101010100101010101110
00100001000010001011100001111100100110111111001
00100001000010001010011110110010110111111101011
00100001000010001110000101011110110100010101111
00100001000010000001101011110111011110011111110
00100001000010010010100110000111001110101100101
00100001000010010010010101111011001011101110111
00100001000010001111111111101111111011010110001
00100001000010010100011011110100100010001011111
00100001000010000110111101101000100110111111101
00100001000010011001001011011110100111000101111
00100001000010011011111001000111111111101110010
00100001000010001101001001110011100011100110111
00100001000010011110111101010110001001111100100
00100001000010010111011111011110011111101001111
00100001000010011001000101111101001001111110000
00100001000010010011011111100101001100001011100
00100001000010011011011111101100111100011110100
00100001000010011111110111111010111110101011101
00100001000010011110110101011111111110111110111
00100001000010010110111011010101100101101111111
00100001000010000111101011000111111110100101111
00100001000010011100001111110010111011001001001
00100001000010011100000001101111111111011011111
00100001000010010010110101111010110111001101100
00100001000010010100000101101110010101111101101
00100001000010010010111111110010001111110000100
00100001000010011101000001111110010001110000111
00100001000010001100100111011010111110110010111
00100001000010011011110111100111011001011100110
00100001000010000010110110010001011100110010111
00100001000010011110100001101111011100101111110
00100001000010001001101001101111111100011111110
00100001000010011111000111111110111011111101000
00100001000010000001100111100001111001011010111
00100001000010011011111111011011110101111010111
00100001000010001111001111011001011111111111001
00100001000010011111011011001011011100010101010
00100001000010010111110001111110001111111011100
00100001000010011111111111101111111101101010011
00100001000010011111110100011111111011100111111
00100001000010010111010001110101100101001111100
00100001000010000000110011001101001111101111011
00100001000010011100011011011111111110110011111
00100001000010000010110111111111111100011100111
00100001000010011111100011110111111111101011011
00100001000010011111011011011101110100101011011
00100001000010001101101110100010010000011111001
00100001000010011011001110101001110001000100100
00100001000010010011100010101101011011001111111
00100001000010011110011010100010111111011101111
00100001000010010100111111111100011011111110100
00100001000010010010011111110111111101010111010
00100001000010011111010111111111110110011101101
00100001000010011011111011111110011011010110101
00100001000010011010001000011111010111110111000
00100001000010011011010001111111100001100101011
00100001000010010111100111111111101111110111011
00100001000010010101001010011101101001101011010
00100001000010010010111100111110000000010100111
00100001000010011011111111011011111011011101111
00100001000010010111010100111100110110011101101
00100001000010001110110010111010101011110111110
00100001000010001111111100110010111001111101000
00100001000010010110011111100011011000110111111
00100001000010011101101000010010001011001110101
00100001000010011101111110111100101100011110101
00100001000010001101111001110001011111001011111
00100001000010001101000110110111011011111111111
00100001000010000111010110100011011101001010110
00100001000010010111011111111110110010111111100
00100001000010010011011000010101011111111100101
00100001000010000111000011000010100100000000100
00100001000010010111000011111101110111110110111
00100001000010010111011111110001111010111010001
00100001000010011010001110101101011010010010110
00100001000010010100101111000110001101101001110
00100001000010001101110101111110010110010011011
00100001000010001001110001111110011101110010011
00100001000010000110100111011001110001111100111
00100001000010011010001010000000000111111111110
00100001000010001111100101100011000001000010011
00100001000010010111101010000011100101010111000
00100001000010010010111011101010110011111011011
00100001000010010100010111100101111110101011001
00100001000010010010011101011010110011011100111
00100001000010010110110011100110000011110010110
00100001000010000011011100111111010100101010101
00100001000010011111001111111111111001110110101
00100001000010000101111110110101010100100011011
00100001000010010011101101111011111110011111000
00100001000010011101100110110101000100111101000
00100001000010001001111111101100100011011011101
00100001000010000101110100001010110100010111110
00100001000010011101010111101110110111011001111
00100001000010000100101101101011010101011011000
00100001000010011011010011111110111010001111111
00100001000010010111000001101100110011101100100
00100001000010010110001101111010111100111111110
00100001000010010010101111111100111101110011111
00100001000010010010101111110100011001101110100
00100001000010000001001011101100001111010100011
00100001000010011101110111111010101111010110111
00100001000010000111101011110110101110110001101
00100001000010011111111111011111111110011011000
00100001000010001101001000110011100110000111110
00100001000010001111011110001111111101000101000
00100001000010011000000101010110111011111011111
00100001000010001110010010101111011011101111110
00100001000010010000101100111011111110100011110
00100001000010011001101110101001101101101111011
00100001000010011111110001111010111111101111011
00100001000010010110010110111010001111110011111
00100001000010010100110010111000011101110110111
00100001000010011011010110000011111100110011101
00100001000010000111110001100101001010111111111
00100001000010010110111010010101110000110101011
00100001000010011011111010111111011010100111111
00100001000010000111010011111101110101000101011
00100001000010011111101011011011100111010110110
00100001000010010110011000111110011110101100000
00100001000010011111111111111100010110111000001
00100001000010010101000101101011110001100011111
00100001000010010101001001001010011011101111010
00100001000010011011111111111010100001101111010
00100001000010010110010111000110111111110111010
00100001000010001111110101010110011111100101000
00100001000010010010100001111111111100111000101
00100001000010011111100111111100101101100111011
00100001000010011100101011110110011101011000100
00100001000010011100011011110101101011000000110
00100001000010010101001000111010110110110101000
00100001000010000111000101011110010011011101100
00100001000010001100000100010111111110101100111
00100001000010011111101100011010111111011111100
00100001000010011001001111011000110011111010000
00100001000010011100010110010110110011111001011
00100001000010011001101111110000001110010001011
00100001000010011001001111100011111110101010101
00100001000010001110010001111011010111100101000
00100001000010010010110011001101000001001110100
00100001000010010111011110101010101110010111110
00100001000010011010100001010001111101001001110
00100001000010001110011110010011110100111011100
00100001000010011111000100111000100101111010011
00100001000010000010101101000101111011110111101
00100001000010011010100000000101001011011111101
00100001000010010110010111011111000100111110011
00100001000010001110001110110101110111110011000
00100001000010001011001111110110110111001101111
00100001000010010001110011000101111100110100111
00100001000010010001011011011011101101011111100
00100001000010011101110111001011101110101111011
00100001000010011111101110001011011101111110011
00100001000010001111111110011111101001110011101
00100001000010001011110110010100111110001101001
00100001000010010110111111001011110011011111001
00100001000010011101100011001101110111111110101
00100001000010010111111111110101110011011010110
00100001000010001111111011101011011000111101101
00100001000010001001101010001010110101001110011
00100001000010001110001100011011000101110101111
00100001000010010010111110010111111001010011101
00100001000010010111111101110000011011110111101
00100001000010001010111100111111101111001101111
00100001000010011010000111000111101011110011100
00100001000010011011101101111110001000101110011
00100001000010010000110111101001101101100110110
00100001000010010110111110111111101001100011110
00100001000010010111110100100101110011100111001
00100001000010010111110111011011000111011111111
00100001000010011111111101000101101010101001001
00100001000010001100001100111101100101110110011
00100001000010001011001101111010110110111111111
00100001000010000111110011110110111001100110011
00100001000010011011011001111101101011111100101
00100001000010011111000100100110110110101010110
00100001000010011101100111001111011110111110111
00100001000010011110010010111101011111110111101
00100001000010011010011101011000111011111010010
00100001000010001001111011010111110101110101011
00100001000010000010100111100110001001010000111
00100001000010001110100011111110001010111011111
00100001000010011100100101001011000010111000101
00100001000010001110111001110111101101001010111
00100001000010001110101111100010100110100000101
00100001000010010101111011010101111010111011111
00100001000010011010110110010011111110101111110
00100001000010010011101110010111010101111111101
00100001000010011100111101001001010001101100111
00100001000010001110001000111101101011101110110
00100001000010011001110101100000111100011001110
00100001000010001011110111101101000111011101001
00100001000010011111110111010101110110001111001
00100001000010010101110101001111111001100101101
00100001000010011111001101011011010000010110001
00100001000010001101110001110011001100111110011
00100001000010000011100000001011110110110101111
00100001000010010101101110111011000011100010001
00100001000010011101111111101101111001111101100
00100001000010000101001011111100111111000101100
00100001000010001110000110110111010010101011000
00100001000010001010110110100110111011010111111
00100001000010011110011111111111010011011011001
00100001000010011101011000111110101111110111111
00100001000010011111110111011100000011000011111
00100001000010001001001001110110101011011101111
00100001000010010111011111001110101011110111101
00100001000010011111111110000001101110110111101
00100001000010011110110011100011101111011111001
00100001000010000010111111001101001000110001110
00100001000010010110100101011001111011101011111
00100001000010010101000011111100100011110010110
00100001000010010101111111110110011011100100011
00100001000010001110011000111110110111101110111
00100001000010011111101110110111001010101011100
00100001000010010111100001011111111111011111101
00100001000010001111100011110100110111100001110
00100001000010001010000111011110011111000111111
00100001000010011111100111111111010111011001011
00100001000010001111111111111111011101111110111
00100001000010010100110111110110101011001111110
00100001000010010111000111010000110101111101001
00100001000010010110010110111111111001011101011
00100001000010010011110011101101110101100011111
00100001000010000101110110110111111111101010010
00100001000010011111101001110100011011001101111
00100001000010001000011111101011111101111110111
00100001000010000010011001101000111110101111111
00100001000010011110101101101110011011001101100
00100001000010010110100010010110001110101101101
00100001000010011100001111001110110111101110011
00100001000010010110101110101010100100111101101
00100001000010001110110101111101111011110011111
00100001000010000110011000001011111101100111011
00100001000010001101111111110011100011111001011
00100001000010011111100101000001100001010011000
00100001000010001101101111010110010100100011011
00100001000010010111110111011111111101101101010
00100001000010010000010001111101111000111111011
00100001000010000011000110001011100011100111110
00100001000010010011010000101011000100111001110
00100001000010011101011011101100111101101011110
00100001000010001110100110011111101111001011101
00100001000010011110101110000111000000110010111
00100001000010000011111001110001100111011110111
00100001000010010010101011000111110101110010011
00100001000010000010111100111111001111111011111
00100001000010000111101111011101001001111111011
00100001000010010101111111101111110110100111000
00100001000010010001101001110001001111110011101
00100001000010001111101000001110100100000000110
00100001000010010101110011111001111010110101111
00100001000010011010111011111011111000100110111
00100001000010001101101111111110111101110011010
00100001000010010100110110111110101001010111101
00100001000010001110001111111111111110111101110
00100001000010001010011111111101111110101110110
00100001000010010111011010111000111111110100010
00100001000010010001101101111111111001111101111
00100001000010010110010101100011110111100111111
00100001000010000001101001011001101111111100111
00100001000010000111011101111011011111100110010
00100001000010010111011000000110110101011010110
00100001000010001110010000111111111110110111111
00100001000010010010011001101110111100111111101
00100001000010010110111110111110010100001101110
00100001000010011010111111001100111110011111111
00100001000010001111111111111101110011111111111
00100001000010010001101101111100010110111000011
00100001000010011001011111111110111101011100111
00100001000010010110000111111011111001011010111
00100001000010011111110111010111110111111111101
00100001000010010110100101011111101101001011110
00100001000010010101100101000010111111101111111
00100001000010010011111111101111010111100110111
00100001000010010011010101100010100000110110100
00100001000010010110010111110011100111101000110
00100001000010011001101101111111110110110001111
00100001000010010110111111111011110100001110101
00100001000010011111000011111110111110001101010
00100001000010001110001101011100111111100000111
00100001000010011110000001110000011111111001111
00100001000010011111010011010111111101111000000
00100001000010011110111111110110010011101111011
00100001000010000001001011100111110100011001101
00100001000010011011001111101101010101001111011
00100001000010011111000111111100011111011111100
00100001000010010011111000011101110101111111110
00100001000010010010111111000000111101111001011
00100001000010001010110011000100011011100010111
00100001000010000110001011111011001010110110101
00100001000010010100011001110101001010000110011
00100001000010011101010111001101101111101000001
00100001000010000000011001111111001100111010010
00100001000010011000100001010101111100010111100
00100001000010010111100101000010110001110111111
00100001000010011110101111101100101111000111110
00100001000010010110001010101010111101110010111
00100001000010000011111101011111011111110110001
00100001000010011010101111110110100101011001110
00100001000010010011000101110000100010111011100
00100001000010001110010011100110111001111111001
00100001000010000100011011100000010111110110001
00100001000010011101111101110110111111011101001
00100001000010011101001110101010111101110111010
00100001000010011110101110101000111101101101111
00100001000010010110111100110010101100000111110
00100001000010010010011010001111111111111110101
00100001000010011111101011101011111110101101111
00100001000010001010110011101101111011000111001
00100001000010011101010111010010000011011111100
00100001000010001111110101110111011010001100101
00100001000010011011101010011111011101011011111
00100001000010011011011011111111111110101111111
00100001000010011111100011101111101111010100110
00100001000010000001001000111000101011001101110
00100001000010010111010110110100100001001101111
00100001000010001001111101001011111110111110110
00100001000010011001111100110000111011100101101
00100001000010011100101110111111011100101111110
00100001000010000101100100110110001101111111011
00100001000010001101101111101101010110001011100
00100001000010010111001010100101010100011110110
00100001000010001110011110010010100111001011001
00100001000010011111100001001110111100101111010
00100001000010000011101100111101101011110111111
00100001000010000111100110110100101111111001101
00100001000010001001001101111011101111011101011
00100001000010001101000110001101100101001010010
00100001000010001111011011111000101111001010010
00100001000010001110010101101101110001111011010
00100001000010010000111111011011000110011001111
00100001000010001011111000011010011011111010100
00100001000010010100100111101111011101111111100
00100001000010011110111011011101110100011100111
00100001000010001001110111101010011101101010011
00100001000010001100101111111111010010111110001
00100001000010000010011110011111011010011010011
00100001000010000011011101110011111110111010101
00100001000010011001101110101001101111010111101
00100001000010011111010101101100111110111001101
00100001000010001111101101111101111111111010011
00100001000010010011001101110110011111110110111
00100001000010000011000111101110011010010011110
00100001000010010111100010101111011111001110110
00100001000010010111111111000111110110101111111
00100001000010001111100010101011111101110001101
00100001000010011111110011101101110111000111010
00100001000010011100110100111111010101101010100
00100001000010010101011111111010111101111000110
00100001000010011111111110101000101000110110000
00100001000010011111011001111011111010100110101
00100001000010011111110011100011100010010101011
00100001000010011110010111111011001101111011110
00100001000010011011011011110111110011011111110
00100001000010001101101111100111000111001111100
00100001000010010101111111011110100100011101000
00100001000010011101010001111101010001001011001
00100001000010011010101111010101100111010001110
00100001000010011100011001011011111001111111100
00100001000010011111110101101011010101100110111
00100001000010010000010101100111010010100001111
00100001000010001100111110110110110010100111011
00100001000010010001001000110111111010001010110
00100001000010001100111111111100111110000110010
00100001000010011110010010101001010001101110110
00100001000010001011010110010100100001001011010
00100001000010011111001110101111101000010111000
00100001000010001011011001001011111000010011111
00100001000010010111110010111100110111100111001
00100001000010001010111100110011010111111111011
00100001000010011111111110010011011011101101011
00100001000010010110111101100011111101110111000
00100001000010010011010100111110010001100101101
00100001000010011111001110101111010100111111011
00100001000010010011100111011111011111101001100
00100001000010001100001111100111101111110000101
00100001000010011101101010011011000011111111001
00100001000010001101010011011111100000111111111
00100001000010011011101011110101111111111111111
00100001000010011110100011100110101100011111101
00100001000010001110111011101110010111010001001
00100001000010010011110011111011010011111100010
00100001000010011001100011111101010111111010001
00100001000010011011011101000010011010111000111
00100001000010010110100111001100101111111101010
00100001000010010100101101011010011001101101101
00100001000010010111011001011111001100101101101
00100001000010010111010110011011111010111101110
00100001000010011110110101101111111010101011100
00100001000010011011101100111101100101110010011
00100001000010010111111010110100110011011001110
00100001000010011010011001011110010111001000111
00100001000010011001110110111011011110111110001
00100001000010011111011001001111100101011101011
00100001000010011111101111000100010001111111101
00100001000010000111100011101011111110010010111
00100001000010000010011101010101011101110001111
00100001000010010100100110011100111110110010011
00100001000010010110000011011010101010111111000
00100001000010010010111000110101111000111111111
00100001000010001111001110111110011101100110011
00100001000010001111101101010011111101001011001
00100001000010000101001100001111100010001110111
00100001000010011111000101001110110111111101111
00100001000010010011100110001011101100010101110
00100001000010001011011001011110010111101111010
00100001000010010001001111011101010111001110101
00100001000010011111111111011100111111100011111
00100001000010010111001111001011111110001111101
00100001000010011101101000111101110011100100111
00100001000010001111101110111011111011011111110
00100001000010001111011010011001101110111011000
00100001000010000011110011010010111111111110111
00100001000010010010110001010011010110101101110
00100001000010000110010101110111101111111111011
00100001000010010110101101111010101101101000100
