000000000000000000001000000000001000000000000000001000000000000000000000001000000000000000001000000000000000000000001000000000001000001000000000000000000000000000000000000000000000001000000000
001000000000001000000000001000001000000000000000000000001000000000000000000000000000001000001000000000001000000000001000000000000000000000001000001000000000001000000000000000000000000000001000
000000000000001000000000000000000000001000001000001000001000000000000000000000000000000000001000000000000000001000000000001000000000000000000000000000000000001000000000000000000000000000000000
001000000000001000001000001000000000000000001000000000000000000000001000000000000000000000000000001000000000000000000000001000001000001000000000000000001000001000001000001000000000000000000000
001000000000000000001000000000000000000000000000000000000000001000001000001000001000001000000000000000000000000000000000000000000000001000001000000000001000000000000000000000001000000000001000
001000001000000000001000001000001000000000000000000000000000000000000000000000001000001000001000000000001000000000001000000000001000000000001000000000001000000000001000000000001000000000000000
001000000000001000000000000000000000000000001000000000001000000000000000000000000000000000001000001000000000001000001000000000000000000000000000001000001000001000001000001000001000000000000000
000000001000001000000000000000000000001000000000001000000000001000000000001000000000001000001000000000000000000000000000000000001000001000000000000000000000001000000000000000000000001000000000
000000000000000000001000000000001000000000000000001000001000000000001000000000000000001000001000000000000000001000000000000000001000001000001000000000000000001000001000001000000000000000001000
000000000000001000001000000000000000001000001000001000000000001000001000000000001000000000000000000000000000000000000000000000001000001000000000000000000000000000001000001000001000000000000000
000000001000000000001000001000001000000000000000000000000000000000001000000000000000000000001000000000001000000000001000000000001000001000000000001000000000000000001000000000001000001000000000
000000001000001000000000000000000000000000001000000000000000000000000000001000000000000000000000001000001000000000001000000000001000001000000000001000000000000000000000000000000000000000000000
001000000000001000000000000000000000000000000000001000000000001000000000001000000000001000000000000000000000000000001000001000000000000000001000000000001000000000000000001000000000000000001000
000000000000000000001000000000001000000000000000000000001000001000001000000000000000001000001000001000000000000000000000000000001000000000000000001000001000000000001000000000001000000000000000
000000001000001000000000000000001000000000000000000000000000000000001000000000000000000000000000000000001000000000000000000000001000000000001000001000000000001000000000000000001000000000000000
000000001000000000001000001000001000000000001000000000001000001000000000000000001000000000000000000000000000001000000000000000000000000000000000000000001000000000001000000000000000000000001000
000000000000001000000000000000000000001000000000000000001000001000000000000000000000000000000000001000000000000000000000001000000000000000001000001000001000000000001000000000000000001000000000
001000001000000000000000000000000000000000000000001000001000001000000000000000001000001000000000001000001000000000001000000000001000001000001000000000000000000000000000000000001000000000000000
000000001000001000000000000000000000001000001000000000001000000000001000000000000000000000001000000000001000001000000000000000000000001000000000000000000000001000000000001000001000001000001000
001000001000001000000000001000000000001000000000000000000000000000000000001000001000001000001000000000000000001000000000000000000000000000001000000000000000001000000000001000001000001000000000
001000000000001000000000000000000000000000001000000000001000000000000000000000001000000000000000000000001000001000000000001000001000000000001000001000001000000000000000000000000000000000000000
001000001000001000000000000000001000000000000000001000000000001000000000001000001000000000000000000000001000000000000000000000000000000000000000000000001000000000001000000000000000000000000000
001000001000001000000000001000000000000000001000001000001000000000000000001000000000001000000000000000000000001000001000000000000000001000000000000000000000001000000000001000000000000000000000
001000000000001000001000001000000000001000001000001000000000001000000000000000000000001000000000001000000000000000000000000000000000000000000000001000000000000000000000000000000000000000001000
001000000000000000001000001000001000000000000000000000000000001000001000000000000000000000000000001000001000000000000000001000000000000000001000000000001000000000000000000000000000001000000000
001000001000000000000000000000001000000000001000001000000000000000001000000000000000000000001000001000001000001000000000000000000000000000000000001000000000001000001000000000000000001000000000
001000001000000000000000001000000000000000000000000000000000000000000000000000000000001000000000000000000000000000000000000000001000000000000000000000000000000000000000000000001000000000001000
000000001000001000000000001000000000001000001000000000001000000000001000000000000000000000000000000000000000000000000000000000000000000000001000001000001000000000001000000000001000001000001000
001000000000001000000000000000000000000000001000001000000000000000001000001000000000000000001000000000001000000000000000000000000000001000001000001000000000001000000000001000000000000000001000
001000001000000000001000000000000000000000000000001000000000000000000000000000000000000000001000001000001000001000000000000000000000000000000000000000001000000000001000000000001000001000000000
000000001000000000000000000000000000000000000000000000001000000000001000000000001000001000000000001000000000000000001000001000000000001000000000001000000000000000000000000000000000001000001000
000000001000001000000000000000000000000000000000001000000000001000000000000000000000001000000000000000000000000000001000001000000000000000000000000000001000000000001000000000000000001000000000
000000000000000000000000000000000000000000001000001000000000001000001000000000000000000000000000000000001000000000000000000000000000001000000000001000001000000000000000001000000000000000001000
000000001000000000000000001000000000000000001000001000001000001000001000001000001000000000001000000000001000001000000000000000000000001000001000000000000000001000000000001000001000001000000000
001000000000001000000000001000000000001000001000001000000000001000000000000000000000001000000000000000001000001000001000001000001000001000000000000000001000001000001000001000001000001000001000
001000000000000000001000001000000000000000001000000000000000001000000000000000000000000000000000001000000000000000001000000000001000000000000000001000000000000000000000001000000000001000000000
000000000000000000000000001000000000000000000000001000000000000000000000001000000000000000001000000000000000000000001000000000000000001000001000000000001000001000000000000000000000000000000000
000000001000001000000000000000001000000000000000000000000000000000000000000000000000000000001000000000001000001000001000001000000000000000000000000000000000001000001000000000000000001000000000
001000000000000000001000000000001000000000001000001000000000000000000000000000001000001000001000000000001000001000000000000000001000000000001000000000000000000000000000000000001000000000000000
000000000000000000000000000000000000000000000000000000000000000000001000000000000000001000001000000000001000000000000000000000000000000000000000000000000000000000000000000000000000001000001000
001000000000000000000000000000001000001000001000000000000000001000000000001000001000000000000000001000001000000000001000001000000000001000001000001000000000001000001000000000001000001000001000
000000000000000000000000001000001000000000000000001000000000000000000000000000000000000000001000000000001000001000001000000000000000000000000000001000000000000000000000000000000000001000001000
001000001000001000001000001000001000000000001000001000001000000000000000000000000000000000000000001000001000001000000000000000000000001000001000000000000000000000000000001000000000000000000000
001000000000000000000000000000000000000000001000001000000000001000001000000000000000000000000000001000000000000000001000001000000000000000001000000000001000001000001000000000000000001000000000
000000001000000000000000000000001000000000001000001000000000001000000000000000000000000000001000000000001000000000001000001000001000000000000000000000001000000000000000001000000000000000000000
000000000000001000000000001000000000000000000000001000000000001000000000000000001000000000000000001000000000001000000000000000000000001000001000000000001000000000001000001000000000001000001000
000000000000001000000000000000000000000000001000000000001000000000000000000000001000000000001000000000000000000000001000001000000000000000000000000000001000000000001000000000001000000000001000
000000001000000000001000000000001000000000000000000000001000001000000000000000000000001000001000000000001000000000000000000000000000000000000000001000000000000000001000001000001000001000000000
001000001000001000000000000000001000000000001000000000000000001000001000000000001000000000001000001000000000000000000000001000000000001000001000001000001000000000000000000000000000000000001000
000000000000001000001000000000000000000000000000000000001000000000001000001000001000001000001000000000000000000000001000001000001000000000000000001000000000000000001000000000000000001000001000
001000000000000000001000000000000000001000000000000000000000000000000000000000000000000000000000000000001000001000001000000000000000000000000000000000000000001000001000001000000000000000000000
000000000000001000000000000000000000000000000000001000000000000000001000000000000000001000000000000000001000000000000000000000001000000000001000000000000000001000000000000000001000000000000000
001000001000000000000000001000000000000000001000001000000000000000000000000000000000000000000000001000000000000000001000001000000000001000000000000000001000000000000000000000001000000000000000
000000000000000000000000001000000000000000001000001000001000001000001000000000001000000000000000000000000000000000001000000000000000000000001000000000000000000000000000000000000000001000000000
000000000000000000000000001000000000000000000000000000000000000000001000000000000000000000000000000000000000000000001000001000000000000000000000001000000000000000000000001000001000000000001000
000000001000000000000000001000001000000000001000001000000000001000000000000000001000000000000000000000000000000000001000000000001000000000000000000000000000000000000000000000000000000000000000
001000000000000000000000000000000000001000001000000000000000000000000000000000000000001000001000001000000000000000000000000000000000001000001000000000000000000000001000000000000000000000000000
001000001000001000000000001000000000001000000000001000000000001000000000000000000000000000001000000000001000000000000000001000001000001000000000000000001000000000000000000000000000000000001000
000000001000001000001000000000000000001000000000001000000000000000000000000000001000001000000000000000000000000000000000001000000000001000001000001000000000000000001000001000001000000000001000
000000000000001000000000000000000000000000000000000000000000000000000000000000001000001000000000000000000000000000000000000000001000000000000000000000000000001000000000000000001000000000000000
001000001000001000001000000000001000000000001000000000001000000000000000000000000000001000001000000000000000000000000000000000000000000000001000000000000000000000000000000000001000000000000000
000000000000000000001000001000000000000000001000000000000000000000001000000000001000000000001000001000000000001000000000001000001000001000000000000000001000001000000000000000000000000000000000
000000001000000000001000000000000000001000000000001000001000000000000000000000001000000000000000000000001000000000001000000000001000001000000000000000000000000000000000001000000000001000000000
000000001000001000000000000000000000000000001000001000001000000000000000000000000000000000001000001000001000001000000000000000000000001000001000000000001000000000001000000000000000001000001000
000000001000000000000000000000000000000000000000000000000000000000000000000000000000001000001000000000000000000000001000000000001000000000001000001000001000001000001000000000000000001000000000
001000001000001000000000000000001000000000001000000000001000001000000000000000000000000000000000000000000000000000000000000000000000001000001000001000000000001000001000000000000000000000000000
000000000000001000000000001000000000001000000000000000001000000000000000000000000000001000001000001000000000000000001000001000000000000000000000000000000000001000000000000000001000000000000000
001000001000000000001000000000000000000000000000000000001000000000000000001000000000000000001000001000000000001000000000001000001000000000000000001000001000000000000000001000000000001000001000
000000000000000000001000000000000000001000000000000000000000001000000000000000000000000000001000000000001000000000000000001000001000000000000000000000000000000000001000001000001000000000001000
000000000000000000000000001000000000001000000000000000000000000000000000000000000000000000001000000000000000000000000000000000001000001000000000000000000000001000001000001000000000000000001000
000000001000001000000000000000000000000000000000000000000000001000000000001000000000000000001000000000001000000000000000000000000000001000000000001000000000000000000000000000001000000000001000
000000001000000000000000000000001000001000000000001000000000001000001000000000001000000000000000000000000000000000000000000000001000000000001000001000000000001000000000000000001000000000000000
000000000000000000001000000000001000000000000000001000000000000000001000001000000000000000000000001000001000001000000000001000000000001000000000000000000000000000000000000000001000001000001000
000000000000000000000000000000001000001000000000001000001000000000000000001000001000001000001000000000001000001000000000001000000000000000000000001000000000001000000000000000001000000000000000
001000000000000000000000000000000000001000001000001000001000000000000000000000000000000000001000000000001000000000000000000000000000000000000000000000000000000000001000001000000000000000000000
000000000000000000000000000000000000000000000000000000000000000000000000001000000000000000000000000000000000000000001000001000001000000000000000001000000000001000000000001000000000000000000000
