0101111011111101100101001001111000011100011010001101011101111100000100100010110011000110011000000010100000110000101011011110000010101000101111110110001111100000101100000100100111111010100000001111000101110101000100101000000010101100101111010000001100000000101111111110000100100010000000001000001101000010001011000000000011101111100001110101100000000000101011000000100001110000000000001000100101000111010000000000000011001000010011101100000010001011
0001011111000111111010001100111011101000001110000010100100111011010101001001000101001010010010001100100100011000110010101000000111011100111111110101100000000001111100100111010101000101101010110010011000101000001101010110111010110010010011011101110000010010100011010010101111111001011001011100010001011110010110110001100000001101010010100101111100110001000010110100101110101011100100110000010100100101111011101010001000110100010001101001011011110101
0000001100101110100100110001111100010011110101000101010101100100001010100000010101011001000001111010000111000101110000100011101011100000110101110111011011111000010111110000011000011000000010011110111001000100100100010110101101001000000111011111110010000110000000011001000011011101101111011100110110010001111110000110100101000101101010000111010000100101000110111101111110001100011011000110011011110100000100010101000111010000010110010010001010001010
0110001010000110101110010001000010111101100111011001001110100000100010111001000110111010011101110100001101110001101011111001101011111111101001000000011111010110101011101100001100000001100111110111000110100100100100000000000000011110101001100101001010100101011110111111001010000001000001010001100001011000010000000101101100111101100010010010110111000101101101100001001000001000011111110111001111111101100100101000110001110011001010100101101100101101
0110010101010100010101101111100000100000010101011010100100100011100110100001010101111111010110110001001101001101100100101100001000110000010001101110101101011011111001001000110111000000101011001001110111111000011100010001101111101011110011100100101000100011001011000100100101011011010110001001001110101111110101010111001111011000111101101011110001110111111100100010010010100011101100001000100100010000010000011000010111011000101110010000011101100000
0111001110111000100010110101111011011001111110001110001111010011110000100111001010000011100101100000001101111001010101111000000011011101110111010011001000000111100000100011011100000010101101100111100101110011100011011001001100100000100011001110001100111001100001111100101101101010010011000000100001011010001000001000100100111010010011000010110010100001110011100000010111111111001000011000110101111011011001010010110101100000010101010100011001111000
0011111100001011001111100101110010001100001111101001100001001000010101010000010110100000001000100100110110011010101000101000011010010100100010100110011100011001100011010000111101000011011100100001111000000011101001101001000001010111111000001111110010111111101001001011010010100001110100100010110000100101100011001111001111100100010111001000000001011000111111011111110110101010001101001000010111010001010100111000000110110010011100000001010110100110
0011101011011010010000000110010101001010010001001001011111000110010111001000001101110011110001010101000110101000010110101000100100001011010100111110001001011000100000011100110010111000000011100100101111110000110111111011001110011010101111111000110111000010011010011111111111010101111110001011000001100111110111110001110110011111001010010011110110001111001000000011110001101000000101001101100100101101101101110101011010110100111110011100111101000101
1100110110111011100100100010110100011010110010001010100011010111100000001110001111100001110010111011010000111101000010000101100111100101110111110011000011010010010001111011011100110100000010011110110011111110110001110111001111000000011011101100011010011111001000001101000011001101100001101000110001111111000001010011110010101000010101101111101100001111000011000001010101101011011100010100111001111010111110110101010011111100100000010011100001001011
0011001011100100001001010100100100101000011101100001010101101110100111101101001001110001011010110011000010101011111010011011100000000001000010100011010001000010011111101110111001101000001011101111110101000111000110011111000101100001110001111000000000000000011100101111101010000010011111110000010110000001111110110010101010011101010000101000011000101100111011100100110110001110000111101001001011000010000011100101010110011101011000001111110011111111
0011100111100010011000010100010100100110010001111110011001010000111111100010110011001111001000010010001011111110101001011001001101010011101010011001000110011011000101010010101011110000000011010010000010010110101111001111011111101101101001001111011010111001101100111100001111000010000110110101000100000100010110101101010000111111011001001110100000101110111111101000001010101000100011111101110001010010000001011101100100010010011100001100010000101111
1101110101101110101000011101100111110001110111110011101111111011010001010001111111110000110110000100010011000011111111100011101000011010111000010010100111100000101110001100100010100111100101011100011110100100010011101101010001000101110001100100101101111001001110010111111110001110110011011010111011011100110101100000101000111110000000110001001101000110000011111100011010110010101011111110101100011011001000011100010010110110111111101000111100010011
0110110011111110101101000001010100110000100000011100011010111111001001001011010011001110101001100000110001110011100111111110101100010100100100101000111101000011111001100000101111011100111110100011100111110101110000011000001100110110010010000011001110101001110110011011100111110100110011001000000010010111101000100010101101011100000111010101000010101100110111001011100011110100011010011000100111101111110100001100010011001100010110001101111101010111
0001110101101010111010001011101011010011000011000011010011111000100010010110100111011101000101001010100111001111111011101101010011001101101001111010011001111001011001010110101001000100111111111101100001011111101100010111101110001011011101100010010010101010101110010100010111100101001101101010101011000111010100011010110001000001001001000011000010011000010001000001010110111100001110001010110110100110101001000111101000100010110000110100010001111110
1000000000100001001111000000101101001001101100000010011010101101100010101110001011010110111111110110110000100110101000101001000011010111000100001100100001101000100010100011100011011010101100101000010011101110001011010010110101010100011000010000000111001110110000100000111100111011000000101111111001001011101010001100010101010111011111011111010000101001000011111010011000110100101101101111101011100010001111010101101011001100000010011100000110011110
0010111011001010100010011101001101011111110100010001011111100101101001111100101011110100010011010101101110101010100000010000001001011000101000001101111101110111010110101000111101110010001100010000001000011100010011010101010011001111000101011100011001000001100001001111010000100100000100101110001101001101100011110011100101001101011110000000111010000110111110011010000111110110000101011100001111100101110000101011100000000000000000000001001011101000
0000000000000000000000000000000000000000000000000000000000000001000000000000000000000000000000100000000000000000000000000000000000000000000000000000000000000010000000000000000000000000000010000000000000000000000000000001101100000000000000000000000000111100000000000000000000000000110111110000000000000000000000000110110000000000000000000000001101101110000000000000000000000110110001100000000000000000000011011110101000000000000000000000000000000000
