00000000000011000011010111010011000000111100110
00000000000001010101011111100110100001110111001
00000000000010100111000100110011101100000101110
00000000000001110001010000111010110000001001110
00000000000001111001110000010101011101110010100
00000000000001001010001010100101110010001001111
00000000000000111110010001001100010100011110110
00000000000001100011100101000011110110011100110
00000000000011011000010100010011110010001110001
00000000000000101100010000011001010100010001111
00000000000000110011110101101111100010001100111
00000000000111100001111001011010111010011011101
00000000000000010000100110101001001100001011001
00000000000100001110100101111111001010100011110
00000000000000101110101110001100010101101100100
00000000000011110000100000010111000010100110110
00000000000101011101010011010101001101110000010
00000000000001000111110000001111101000100010001
00000000000010110010110000001101011010100111001
00000000011100111000010100111101110101101111100
00000000000000011111100100100010110100111100011
00000000000011000111010010001110001101110110111
00000000000001011010101011111001000110001100111
00000000000001100000111001110101000111110111100
00000000000011110010101110010111001100111000110
00000000000000001111010100010101010011110100100
