00000000000000011100010110011110101110101110001
00000000000011110010010111110000000111101010110
00000000000001001000000001101000000100110011100
00000000000010000100011101110111111010101100111
00000000000010101111001011000111001101100011111
00000000000000010110001010000011001111001010001
00000000000000100010101000101011001100111010100
00000000000110101101000001011010001011011001110
00000000000110011101110000101011011101100100011
00000000000000000011111110110011011101100010000
00000000000001110100010001011110000101011011010
00000000000000011111111101000101000000001001110
00000000000001100110101100110111101001111011001
00000000000110101000010111010001111100101111110
00000000000011011011000011000011110101011011111
00000000000001110011101011100001000011111101110
00000000000001000001110110011100100100011111011
00000000000000101010010011110000011011000110100
00000000000111111000000111110001111110001111010
00000000000001111000001001110110100101010101001
00000000000101111100101110100001101011111110001
00000000001000010101101011000101001001001011110
00000000000000011110001000110000111110001110111
00000000000011110011010001010001000011100011001
00000000000000000011110100110000001110111101011
00000000000010111100101001010010001001100001101
