00000000000001010010111101110010001101011111011
00000000000011110101000101110011000100110101010
00000000000110100000111111011011111001101111110
00000000000100111010110111101101000111011110111
00000000000000100000101100111010000110011010000
00000000000011111100001101001111111110101110111
00000000000011111011011101010011010110000101000
00000000000011111011000010000111011111110100100
00000000000100011111111110000101010011010011000
00000000000001110100000011001101100001111110100
00000000001011101001011011101110110010101011111
00000000000000101101011111111010000000001110110
00000000000001110100011000001010110000111110110
00000000000001110101000010000010010011011000101
00000000000000001001011000110011101111010111011
00000000000000110011000110001000101001010101111
00000000000010011010101010010101101111000010110
00000000000001011111000011101001000000010111000
00000000001011100001111001101011011110111000111
00000000011110111101000101011011111101101000000
00000000000001011010100001011000000001010001011
00000000000010110110101011010100010111110100001
00000000000000011010111000000111101110111001010
00000000000100100100000111010110100110000101010
00000000000001100111001100010111001111100001101
00000000000010001100010000111111101001011010000
