00000000000001010111110100000000100100001111001
00000000000001000110010101101111011100010011010
00000000000000010000011111110000000011001101101
00000000000000000101010011100001011011011001110
00000000001100001110101001100100001000010011100
00000000000001011001011010110011110001010110011
00000000000010001001110110001011010010101100001
00000000000101101110101100111100011010111010001
00000000000110010101111110100000001011010010010
00000000000100000101101101101000001001100101111
00000000000100100100001010000100111000110010111
00000000000001010000111101110000010011111000110
00000000000010010010110011110111100000000001111
00000000000000001110101011101110110001100100001
00000000000000100111001100001100001000100111010
00000000000000110010111011011111110010010111011
00000000000100110011111011001010010000110101001
00000000000001010101010101111101111101001100001
00000000001001101001110010111110010100011001111
00000000000111010101000010011001110110011101000
00000000000000001010000001011110101101001111010
00000000000100111101011010110010110001110011011
00000000000100100100010001001010010010110011011
00000000000010000010010101001101010010010111011
00000000000000011100100011111110111010101101100
00000000000010011011010101000001100010111111000
