00000000000011111110100001011111101011110000110
00000000000100100110111100001010011000111111011
00000000000010001110010111000010001000110110110
00000000000100011001011011111110101111111000111
00000000000010000010100100110110101100000111010
00000000000001111010011101001011000110110001110
00000000000100101110010100101111100001000001110
00000000000000001111000000111011001000101001101
00000000000000111101001110111111110101000000110
00000000000001001001001100010100011101000000000
00000000000011110010011010000011110011101011100
00000000000010011110101101100001011111101111100
00000000000001000111010011011100000011001010001
00000000000000100001001010010111010010111100111
00000000000001001001000110101100011011100000010
00000000000001100011110101111000011000100101011
00000000000011110000111010010100001010000111001
00000000000000110001111110011111111000101100001
00000000000101110111110010111100011110100100111
00000000000000101011110010000100011110101111000
00000000000100001101001000101010111100011010101
00000000000001011000010100001110011110110011110
00000000000011000011001111000110111011100100001
00000000000000001110101101111110010000111101000
00000000000000010100111000100011000110110100100
00000000000001001000111001000111100101110101100
