00000000000010111000101001011010001001011010010
00000000000000010011111110001111100001111010100
00000000000011110110010010011011110100011001111
00000000000010110000100101011011010100010101110
00000000000101111110011001001011111001011011111
00000000000101001111011010011111100011101101110
00000000000101101000000010101110010111000110101
00000000000000001100011010101111111111110011010
00000000000101011111100110110010111000100000010
00000000000101010001000100101001110110010001111
00000000000010111110000101111011001101111101011
00000000000000111110110001111100111111011000100
00000000000001011011101101100110101100101110000
00000000000010010110011111010111010110011011011
00000000000001100000000011110100000001011101111
00000000000000101000011100111001110011100111000
00000000000010001110110011111101100110111011001
00000000000001101011111101001010100101111011001
00000000000010111011111110001110111110001001100
00000000000001111101100100000001000010110111010
00000000000011100110010000111110111111100000100
00000000001000110110111101010000100001110000011
00001000010000111001111101111111010010111111000
00000000000100010100100100010000011110110110101
00000000001000001011101011011011101010110010100
00000000000011100100101101110101100110111101100
