00000000000000000000000000000000000000000000000
00000000000000000000000000000000000000000000000
00000000000000000000000000000000000000000000000
00000000000000000000000000000000000000000000000
00000000000000000000000000000000000000000000000
00000000000000000000000000000000000000000000000
00000000000000000000000000000000000000000000000
00000000000000000000000000000000000000000000000
00000000000000000000000000000000000000000000000
00000000000000110100001010111110111000100111111
00000000000001000101100110011100101110001100110
00000000010000011000111111110111000001001000100
00000000000010111100011011101110001001110101000
00000000000110000000100111101011000110101110011
00000000000010001111101111100010101110110110101
00000000000001101110101111101100110100111011100
00000000001101100000010111111011000111100101010
00000000000001100011010100001110010111111111000
00000000000000100111001111010100011001001111000
00000000000001101101001100100001100101101110000
00000000000001000110001100110101111111111010000
00000000000000010110000101101100010101010100010
00000000000100011000111110011000010110010100010
00000000000001011000011111010100100001110100111
00000000000010100001001010001000111001110111110
00000000000110110010010010111001011001100011100
