00000000000100111110101011111000010100000110111
00000000000000101100100011001010100011111101000
00000000000011000000000110111100010001000101000
00001000010101000111100001110011001000110101010
00000000000010011111010011010110100010101000001
00000000000000111000101101000000001001111110001
00000000000110101001001011100111010010001101011
00000000000101110111001111110001000101101101001
00000000000100000100011010110110100010001001000
00000000000111010100100010000000000010100101000
00000000000010000000010001100001101000110011010
00000000000001011111100011100000111110100110101
00000000000000001011001110001011111100000000001
00000000000101011001001001110010000111110010001
00000000000000001101111010011110011010011100101
00000000000001101010000000001001001110000110001
00000000000001100011001001111000010100110101100
00000000000110101010101011101000110011000100011
00000000000000001010010100011110100001110110111
00000000001010000011111111011011110000101110000
00000000000011111001111001001111000010100010110
00001000010100011100101000100000110011011101110
00000000000001011011011000001001100100100110100
00000000000010011111011010101000100000010011110
00000000000000100111011001010111111010011011100
00000000000011110100001111110111101001101000010
