00000000000000010100001010000001000110011101001
00000000000010101111001001110010101010110001110
00000000000000010101011100100101110101111010110
00000000000000110111001111111001110100110001111
00000000000001001001110000011010110001111011010
00000000000110010110010101011001011001000001011
00000000000000011100001101101001111101010010110
00000000000010110001111011111111100101100111011
00000000000001111010000010111011000011011101101
00000000000000110101111011010011110110000110101
00000000000101101101101100010000111000100010000
00000000000000111001101011011100001000001101111
00000000000010100110000000100111100111100101110
00000000000001110100101011101111111111011111111
00000000000001111100010101100110001111011000001
00000000000101100000010100001011111100111000101
00000000010111001010111010111101011000101100110
00000000000001000111010101111111011110001111000
00000000001001111101010011101010101001011000010
00000000000000111110011010001010000100100101100
00000000000000101101010111100111111110101110111
00000000000001100100100110101010110010101100001
00000000001100010110101101010001110100101101101
00000000000011111101010111001110010000000000110
00000000000101010011111000110101000000111101001
00000000000000011111010111011100001011101011110
