00000000000000000000000000000000000000000000000
00000000000000000000000000000000000000000000000
00000000000000000000000000000000000000000000000
00000000000000000000000000000000000000000000000
00000000000000000000000000000000000000000000000
00000000000000000000000000000000000000000000000
00000000000000000000000000000000000000000000000
00000000000000000000000000000000000000000000000
00000000000000000000000000000000000000000000000
00000000000010111011011100001111001011011000101
00000000000101010001111110101010100111001001110
00000000000001110000011010011000110101001100011
00000000000001101111100010011000101110100101100
00000000000000100001001010000110010001011101110
00000000000001100100010111011111100100111101101
00000000001000000110000010111000110001010011010
00000000000000000011000001111111010101001001100
00000000000000011100011010101101110010011000101
00000000000000101101010010101000111100000110100
00000000000011000000101111111101110101010001100
00000000000111101110111100101101001010101010111
00000000000010110100001111100101100100111000110
00000000000010000010111100111101010100100100010
00000000001001110001011000000011011110011010100
00000000000011011001110111110100101010010100001
00000000000010010100101110101100101001110110010
