00000000000110000111100100111100101111110010000
00000000000000000111000000100011010101110010001
00000000000011100001110011100001011110000001110
00000000000000110010011000110010010000001111000
00000000000010000011110010101011001101010101101
00000000000000010111011000010011101010101001101
00000000000010011100101110000011111011100000111
00000000000001101110000011100001110000010101100
00000000000001111111000110100011001110010101001
00000000000100011001101100001101100110011001010
00000000000100101001111100101011110101100101101
00000000000000011100111010110000110010011011110
00000000000001101110110001101001001010100001111
00000000000001000011101101001001100101010110001
00000000000011101001010110011001010111001011110
00000000000000010011110101011110001100010111011
00000000000001100001111011100011101101111000101
00001000010001111011101111000101110110110111000
00000000000001000111010111110010011011100101010
00000000000001011011100110001110100001000100101
00000000000111101110101100100011101011110100110
00000000000001010100000011000000010011111110010
00000000000111101110011010001111000001010100110
00000000000101101001000010101001101111101001100
00000000000010110001111100101110110110100010110
00010000100000000101100010110000111010101000001
