00000000000001100000000011011110001100100110000
00000000000110011001111110000111101100100101110
00000000000011110100111000110010011000010010111
00000000000001000101100011010110000110101001110
00000000000010111010101010010001111001010110010
00000000000000000011100000000010100011100110111
00000000000010100110000101000010011100011110100
00000000000000100001001100110010111101100011010
00000000000001010111101100011111101101101110100
00000000000010010110101101110110001001111110101
00000000000001011010010010000100100010000110011
00000000000010110011110111111001111000110111010
00000000000011100110111110010011110100000000010
00000000000001010111110011111100011000110010100
00000000000101111011001101110111111101110100100
00000000000000101110100100101000011100000111010
00000000000000101010011010001010100110101001011
00000000000001000001010100000001010001100011001
00000000000011101111100101110011110110010111111
00000000000000010111001101111101000100100100100
00000000000010010000000010100110001111010011111
00000000000101110100011100011011001100001110100
00000000000010100000100101000100110100110100000
00000000000010000110000110011101110010100000101
00000000000011001110000101110111000011110101110
00000000000000111001000010100000001001010000000
