00000000000010010111000110110111001100000000010
00000000000001010001011100001000010000010001010
00000000000000010110101110011010100010001010110
00000000000100000100101100000011010010111001001
00000000000001011011011111000000100000101011011
00000000000101001010011001110101000100011001111
00000000000011110011100100111100001001111110111
00000000000000101111110010100111010010010010001
00000000000000010001000101111000010111110110011
00000000000111010011111110110011110100100000000
00000000000101111110110110100010011011001011111
00000000000101010110111111011010100011111100101
00000000000011101000000110010001010010000010110
00000000000000001110001000100011111010010100110
00000000000010000001111100101100100100011011101
00000000000000010111101010011011010010001001101
00000000000010100000100011100000110110111000000
00000000000010111000011101100010000101100010110
00000000000000011110110011001110000011011111000
00000000000000100001011011000001110000000011101
00000000000011000011011011010111110111101010111
00000000000011000001110000001000011001011010011
00000000001001111100000111111110101101011010100
00000000000010011110101010101111111111101011101
00000000000010010010110110110010100111011111110
00000000001100010110010001010010111000010011111
