00000000000000001101101001100111011100110001011
00000000010001000101011101100001100001101101001
00000000000000011110011100011000011011110110101
00000000000011111001111110001110110100000000011
00000000000010001101100010111111101111011000100
00000000000001000110010110001011011000111000101
00000000000010010101001101111111001000101000110
00000000000100100110010111100011110110101101001
00000000000000001000111000100000111101011001111
00000000000101101101101101100111101110111000101
00000000001000101110111011101101000011110010110
00000000001100010011100110110011110100010011100
00000000000110111000101000000000010000000000101
00000000000000111001110001100110001110111111111
00000000000001101011010100111100011001100110001
00000000000100100111000001001000001000101101011
00000000000011111110001011100100000110101101001
00000000001110000100010101001110001100010011100
00000000000010010101001111100100000011011001000
00000000000010010100100010110101101101010100000
00000000000011000110001101100000011110101100101
00000000000001011000101011010001100011111010010
00000000001100000001011110110000010101010001101
00000000001011011001011101010001000110111011011
00000000000001000000100000000011100001001100010
00000000000001100011101000111010111010100010001
