00000000000010011101111010011111000101101101111
00000000000010111111101111010001110000111000000
00000000000000011001111101001011000010001000101
00000000000000011011010000010011000101010000011
00000000000000101011101011110000011000101001110
00000000000001110100010000111100111010100010111
00000000011011111011011111101111101000110011100
00000000000000011111000001000000111110010010100
00000000000000010101001001100000100110000100001
00000000000101011111001010111110000011101111000
00000000000000111110111101000000100000011001111
00000000001001000011110110001100001011000001111
00000000000010010010110011110011011010000011110
00000000000100010010111001100110111111100010001
00000000001100110111100000010000000010110000110
00000000000001101110011000110010011111010111100
00000000000110001011010100111100011000101011011
00000000000011001011110101001001101110100000010
00000000000000001010001101111110110011011010100
00000000000001101001001001100010110111001001001
00000000000010100111010111101001111011100100100
00000000000110111111001101010101111000011100001
00000000000010000011010000111011000011000100100
00000000000010110111010011101111101101010011001
00000000000010100101110000100001111000100101010
00000000000000000010000111100101010011001010111
