00000000001000111010111100100011100111001111000
00000000000001001010110101100011100100001001001
00000000000011011000011101011011010110110110111
00000000000010000100010010100011010111001110100
00000000000010001101010101110100011001100110011
00000000000000101010001001100111111011101100000
00000000000110010000001101111111000011110100111
00000000000010100011010010011101101000111100000
00000000001000010000110111000100110100001111011
00000000000000001000101110000011100010001111010
00000000000000011001100110100111100100000000110
00000000001010110001010111000011111111000110110
00000000000110011100001110101011111011101111101
00000000000000010010000011110001010101011111010
00000000000000001111111011101110001011010011101
00000000000010000000000001011111100011000011010
00000000000101111100000111111010010000010000000
00000000000010100010001011100001100110000101000
00000000001100000011001000000110100011101010000
00000000000000111101000000010000111001000001110
00000000000010010101010011011000000100011111000
00000000000011011110001001010010111101010010100
00000000000001001000101101100101010101110100010
00000000000010100001010001000100111000001001001
00000000000000001101000110011001110010001011010
00000000000001011101001110101001010011111000000
