00000000000000101011111000110100110110011101010
00000000000011001100000000111001010000011111111
00000000000000101000100001110100001101111111110
00000000000001100011000001110011100001000000011
00000000000100111001000101111010011000011011100
00000000000011101110110010001001000110111100000
00000000000010000011010010110001011010101100100
00000000000011011001101111000101101011001111001
00000000001001001111011101001011001010001011010
00000000000010010011010111010010011011010100000
00000000000000001010011001101111111000000011100
00000000000000110000101000011111001011010111001
00000000000011111101000110100001110010001110000
00000000000010111101010011001100101001100101001
00000000000001011000110101111011100000100101101
00000000000001001010111011000111101111001101000
00000000011101001111000110101010001011001001101
00000000000111110101010000000111000100100011010
00000000001000111010000101000011010100011010101
00000000000001010001100101010111110110100101010
00000000000000010110110100000100011101001110010
00000000001001101101110111110011001010111101101
00000000000000000100001100111110111010010000101
00000000000001011110101111011000011000001000000
00000000000010100001000101110011010000111000100
00000000000001110010110110111100101110111110100
