00000000000001100100110100111100111001111101000
00000000000000110101011111000001001101010001101
00000000011100010011001010001101010011001110010
00000000000010001000001111000011001011111011010
00000000000101010010010111010111110100001011011
00000000000100000011111011011001101111110101000
00000000000000001110000010000001001011010111111
00000000001000010110001011111011011111001111111
00000000000001000101011000110101100011000001000
00000000000111100110111000101101101000111101100
00000000000011010010011010001011101111001000111
00000000000010100101001110010000110010111001101
00000000000010001110011110011111111010001111001
00000000000001000101001000100101001100001000000
00000000000010001100110111111001110011111001100
00000000000000001001101001001110100000101010111
00000000000101101011011100000100110010110010111
00000000000001011001010000001000010101000101011
00000000000010010001000011100000100111011110110
00000000000001010100101011111011010000001001111
00000000000001111110011010111111100101111000111
00000000000001111011101001101000010100100100111
00000000000000011110111010101001100101001010100
00000000000000111111101111010010111000111000111
00000000000100001000110010100011100000010110100
00000000000001010110111101110000010011001000011
