00000000000011110010111101101101011010110111001
00000000000000010100110111101011101101010010011
00000000000010110001110111101001001101110111110
00000000000010010100111101111100010100110101010
00000000000010001000110011010101011101111100100
00000000000011101110111101000111010110000001010
00000000000111100100010011001100010100101010101
00000000000011101001000100110010111111000000110
00000000000101011101010100010111100101000101001
00000000000010000010010010011101001010011001000
00000000000000000100001110000001001111101101010
00000000000100101011011010111101100000011110010
00000000000100111100101001101101101110100000001
00000000000011011111000011100011100110110011111
00000000000000100010001100011110010100010010100
00000000000000101100100010011111010110101110010
00000000000110110001110110111001110110001011111
00000000000000010010010111100110010010000000001
00000000000110100000100101010111011000111000111
00000000000101100110100011111111100010101101011
00000000000100110110100101111010010110111101011
00000000000110101000101111110110110010000101110
00000000000001000011011001110001111001001010011
00000000000101001111100000011001111010011010101
00000000000000001111101011010101000010010010000
00000000000001101100010111011001010001010110100
