00000000000001110100100101101010100101101000010
00000000000101101100100000010111010110001011100
00000000000000011001011101100011001001000001011
00000000000010100010100011101111010001010101001
00000000000011110011101100010110110100101010111
00000000000000110011111100001111100010010110011
00000000000000100111001101101010001111110010010
00000000000001011011110111001011100000000011110
00000000000010000000001101110001011010100110001
00000000000010010010011111010011010010010101000
00000000000000100000000111011110100001100110011
00000000000001000000100000001101111011100100000
00000000000011011111000100010100010111010100010
00000000000101000011000111110100001000100101101
00000000000101100100001100011011100000001101010
00000000000011001111000101100100010001110000100
00001000011000010110101000100010001011110000010
00000000000010101111100110010111011011101110001
00000000000000011001000011100111000000111001011
00000000000000001010100001001011100111100010110
00000000000000001011101011011100011100001011001
00000000000100110010110011000101111110000100110
00000000000011010000000101111001110011001111001
00000000000000010000011110001101100101010111011
00000000000001000100001010011011111000001111000
00000000000000001000011111111000110000100001010
