00000000000000111011001111010001100000010000000
00000000011100100010011000111101011100011000101
00000000000010111110110101111101111000101001001
00000000000001011100110000101101111000100111100
00000000000001001011010110110111110011001000001
00000000000111110000001010000010000001011110101
00000000000010110100010100001111111011100010100
00000000000000001011101010110000101111011111000
00000000000000111010101100010010101011010000001
00000000000000110101101011111101001000111110010
00000000000010100000101101110111101001001011100
00000000000010110000001101001100000011010111110
00000000000110001010101001100110101011011110110
00000000000010111101000101101000000101100100010
00000000000110111111111001010101110110001000011
00000000000000110010000101100110101010000101000
00000000000010000110001001000101011111110100111
00000000000000001111001101010000011111010101110
00000000000001110000000000111001101100000001001
00000000000010001111101010110110000101100001010
00000000000010010110100101111011110110010111111
00000000000000111001100011001100011100101110110
00000000000100010001000000000000111100101000010
00000000000000010111010011101101001110100001101
00000000000010011011111011101111011001100111011
00000000000000010111111001000101010001101101000
