00000000001010100110100011110000011110110011010
00000000000100110100100001011010110010101011111
00000000000111001100111111010110011101111111110
00000000000000111100100100111000001100011110101
00000000000101011000001011110101000001000101010
00000000000100010101011100100111111100010111101
00000000000010111010011010001110100010101011100
00000000000000101101100111010110100011001111001
00000000000010100110011010000000001111010010111
00000000000010001100001001100101011011011010100
00000000000001100010010000001010001010101110010
00000000000111010001000000111011101111111011101
00000000000011111100011000100000111100000001100
00000000000001110101000001100111110010000011110
00000000000011101011100000111111110011001001000
00000000000000010110011001100001111001000001010
00000000000000011101100000110111011111111000000
00000000000100100011010101001011000101111000110
00000000000010011001111001100000101000010011111
00000000000010010110001001111111101100111010001
00000000000011000110111100101001111011100001101
00000000000001011000100111100110110000101001010
00000000000000010010111011010001100010101100010
00000000000010011011010101101110111111001111111
00000000000001010111101110110111111010011100010
00000000000001010010100000000110001001111110100
