00000000000000100001100110101100010101101111001
00000000000001110000110001000100100010100100111
00000000000000011000001100101111000110011101010
00000000000000010110010110001101001101001001111
00000000000010001001001111010010010110011011100
00000000001000011111110011000000001000001101110
00000000000001111001011000101101011101000011111
00000000000010101100110101011010011000001000101
00000000000010011110000001111100100001010011010
00000000000100001100101001111101100110111000111
00000000000001110101000101000101100000100011011
00000000000100011101011010100010001011111001110
00000000000101010110100100100110001100111001000
00000000000001001110100010001101111100110100010
00000000001100110001111101100001001101111001010
00000000000100001011011011101011110011111101001
00000000000110010110000011100011100000111101110
00000000000000001111011110001111001001100111000
00000000000011110000110100000000001001111110100
00000000000110010010001110001010101000011111000
00000000011101111010101011010101101010011000101
00000000000000010100001011100111010101100011101
00000000000000101011000111001011100010100011010
00000000000000100110001010010001011100101111101
00000000000101100101000111000000110001001101011
00000000000001100000101010000111000010001101100
