00000000000101010101111101001011110111101010000
00000000000000011011000111010101111100000101111
00000000000100110011100101110000011100111100001
00000000000000010110000110001111000001010101001
00000000000010000111101010111110101010101111101
00000000000100000110010110001001111000011010111
00000000000000101100000010010110000111100110100
00000000001000010001011101100101110100100100101
00000000000100111010001011011011100010000000100
00000000000010000000011000001111100101101001110
00000000000111000011001111001101010010101010100
00000000000010010000100110110001111101101100100
00000000000010001110001011110001011000001111111
00000000000000111000101101011110011011101101110
00000000000010000001001111100111100000111011000
00000000000001111100001010010001011000001011010
00000000000110011110111110111111000000100100110
00000000000101110000111101101100010000100111101
00000000000010100100010010100100100000011011011
00000000000000010001111100101101101110110011001
00000000001010000110100100101000000010111011000
00000000000001001011000110111110011101010011110
00000000000100000011111011000000101001001010110
00000000000111000000100010100111001111111000100
00000000000100110010101100101011110101010101011
00000000000110111011100110111110101000010011111
