00000000000000001010011001011010101011010000100
00000000000001011000111001001001100000001001111
00000000000110011000011100000011011000011100101
00000000000010101101110011101111110111010000000
00000000000000110011111011100000101100100100000
00000000000011011100111110110010111011011000000
00000000000000000100011001010011010001110101011
00000000000001111110001100101001011100111101001
00000000000011101001011001011011100010111101111
00000000000011100111111110110000001100010011110
00000000000000011000110010010011110110010111001
00000000000001010011010111011011110100011000100
00000000000000101000111110011001011010001111111
00000000001001100100100011100001100011001100100
00000000000011000101001100001011111100101011011
00000000000010001010100001001000001010100000110
00000000000010011001000010101101100001001111101
00000000000000101000110100111110000001001111100
00000000001100111001001110001001100000100110011
00000000000010100010000000001111010010111000111
00000000000000011001111011100100001000011000100
00000000000011110001100001001110100110100010111
00000000000001101111110101110010100100101110100
00000000000101001111111101100111000011000000001
00000000000100001100111110100100111011010110001
00000000000001101100000010101100001011101000011
