00000000000100011100111111100010111000110000110
00000000000000000010100100100000000010001111111
00000000000000110000101000111100110101011111110
00000000000001010010101100100010110011010101011
00000000000100111000000010101010011110100001100
00000000000000010101001110011011010101111000100
00000000000001101110110100010010110110010001010
00000000000000001101111011100101001110110000000
00000000000010100000000100010101000100000010110
00000000011100001000101000010000111001001101101
00000000000101011111011010011000100101010001010
00000000000010101110011001000010100001111010010
00000000000011100111010011011111111111011000100
00000000000001000010011011000001000101100110011
00000000000101100110110010111101110111110001000
00000000000011000010000010111011000100000100100
00000000000010110001000000011100011111010000101
00000000000001001000011001101101000110100001110
00000000000000000000100001010000000101111010001
00000000000110100000010010010011000011111110000
00000000000000000111111001011101101111100110010
00000000000010101100101010100110000111111101101
00000000000101111010011110001000000001100000111
00000000000000110101111110111101111111111110010
00000000000011010011100011101100100011011000100
00000000000011101000101001111011111111001111111
