00000000000011101001110100000110010011111111010
00000000000010111001101010001001001111110110101
00000000000010000010110011010010011011100001101
00000000000001010001110001001001100000010101001
00000000000000110101100101110001110000100001111
00000000000011110100010100011110001111100101110
00000000000001000011111110000110010111010010010
00000000000010011010010110010101110010111011111
00000000000000111010110101110101110110001010111
00000000000101101011110100100011110000010010101
00000000000000110011001100111101001000100101111
00000000000101100110101000010100011011111110100
00000000000100011001011111111000010101100100111
00000000000100010110101100001100101100100011101
00000000000110000101110111110000111011011110111
00000000000010100010011101100010001111101100111
00000000000010110010100010000101101111000010101
00000000000000000011011000011101111111111010111
00000000000001010111010101111011010100001011110
00000000000011011101001110010001000110000000100
00000000001100010001011100110011111011101000111
00000000000000100101001001011101100111110010010
00000000000011110110100001110110110101110111010
00000000000000101111110000000110100000010001100
00000000000010001100101100000110110100000100111
00000000000000011001011101000001011000011010001
