00000000000000101011111011101010101001010011010
00000000000100111010011001101110001110010101011
00000000000011101111011011000010000011010111000
00000000000001011111101101001010001010010011100
00000000000010101011101100011011100010110100111
00000000001000001111110000000101011110101011011
00000000000010011000101111000011111011101001010
00000000000111010111000110100100001110111100001
00000000000001011101011100100011010011101011001
00000000000001010010100001001010101110000010110
00000000001011000010101101111000111100000000100
00000000000010001101110111010111001000011011001
00000000000110110100000101010100011000101111100
00000000000101100111100101011011101011010100000
00000000000010000110010101101111101111000011000
00000000000011111001110000010001110000110101011
00000000000000001100101010010010101011000110001
00000000000001111010111100101001011110110010100
00000000000000001010010000001011110111111101000
00000000000101111110000110011100101110100101010
00000000001010000001101110011100001100011001010
00000000000001111011000100011010111110011001110
00000000000000010101111111110001010110111101000
00000000000101011110000010101011011010101011001
00000000000001110010000110100100010000101110100
00000000000001101011101001111100111010010110010
