00000000000010110110011110011101001000001000101
00000000000010111010010010101001011100100011110
00000000000000100000100101111110011101001100001
00000000000101011001000111011000011010111001001
00000000000100001100111011010111000111000100010
00000000000010001000110000000111111100111011011
00000000001001001100001111110011011101011011100
00000000000000110010100110110010011010000111010
00000000000100010000000110011100011011011010110
00000000000101100110111100110111000100001110101
00000000000010001011001110001110001010011010001
00000000000101000000101110110011101101110011101
00000000000000101111110110000100101100100111010
00000000000000001000001010100101000010101101111
00000000001010101010011100100001100100100100001
00000000000011011101011100000011011011101001110
00000000000000000110100111000100110110110001111
00000000001000010011100100111110111101011000101
00000000000000010001110100101011010100011000100
00000000000011111000000101011111010010101110001
00000000000010110100000110000010010011101010010
00000000000100000101000101100011111110010100101
00000000000111110010111111101010001101111100000
00000000000000111001101000010111100011101010110
00000000000000100001010111010010010001000101100
00000000000100110100111010110101000001000110011
