00000000000110010001101011010111011111011000000
00000000000010100001001110001100010100001011111
00000000000010111101110110011100100010010100010
00000000000010010110110111111001000000110011011
00000000000000001111000001100101111100010101110
00000000011001011000000110101101111101110101101
00000000000000101111100111101110100100101000101
00000000000010111010110000001100010011100111010
00000000000001110010010110001110101100110101101
00000000000000010011010001000011110000000011001
00000000000000011000000010100110000011010001110
00000000000000010111100110011101000011111011111
00000000001001110001011011111111111000000010001
00000000000001010001111010010110111110011010111
00000000011000001001101101011110001001111000000
00000000000001100000101011101100100000100000001
00000000000000000010110001011010110101001001110
00000000000111000011001011010000010010010010111
00000000000000011001001010111010011110010110001
00000000000010000111000011101100101000100110010
00000000000010111001000000101000100100001110011
00000000000000011101011000000110101101101010010
00000000000101001000100111100110110100010010011
00000000010001010011100000110010000000010100000
00000000000000001110111001000000010001111110000
00000000000111100000010011000001111100111101100
