00000000000000110100110000010100001000111110111
00000000000000101100000100010001111011101000111
00000000000011111001010110100101010011011000000
00000000000001000111110010111101010010110111100
00000000000111011000000001011100110010000000000
00000000000000010100010011111001001101011111011
00000000000011110011000000010011011000101111001
00000000000000101000010000000110100100100000100
00000000000011110001110010111011110010100111001
00000000000010000110100100110001010111111110001
00000000000001000101111100100110000100011101111
00000000000110010010100110000011101011101100100
00000000000001110000101001100110111011100100110
00000000000000110000010010100111110100010001010
00000000000100000100100100100011101011100011110
00000000000000011010100101111100010011101101110
00000000000010010100010100011000000010010101111
00000000000000011011100111101101010101110000100
00000000000001100001001100000101111011100101011
00000000000000101100110101100101001111011111000
00000000001010101000110011101110100110110001100
00000000011111110011101101010111100011000101001
00000000000010110101010001011100110010010010111
00000000011101001111111111010111111011000001001
00000000000010101100100100111001101010110000111
00000000000011001111110010100110000000001001111
