00000000010000111000111011000101001010000011100
00000000000000111011001011101011100111001110111
00000000000011000011001010101110001011111010011
00000000011010111110100101101010010101101101101
00000000000010101011011000100010000101000111011
00000000000100011110000111010000111100100001001
00000000000001001001011101100001010110110001011
00000000000000001100000111010000101001001010011
00000000000000010110101100110110000011000010010
00000000000010111100000000010000011010110110101
00000000000010100011111111110110000100101000010
00000000000001000000101110110010110010111111011
00000000000001000111010001110011111111100010010
00000000000011011101011110100000011011001101111
00000000000011000011011010011110000110110100100
00000000000010001111111011111000001011000010110
00000000000001111111001000000010010111011011010
00000000000000001101110000100000111100001110100
00000000000000110111011001110011010010111001000
00000000000000101100110111101101000101110101110
00000000000010110101101110011011001111111010100
00000000001011010011001010110101100111110000010
00000000000000111110100111011111000111110010100
00000000000010110111100111100100110111111100001
00000000000000110100010001000000000110111001010
00000000000000101000110100100001000100001110011
