00000000000011001101010111011011001100000010011
00000000000010011110011010011010001101111011100
00000000000001010111111110111000100000000001100
00000000000001011010000101111101011011110101011
00000000001001010010000000110001011000100100000
00000000000001100101010001010110100110111001111
00000000001001101010111111001110101111110100111
00000000000000010110111000100110010110011101110
00000000000011111001100111111001000010001111001
00000000000000111100100011010110000010101111110
00000000000000011000110111011010001010100000101
00000000000000110100111100010011101110010010110
00001000010110100010110010001110111000011111011
00000000000001100101011011111101111001011101000
00000000000000110110011000001101000100101001101
00000000000011010001010011110010100010111110001
00000000000000101110101010001100011001011000011
00000000000000101011111111100110110100001110001
00000000001010001100100011110101100100011101010
00000000000000110011111001010111101110000100100
00000000000100011100010000010110111110111100010
00000000000010110100000010100001110111000111001
00000000000000011101000100000011110100111101001
00000000000000110110100000000000100011110011011
00000000000010001000111011110110110011010111100
00000000000001000110100110101111110010100000111
