00000000000000001010010101111101100011001000101
00000000000011100010111101011101001101011000101
00000000000001110001010010011101100100011011001
00000000000000001100001001101001100101001000011
00000000000101100000111001001100100011101010101
00000000000001111011011011010011101001100110001
00000000000100100101010100101111000000100110101
00000000000001001001100110111100111100001101100
00000000000011011110101000000110101101010010111
00000000000110011111010000010011010010100000000
00000000000011101001001000111100001001001010111
00000000000000110100100000011001000101101011101
00000000000000001111101011100110100101111010110
00000000000011010100001010100100100100111111101
00000000000010101101100000110111010011110111011
00000000000011101010111000111100111111001010011
00000000000010011011000000001100010011111101011
00000000000001000110110110101100111101011010110
00000000001011101111111011000110010100111010111
00000000000000111101000010010010101111011111111
00000000000001001010111100111000101110100101100
00000000000001011000111110011001010110001100010
00000000000001110011111110011100101000110110010
00000000000010110010001011100000110010100010111
00000000000000101000101110011001000001110011011
00000000000000100101001000000011101101001011100
