00000000000000110001100001001010101111101101011
00000000000001000111001111010101001111011010111
00000000000001100000001100110011101100001110110
00000000000001001100100001110011101011101101111
00000000001001001101101011100111001010111100111
00000000000001011000110011011011100000011110001
00000000000100101110100111110011110000110000010
00000000000001010101110010111001100001110010001
00000000000000011010101001100010001101011100110
00000000000000011000111011000110101111110000101
00000000000111001101000100010011100010111100001
00000000000000111110111111010001010011101010100
00000000000101000000011111010110010100100000111
00000000000001010111001101001101010000000100011
00000000000010001111110000001110101101010111110
00000000000011110001101010111001010000110110010
00000000000001010100101111010001111000100000011
00000000001010100100100110001100011101000010101
00000000000000101100101010000100110111110010111
00000000000101011000100001101110111011110101000
00000000000100010110011000011101000110010111100
00000000000001111010010010010100101101111000110
00000000000011111100110101010111100111110100001
00000000000111011110110110010001000010110001011
00000000000001111011001110101100101010011000100
00000000000000110010110101011110010110101100111
