00000000000010000110100101101000101110100101100
00000000000000011111101001110011110011010100000
00000000000101100000100100000111110010111011100
00000000000101010011110011111100001011100000101
00000000001000001000000111010011111110011101110
00000000000110101111100001110001000001110000000
00000000000000011110111010110010011001101011110
00000000000000000101100110000100010011100010011
00000000000000110000100010101101011000110110010
00000000000011100111100101000000010100111110111
00000000000001011111000010100010000100001011100
00000000000011011111010110111110000111111001100
00000000000101011100011110011110001000010001011
00000000000010110010000000111110101100111011101
00000000000010101010110100111001000110001101100
00000000000100110010100110111111100100010010001
00000000000001000011101011110000010100110100110
00000000000010101001001001010111011111111011010
00000000000110100100001100011010001000000011111
00000000000100000100001010011100101010110010111
00000000001011100110111110001111011001010110110
00000000000010101101110100110100000101100001001
00000000000011110111001011000000111001111000011
00000000000000001001110011001111110100011100000
00000000000000001000010010101000111010110110110
00000000000000011111010100100111000111110101111
