00000000000100000001110100111001110000000100011
00000000000101111111000000101101101111100010111
00000000000010110001000110001101000011101100100
00000000000010010111010111111110101111100000001
00000000000000011000110110111010110101100000101
00000000000011111100110000011111101111110101010
00000000000000101110111111110001111101011011101
00000000000110100010001010001010101010011000101
00000000000000110111101100010101000000010111000
00000000000000010110000110101101111111101011110
00000000001000000110011001001111011001110000101
00000000000001110011011110101110011010010100111
00000000000110100010011100010100101000011000000
00000000000001100111100101011000010100110011001
00000000000110110100101111100001001111001111100
00000000000011101011100100100100001001111111010
00000000001001100000111011100001110011011111000
00000000000101111101000011101101001010101011001
00000000000011111010110111101111000101010110001
00000000000001011100110000010011010100000110001
00000000000010101101010111101111011101100100001
00000000000010100100000001000001101101101110010
00000000010011001010001000110000111110101001011
00000000000101001111111110001001111000011100010
00000000000000110010001110010110000111001000111
00000000000100100100010110010100100100110110111
