00000000000101000101111011001001010101001000100
00000000000000111011001100101001001111010011101
00000000000000001100011101011010000000111111011
00000000000000000000001111010100000000110011001
00000000000010100011000110110001110101011000111
00000000000011000000010001100101100010111000000
00000000000001111100100101110011100001010100110
00000000000000101101100000111011101110000110011
00000000001100100011100001101100000110100011010
00000000000010111111101111000000101011100100110
00000000000011011001110001111000100010011011110
00000000000011100011010101011101111011110110010
00000000000000111011011010000010111101001111101
00000000001000011100100111010010010011101001000
00000000000000001110100001100000110101110001011
00000000000010011011000011111111101010111011100
00000000001100010111101000011000011001011100010
00000000000000101011100001011110011111010100000
00000000001011101011100010011001100100100101000
00000000000010100100010100010110101011001001000
00000000000100111101111011111011010101100101100
00000000000110000110111110111010001000010001110
00000000000001110111110101001000001100010110011
00000000000001000000010111000010001110001011011
00000000000001010101110101100100000011011110010
00000000000000000110000001100011010010100100100
